State_Or_UT,Years,Cause,Male_upto_14_years,Male_15_to_29_years,Male_30_to_44_years,Male_45_to_59_years,Male_above_60_years,Total_Male,Female_upto_14_years,Female_15_to_29_years,Female_30_to_44_years,Female_45_to_59_years,Female_above_60_years,Total_Female,Grand_Total,Age_upto_14_years,Age_15_to_29_years,Age_30_to_44_years,Age_45_to_59_years,Age_above_60_years
ANDHRA PRADESH,2001,Bankruptcy,0,40,48,42,9,139,2,10,7,5,0,24,163,2,50,55,47,9
ANDHRA PRADESH,2001,Suspected/Illicit Relation,0,10,12,7,0,29,2,21,16,0,0,39,68,2,31,28,7,0
ANDHRA PRADESH,2001,Cancellation/Non-Settlement of Marriage,0,20,4,1,0,25,7,40,1,1,0,49,74,7,60,5,2,0
ANDHRA PRADESH,2001,Infertility,0,11,6,0,0,17,0,31,4,6,0,41,58,0,42,10,6,0
ANDHRA PRADESH,2001,Illness (Aids/STD),1,39,22,30,4,96,4,68,30,10,5,117,213,5,107,52,40,9
ANDHRA PRADESH,2001,Cancer,0,13,17,17,1,48,0,3,2,8,1,14,62,0,16,19,25,2
ANDHRA PRADESH,2001,Paralysis,0,6,5,21,12,44,0,9,10,9,7,35,79,0,15,15,30,19
ANDHRA PRADESH,2001,Insanity/Mental Illness,1,110,171,53,33,368,2,112,82,52,25,273,641,3,222,253,105,58
ANDHRA PRADESH,2001,Other Prolonged Illness,47,432,576,568,131,1754,48,342,328,273,83,1074,2828,95,774,904,841,214
ANDHRA PRADESH,2001,Death of Dear Person,0,5,4,4,1,14,0,36,27,2,2,67,81,0,41,31,6,3
ANDHRA PRADESH,2001,Dowry Dispute,0,1,0,0,0,1,0,159,41,1,0,201,202,0,160,41,1,0
ANDHRA PRADESH,2001,Divorce,0,1,2,0,0,3,0,9,3,0,0,12,15,0,10,5,0,0
ANDHRA PRADESH,2001,Drug Abuse/Addiction,0,4,8,10,1,23,1,0,1,0,0,2,25,1,4,9,10,1
ANDHRA PRADESH,2001,Failure in Examination,13,84,0,0,0,97,6,44,0,0,0,50,147,19,128,0,0,0
ANDHRA PRADESH,2001,Fall in Social Reputation,0,18,18,17,7,60,0,23,14,11,1,49,109,0,41,32,28,8
ANDHRA PRADESH,2001,Family Problems,12,492,553,285,42,1384,20,437,315,133,28,933,2317,32,929,868,418,70
ANDHRA PRADESH,2001,Ideological Causes/Hero Worshipping,0,2,1,3,0,6,0,3,1,2,0,6,12,0,5,2,5,0
ANDHRA PRADESH,2001,Illegitimate Pregnancy,0,0,0,0,0,0,0,18,0,0,0,18,18,0,18,0,0,0
ANDHRA PRADESH,2001,Love Affairs,3,84,12,0,0,99,3,65,8,0,0,76,175,6,149,20,0,0
ANDHRA PRADESH,2001,"Physical Abuse (Rape,Incest Etc.)",0,9,3,0,0,12,5,30,8,0,1,44,56,5,39,11,0,1
ANDHRA PRADESH,2001,Poverty,7,110,123,73,27,340,4,39,41,19,3,106,446,11,149,164,92,30
ANDHRA PRADESH,2001,Professional/Career Problem,0,7,22,18,5,52,0,6,1,5,1,13,65,0,13,23,23,6
ANDHRA PRADESH,2001,Property Dispute,0,11,18,19,1,49,0,8,22,13,3,46,95,0,19,40,32,4
ANDHRA PRADESH,2001,Unemployment,0,35,41,6,0,82,3,7,1,2,0,13,95,3,42,42,8,0
ANDHRA PRADESH,2001,Causes Not known,35,234,254,107,47,677,17,155,93,61,15,341,1018,52,389,347,168,62
ANDHRA PRADESH,2001,Other Causes,54,280,293,285,48,960,61,196,142,84,17,500,1460,115,476,435,369,65
ANDHRA PRADESH,2001,Total,173,2058,2213,1566,369,6379,185,1871,1198,697,192,4143,10522,358,3929,3411,2263,561
ANDHRA PRADESH,2001,Total Illness,49,600,791,689,181,2310,54,534,452,352,121,1513,3823,103,1134,1243,1041,302
ANDHRA PRADESH,2002,Bankruptcy,0,26,56,40,6,128,0,4,7,1,0,12,140,0,30,63,41,6
ANDHRA PRADESH,2002,Suspected/Illicit Relation,0,18,10,3,0,31,0,12,11,0,0,23,54,0,30,21,3,0
ANDHRA PRADESH,2002,Cancellation/Non-Settlement of Marriage,0,19,4,1,0,24,0,24,6,0,0,30,54,0,43,10,1,0
ANDHRA PRADESH,2002,Infertility,0,2,2,0,0,4,0,12,11,0,0,23,27,0,14,13,0,0
ANDHRA PRADESH,2002,Illness (Aids/STD),3,47,99,44,18,211,2,43,62,10,17,134,345,5,90,161,54,35
ANDHRA PRADESH,2002,Cancer,1,2,10,18,14,45,0,6,17,9,8,40,85,1,8,27,27,22
ANDHRA PRADESH,2002,Paralysis,0,10,8,9,12,39,0,0,0,2,2,4,43,0,10,8,11,14
ANDHRA PRADESH,2002,Insanity/Mental Illness,5,135,162,82,38,422,8,74,111,60,17,270,692,13,209,273,142,55
ANDHRA PRADESH,2002,Other Prolonged Illness,17,418,707,783,213,2138,23,397,335,209,83,1047,3185,40,815,1042,992,296
ANDHRA PRADESH,2002,Death of Dear Person,1,2,12,3,0,18,1,9,2,1,0,13,31,2,11,14,4,0
ANDHRA PRADESH,2002,Dowry Dispute,0,10,2,0,0,12,0,229,17,4,0,250,262,0,239,19,4,0
ANDHRA PRADESH,2002,Divorce,0,2,0,0,0,2,0,3,8,1,0,12,14,0,5,8,1,0
ANDHRA PRADESH,2002,Drug Abuse/Addiction,0,3,8,7,0,18,0,1,0,0,0,1,19,0,4,8,7,0
ANDHRA PRADESH,2002,Failure in Examination,17,147,5,0,0,169,7,78,8,0,0,93,262,24,225,13,0,0
ANDHRA PRADESH,2002,Fall in Social Reputation,1,10,10,7,1,29,1,8,4,0,0,13,42,2,18,14,7,1
ANDHRA PRADESH,2002,Family Problems,17,440,601,349,71,1478,33,325,295,134,29,816,2294,50,765,896,483,100
ANDHRA PRADESH,2002,Ideological Causes/Hero Worshipping,0,0,2,1,0,3,0,0,0,0,0,0,3,0,0,2,1,0
ANDHRA PRADESH,2002,Illegitimate Pregnancy,0,0,0,0,0,0,0,13,0,0,0,13,13,0,13,0,0,0
ANDHRA PRADESH,2002,Love Affairs,0,109,52,3,0,164,4,75,13,0,0,92,256,4,184,65,3,0
ANDHRA PRADESH,2002,"Physical Abuse (Rape,Incest Etc.)",0,10,8,4,0,22,1,5,2,0,0,8,30,1,15,10,4,0
ANDHRA PRADESH,2002,Poverty,3,114,213,152,35,517,4,27,57,21,4,113,630,7,141,270,173,39
ANDHRA PRADESH,2002,Professional/Career Problem,0,1,4,0,0,5,0,1,2,0,0,3,8,0,2,6,0,0
ANDHRA PRADESH,2002,Property Dispute,3,23,32,52,17,127,0,6,25,3,12,46,173,3,29,57,55,29
ANDHRA PRADESH,2002,Unemployment,0,50,27,9,0,86,0,3,1,0,0,4,90,0,53,28,9,0
ANDHRA PRADESH,2002,Causes Not known,13,215,249,134,46,657,14,117,61,41,17,250,907,27,332,310,175,63
ANDHRA PRADESH,2002,Other Causes,20,360,548,234,60,1222,41,332,319,76,44,812,2034,61,692,867,310,104
ANDHRA PRADESH,2002,Total,101,2173,2831,1935,531,7571,139,1804,1374,572,233,4122,11693,240,3977,4205,2507,764
ANDHRA PRADESH,2002,Total Illness,26,612,986,936,295,2855,33,520,525,290,127,1495,4350,59,1132,1511,1226,422
ANDHRA PRADESH,2003,Bankruptcy,2,36,103,55,6,202,1,5,19,5,1,31,233,3,41,122,60,7
ANDHRA PRADESH,2003,Suspected/Illicit Relation,1,22,32,14,0,69,2,18,24,3,0,47,116,3,40,56,17,0
ANDHRA PRADESH,2003,Cancellation/Non-Settlement of Marriage,1,15,7,3,0,26,1,17,6,0,0,24,50,2,32,13,3,0
ANDHRA PRADESH,2003,Infertility,0,2,3,1,0,6,0,15,11,0,0,26,32,0,17,14,1,0
ANDHRA PRADESH,2003,Illness (Aids/STD),4,73,95,43,14,229,7,94,53,15,8,177,406,11,167,148,58,22
ANDHRA PRADESH,2003,Cancer,0,23,33,15,4,75,0,18,24,16,2,60,135,0,41,57,31,6
ANDHRA PRADESH,2003,Paralysis,0,3,2,4,3,12,0,0,1,0,2,3,15,0,3,3,4,5
ANDHRA PRADESH,2003,Insanity/Mental Illness,7,159,247,94,28,535,20,108,101,56,14,299,834,27,267,348,150,42
ANDHRA PRADESH,2003,Other Prolonged Illness,17,345,488,530,201,1581,31,296,276,209,67,879,2460,48,641,764,739,268
ANDHRA PRADESH,2003,Death of Dear Person,0,8,6,18,4,36,0,1,3,5,3,12,48,0,9,9,23,7
ANDHRA PRADESH,2003,Dowry Dispute,0,2,28,19,0,49,6,239,33,6,0,284,333,6,241,61,25,0
ANDHRA PRADESH,2003,Divorce,0,1,2,0,0,3,0,5,5,7,0,17,20,0,6,7,7,0
ANDHRA PRADESH,2003,Drug Abuse/Addiction,0,3,18,9,1,31,0,0,0,0,0,0,31,0,3,18,9,1
ANDHRA PRADESH,2003,Failure in Examination,17,109,11,0,0,137,22,71,8,0,0,101,238,39,180,19,0,0
ANDHRA PRADESH,2003,Fall in Social Reputation,1,11,29,20,5,66,3,9,13,6,1,32,98,4,20,42,26,6
ANDHRA PRADESH,2003,Family Problems,31,494,625,293,78,1521,34,332,334,150,33,883,2404,65,826,959,443,111
ANDHRA PRADESH,2003,Ideological Causes/Hero Worshipping,0,11,30,14,5,60,2,19,4,3,0,28,88,2,30,34,17,5
ANDHRA PRADESH,2003,Illegitimate Pregnancy,0,0,0,0,0,0,0,20,3,0,0,23,23,0,20,3,0,0
ANDHRA PRADESH,2003,Love Affairs,6,119,31,1,0,157,2,80,16,1,0,99,256,8,199,47,2,0
ANDHRA PRADESH,2003,"Physical Abuse (Rape,Incest Etc.)",0,6,25,0,0,31,3,12,4,0,0,19,50,3,18,29,0,0
ANDHRA PRADESH,2003,Poverty,11,125,249,161,22,568,5,38,54,18,12,127,695,16,163,303,179,34
ANDHRA PRADESH,2003,Professional/Career Problem,0,0,19,10,1,30,0,2,6,2,3,13,43,0,2,25,12,4
ANDHRA PRADESH,2003,Property Dispute,0,29,59,41,7,136,1,12,25,8,2,48,184,1,41,84,49,9
ANDHRA PRADESH,2003,Unemployment,0,52,39,4,0,95,0,7,10,0,0,17,112,0,59,49,4,0
ANDHRA PRADESH,2003,Causes Not known,27,200,208,117,40,592,27,92,52,32,19,222,814,54,292,260,149,59
ANDHRA PRADESH,2003,Other Causes,30,422,457,279,78,1266,30,175,119,67,34,425,1691,60,597,576,346,112
ANDHRA PRADESH,2003,Total,155,2270,2846,1745,497,7513,197,1685,1204,609,201,3896,11409,352,3955,4050,2354,698
ANDHRA PRADESH,2003,Total Illness,28,603,865,686,250,2432,58,516,455,296,93,1418,3850,86,1119,1320,982,343
ANDHRA PRADESH,2004,Bankruptcy,0,120,331,196,38,685,0,19,19,23,5,66,751,0,139,350,219,43
ANDHRA PRADESH,2004,Suspected/Illicit Relation,0,31,29,6,0,66,1,33,19,6,0,59,125,1,64,48,12,0
ANDHRA PRADESH,2004,Cancellation/Non-Settlement of Marriage,0,16,4,0,1,21,0,19,2,0,0,21,42,0,35,6,0,1
ANDHRA PRADESH,2004,Infertility,0,0,5,6,0,11,0,22,17,3,0,42,53,0,22,22,9,0
ANDHRA PRADESH,2004,Illness (Aids/STD),1,77,89,36,23,226,7,82,51,12,6,158,384,8,159,140,48,29
ANDHRA PRADESH,2004,Cancer,0,4,47,25,10,86,0,8,18,24,4,54,140,0,12,65,49,14
ANDHRA PRADESH,2004,Paralysis,0,0,3,19,18,40,0,5,14,8,9,36,76,0,5,17,27,27
ANDHRA PRADESH,2004,Insanity/Mental Illness,2,79,170,137,33,421,5,82,92,43,17,239,660,7,161,262,180,50
ANDHRA PRADESH,2004,Other Prolonged Illness,8,463,553,356,195,1575,29,438,344,165,70,1046,2621,37,901,897,521,265
ANDHRA PRADESH,2004,Death of Dear Person,0,8,16,20,12,56,0,9,5,1,6,21,77,0,17,21,21,18
ANDHRA PRADESH,2004,Dowry Dispute,0,4,2,0,2,8,0,223,57,5,0,285,293,0,227,59,5,2
ANDHRA PRADESH,2004,Divorce,0,4,1,4,0,9,0,6,5,1,0,12,21,0,10,6,5,0
ANDHRA PRADESH,2004,Drug Abuse/Addiction,0,19,18,9,1,47,0,0,2,3,0,5,52,0,19,20,12,1
ANDHRA PRADESH,2004,Failure in Examination,8,90,16,0,0,114,16,52,7,0,0,75,189,24,142,23,0,0
ANDHRA PRADESH,2004,Fall in Social Reputation,0,5,24,7,7,43,0,3,2,6,0,11,54,0,8,26,13,7
ANDHRA PRADESH,2004,Family Problems,21,534,674,367,76,1672,26,433,299,112,35,905,2577,47,967,973,479,111
ANDHRA PRADESH,2004,Ideological Causes/Hero Worshipping,0,2,1,0,0,3,2,1,1,0,0,4,7,2,3,2,0,0
ANDHRA PRADESH,2004,Illegitimate Pregnancy,0,0,0,0,0,0,0,12,1,0,0,13,13,0,12,1,0,0
ANDHRA PRADESH,2004,Love Affairs,1,139,32,11,0,183,7,95,11,1,0,114,297,8,234,43,12,0
ANDHRA PRADESH,2004,"Physical Abuse (Rape,Incest Etc.)",0,1,2,0,0,3,0,6,12,2,0,20,23,0,7,14,2,0
ANDHRA PRADESH,2004,Poverty,4,191,392,360,101,1048,4,82,99,82,27,294,1342,8,273,491,442,128
ANDHRA PRADESH,2004,Professional/Career Problem,0,13,33,33,19,98,0,2,14,2,0,18,116,0,15,47,35,19
ANDHRA PRADESH,2004,Property Dispute,0,51,87,59,7,204,0,12,22,8,4,46,250,0,63,109,67,11
ANDHRA PRADESH,2004,Unemployment,0,51,65,25,0,141,0,9,8,1,0,18,159,0,60,73,26,0
ANDHRA PRADESH,2004,Causes Not known,10,200,256,172,93,731,10,94,68,42,31,245,976,20,294,324,214,124
ANDHRA PRADESH,2004,Other Causes,40,460,598,327,166,1591,35,212,155,139,96,637,2228,75,672,753,466,262
ANDHRA PRADESH,2004,Total,95,2562,3448,2175,802,9082,142,1959,1344,689,310,4444,13526,237,4521,4792,2864,1112
ANDHRA PRADESH,2004,Total Illness,11,623,862,573,279,2348,41,615,519,252,106,1533,3881,52,1238,1381,825,385
ANDHRA PRADESH,2005,Bankruptcy,2,163,363,221,49,798,2,30,44,22,3,101,899,4,193,407,243,52
ANDHRA PRADESH,2005,Suspected/Illicit Relation,0,17,9,5,4,35,1,11,23,2,0,37,72,1,28,32,7,4
ANDHRA PRADESH,2005,Cancellation/Non-Settlement of Marriage,0,19,1,0,0,20,1,20,3,1,0,25,45,1,39,4,1,0
ANDHRA PRADESH,2005,Infertility,0,2,2,0,0,4,0,21,13,4,0,38,42,0,23,15,4,0
ANDHRA PRADESH,2005,Illness (Aids/STD),6,87,157,105,47,402,12,161,76,38,27,314,716,18,248,233,143,74
ANDHRA PRADESH,2005,Cancer,0,18,13,37,21,89,0,3,2,21,36,62,151,0,21,15,58,57
ANDHRA PRADESH,2005,Paralysis,0,10,34,36,59,139,1,13,7,15,23,59,198,1,23,41,51,82
ANDHRA PRADESH,2005,Insanity/Mental Illness,1,101,204,122,64,492,5,103,110,73,39,330,822,6,204,314,195,103
ANDHRA PRADESH,2005,Other Prolonged Illness,17,368,405,369,196,1355,40,385,300,189,92,1006,2361,57,753,705,558,288
ANDHRA PRADESH,2005,Death of Dear Person,0,16,20,17,15,68,0,5,9,5,2,21,89,0,21,29,22,17
ANDHRA PRADESH,2005,Dowry Dispute,0,0,0,0,0,0,0,166,66,1,0,233,233,0,166,66,1,0
ANDHRA PRADESH,2005,Divorce,0,1,3,0,0,4,0,4,4,0,0,8,12,0,5,7,0,0
ANDHRA PRADESH,2005,Drug Abuse/Addiction,0,1,10,6,0,17,0,2,0,0,0,2,19,0,3,10,6,0
ANDHRA PRADESH,2005,Failure in Examination,5,107,15,2,0,129,12,91,4,0,0,107,236,17,198,19,2,0
ANDHRA PRADESH,2005,Fall in Social Reputation,0,7,3,22,2,34,0,3,3,1,0,7,41,0,10,6,23,2
ANDHRA PRADESH,2005,Family Problems,30,516,625,362,111,1644,36,387,298,155,92,968,2612,66,903,923,517,203
ANDHRA PRADESH,2005,Ideological Causes/Hero Worshipping,0,0,2,1,2,5,0,1,2,1,0,4,9,0,1,4,2,2
ANDHRA PRADESH,2005,Illegitimate Pregnancy,0,0,0,0,0,0,0,11,0,0,0,11,11,0,11,0,0,0
ANDHRA PRADESH,2005,Love Affairs,2,97,26,4,0,129,3,107,15,0,0,125,254,5,204,41,4,0
ANDHRA PRADESH,2005,"Physical Abuse (Rape,Incest Etc.)",0,1,0,1,0,2,1,1,0,1,0,3,5,1,2,0,2,0
ANDHRA PRADESH,2005,Poverty,3,164,303,299,117,886,4,54,87,58,30,233,1119,7,218,390,357,147
ANDHRA PRADESH,2005,Professional/Career Problem,0,2,1,1,0,4,0,0,0,0,0,0,4,0,2,1,1,0
ANDHRA PRADESH,2005,Property Dispute,2,28,41,33,5,109,1,4,17,15,1,38,147,3,32,58,48,6
ANDHRA PRADESH,2005,Unemployment,0,57,37,10,0,104,0,6,4,0,0,10,114,0,63,41,10,0
ANDHRA PRADESH,2005,Causes Not known,22,171,196,137,94,620,8,91,71,29,12,211,831,30,262,267,166,106
ANDHRA PRADESH,2005,Other Causes,53,491,708,366,158,1776,34,224,202,102,62,624,2400,87,715,910,468,220
ANDHRA PRADESH,2005,Total,143,2444,3178,2156,944,8865,161,1904,1360,733,419,4577,13442,304,4348,4538,2889,1363
ANDHRA PRADESH,2005,Total Illness,24,584,813,669,387,2477,58,665,495,336,217,1771,4248,82,1249,1308,1005,604
ANDHRA PRADESH,2006,Bankruptcy,2,142,354,252,63,813,0,34,62,23,12,131,944,2,176,416,275,75
ANDHRA PRADESH,2006,Suspected/Illicit Relation,0,11,21,1,0,33,1,22,16,0,0,39,72,1,33,37,1,0
ANDHRA PRADESH,2006,Cancellation/Non-Settlement of Marriage,0,13,5,1,0,19,0,40,9,1,0,50,69,0,53,14,2,0
ANDHRA PRADESH,2006,Infertility,0,2,4,2,0,8,0,22,13,2,0,37,45,0,24,17,4,0
ANDHRA PRADESH,2006,Illness (Aids/STD),0,78,109,36,25,248,9,95,66,22,4,196,444,9,173,175,58,29
ANDHRA PRADESH,2006,Cancer,0,27,16,15,7,65,2,4,23,2,1,32,97,2,31,39,17,8
ANDHRA PRADESH,2006,Paralysis,0,1,23,36,17,77,0,7,7,2,14,30,107,0,8,30,38,31
ANDHRA PRADESH,2006,Insanity/Mental Illness,12,133,140,129,49,463,38,118,97,33,26,312,775,50,251,237,162,75
ANDHRA PRADESH,2006,Other Prolonged Illness,35,492,571,411,212,1721,33,488,335,126,84,1066,2787,68,980,906,537,296
ANDHRA PRADESH,2006,Death of Dear Person,2,11,9,9,1,32,0,3,5,3,3,14,46,2,14,14,12,4
ANDHRA PRADESH,2006,Dowry Dispute,0,6,1,0,0,7,0,139,32,0,0,171,178,0,145,33,0,0
ANDHRA PRADESH,2006,Divorce,0,5,2,0,0,7,0,5,4,1,0,10,17,0,10,6,1,0
ANDHRA PRADESH,2006,Drug Abuse/Addiction,0,11,15,9,6,41,0,0,0,0,1,1,42,0,11,15,9,7
ANDHRA PRADESH,2006,Failure in Examination,12,99,12,0,0,123,7,83,0,0,0,90,213,19,182,12,0,0
ANDHRA PRADESH,2006,Fall in Social Reputation,0,7,11,8,2,28,3,8,7,3,0,21,49,3,15,18,11,2
ANDHRA PRADESH,2006,Family Problems,17,624,647,352,80,1720,28,446,275,97,34,880,2600,45,1070,922,449,114
ANDHRA PRADESH,2006,Ideological Causes/Hero Worshipping,0,2,3,0,0,5,1,1,0,0,0,2,7,1,3,3,0,0
ANDHRA PRADESH,2006,Illegitimate Pregnancy,0,0,0,0,0,0,0,5,0,0,0,5,5,0,5,0,0,0
ANDHRA PRADESH,2006,Love Affairs,7,128,32,11,0,178,3,87,10,1,0,101,279,10,215,42,12,0
ANDHRA PRADESH,2006,"Physical Abuse (Rape,Incest Etc.)",0,0,3,1,0,4,0,3,1,1,0,5,9,0,3,4,2,0
ANDHRA PRADESH,2006,Poverty,11,142,362,229,40,784,17,52,67,74,26,236,1020,28,194,429,303,66
ANDHRA PRADESH,2006,Professional/Career Problem,0,22,22,22,6,72,0,1,13,2,0,16,88,0,23,35,24,6
ANDHRA PRADESH,2006,Property Dispute,1,38,77,29,4,149,1,8,8,2,2,21,170,2,46,85,31,6
ANDHRA PRADESH,2006,Unemployment,0,55,38,17,2,112,0,9,6,0,0,15,127,0,64,44,17,2
ANDHRA PRADESH,2006,Causes Not known,11,210,261,171,72,725,11,68,54,35,20,188,913,22,278,315,206,92
ANDHRA PRADESH,2006,Other Causes,59,437,540,291,102,1429,41,239,247,153,64,744,2173,100,676,787,444,166
ANDHRA PRADESH,2006,Total,169,2696,3278,2032,688,8863,195,1987,1357,583,291,4413,13276,364,4683,4635,2615,979
ANDHRA PRADESH,2006,Total Illness,47,731,859,627,310,2574,82,712,528,185,129,1636,4210,129,1443,1387,812,439
ANDHRA PRADESH,2007,Bankruptcy,0,115,324,200,109,748,1,36,31,25,1,94,842,1,151,355,225,110
ANDHRA PRADESH,2007,Suspected/Illicit Relation,0,24,22,2,2,50,1,19,15,0,0,35,85,1,43,37,2,2
ANDHRA PRADESH,2007,Cancellation/Non-Settlement of Marriage,0,12,2,0,0,14,1,36,6,0,0,43,57,1,48,8,0,0
ANDHRA PRADESH,2007,Infertility,0,6,6,4,0,16,0,22,8,6,0,36,52,0,28,14,10,0
ANDHRA PRADESH,2007,Illness (Aids/STD),3,58,101,48,58,268,2,43,71,56,9,181,449,5,101,172,104,67
ANDHRA PRADESH,2007,Cancer,1,22,36,22,42,123,0,2,33,10,12,57,180,1,24,69,32,54
ANDHRA PRADESH,2007,Paralysis,0,1,16,31,27,75,0,2,17,19,21,59,134,0,3,33,50,48
ANDHRA PRADESH,2007,Insanity/Mental Illness,9,151,241,206,74,681,20,176,104,61,40,401,1082,29,327,345,267,114
ANDHRA PRADESH,2007,Other Prolonged Illness,23,500,585,406,188,1702,32,492,310,153,95,1082,2784,55,992,895,559,283
ANDHRA PRADESH,2007,Death of Dear Person,0,8,12,1,1,22,2,8,2,3,3,18,40,2,16,14,4,4
ANDHRA PRADESH,2007,Dowry Dispute,0,0,0,0,0,0,0,177,24,2,0,203,203,0,177,24,2,0
ANDHRA PRADESH,2007,Divorce,0,1,2,0,0,3,0,1,2,0,0,3,6,0,2,4,0,0
ANDHRA PRADESH,2007,Drug Abuse/Addiction,0,8,19,8,6,41,0,1,3,0,0,4,45,0,9,22,8,6
ANDHRA PRADESH,2007,Failure in Examination,10,103,15,0,0,128,23,69,2,8,0,102,230,33,172,17,8,0
ANDHRA PRADESH,2007,Fall in Social Reputation,2,8,12,2,2,26,0,5,6,2,0,13,39,2,13,18,4,2
ANDHRA PRADESH,2007,Family Problems,20,620,702,374,91,1807,31,384,286,122,30,853,2660,51,1004,988,496,121
ANDHRA PRADESH,2007,Ideological Causes/Hero Worshipping,0,1,4,1,0,6,0,1,0,0,0,1,7,0,2,4,1,0
ANDHRA PRADESH,2007,Illegitimate Pregnancy,0,0,0,0,0,0,0,1,0,0,0,1,1,0,1,0,0,0
ANDHRA PRADESH,2007,Love Affairs,6,135,51,1,0,193,16,103,4,0,0,123,316,22,238,55,1,0
ANDHRA PRADESH,2007,"Physical Abuse (Rape,Incest Etc.)",0,4,1,0,0,5,2,5,1,0,0,8,13,2,9,2,0,0
ANDHRA PRADESH,2007,Poverty,7,182,395,275,109,968,3,46,96,77,15,237,1205,10,228,491,352,124
ANDHRA PRADESH,2007,Professional/Career Problem,0,21,70,29,5,125,1,16,9,3,1,30,155,1,37,79,32,6
ANDHRA PRADESH,2007,Property Dispute,0,34,52,31,12,129,2,11,11,0,2,26,155,2,45,63,31,14
ANDHRA PRADESH,2007,Unemployment,0,77,93,57,0,227,7,38,11,3,0,59,286,7,115,104,60,0
ANDHRA PRADESH,2007,Causes Not known,10,274,294,207,86,871,13,146,97,74,48,378,1249,23,420,391,281,134
ANDHRA PRADESH,2007,Other Causes,30,571,605,399,116,1721,37,299,301,180,69,886,2607,67,870,906,579,185
ANDHRA PRADESH,2007,Total,121,2936,3660,2304,928,9949,194,2139,1450,804,346,4933,14882,315,5075,5110,3108,1274
ANDHRA PRADESH,2007,Total Illness,36,732,979,713,389,2849,54,715,535,299,177,1780,4629,90,1447,1514,1012,566
ANDHRA PRADESH,2008,Bankruptcy,0,104,271,158,45,578,0,20,36,21,6,83,661,0,124,307,179,51
ANDHRA PRADESH,2008,Suspected/Illicit Relation,0,18,26,6,0,50,0,13,19,0,0,32,82,0,31,45,6,0
ANDHRA PRADESH,2008,Cancellation/Non-Settlement of Marriage,0,26,8,0,0,34,0,26,2,0,0,28,62,0,52,10,0,0
ANDHRA PRADESH,2008,Infertility,0,1,6,3,1,11,0,16,25,6,0,47,58,0,17,31,9,1
ANDHRA PRADESH,2008,Illness (Aids/STD),1,16,75,130,23,245,0,12,52,38,5,107,352,1,28,127,168,28
ANDHRA PRADESH,2008,Cancer,0,7,8,14,8,37,0,1,12,5,0,18,55,0,8,20,19,8
ANDHRA PRADESH,2008,Paralysis,0,5,12,25,61,103,0,10,5,4,9,28,131,0,15,17,29,70
ANDHRA PRADESH,2008,Insanity/Mental Illness,8,141,239,149,80,617,12,155,95,73,45,380,997,20,296,334,222,125
ANDHRA PRADESH,2008,Other Prolonged Illness,9,437,644,440,168,1698,16,503,393,144,114,1170,2868,25,940,1037,584,282
ANDHRA PRADESH,2008,Death of Dear Person,0,2,2,7,3,14,0,2,3,6,1,12,26,0,4,5,13,4
ANDHRA PRADESH,2008,Dowry Dispute,0,4,0,0,0,4,0,112,29,8,0,149,153,0,116,29,8,0
ANDHRA PRADESH,2008,Divorce,0,3,6,6,0,15,0,6,7,1,0,14,29,0,9,13,7,0
ANDHRA PRADESH,2008,Drug Abuse/Addiction,0,13,20,13,1,47,0,1,2,0,0,3,50,0,14,22,13,1
ANDHRA PRADESH,2008,Failure in Examination,13,131,4,0,0,148,12,62,0,1,0,75,223,25,193,4,1,0
ANDHRA PRADESH,2008,Fall in Social Reputation,0,9,25,14,5,53,3,0,1,1,0,5,58,3,9,26,15,5
ANDHRA PRADESH,2008,Family Problems,5,584,715,371,84,1759,24,351,347,103,38,863,2622,29,935,1062,474,122
ANDHRA PRADESH,2008,Ideological Causes/Hero Worshipping,0,0,2,1,2,5,0,0,0,2,1,3,8,0,0,2,3,3
ANDHRA PRADESH,2008,Illegitimate Pregnancy,0,0,0,0,0,0,0,0,7,0,0,7,7,0,0,7,0,0
ANDHRA PRADESH,2008,Love Affairs,0,120,21,0,0,141,10,93,17,2,0,122,263,10,213,38,2,0
ANDHRA PRADESH,2008,"Physical Abuse (Rape,Incest Etc.)",0,0,0,0,0,0,0,1,0,0,0,1,1,0,1,0,0,0
ANDHRA PRADESH,2008,Poverty,3,238,431,394,95,1161,5,127,126,71,15,344,1505,8,365,557,465,110
ANDHRA PRADESH,2008,Professional/Career Problem,0,25,56,60,18,159,2,18,10,14,2,46,205,2,43,66,74,20
ANDHRA PRADESH,2008,Property Dispute,0,14,40,37,2,93,0,10,7,6,1,24,117,0,24,47,43,3
ANDHRA PRADESH,2008,Unemployment,0,55,27,1,0,83,0,6,2,0,0,8,91,0,61,29,1,0
ANDHRA PRADESH,2008,Causes Not known,8,185,215,156,40,604,5,65,53,28,13,164,768,13,250,268,184,53
ANDHRA PRADESH,2008,Other Causes,44,576,816,492,134,2062,33,272,334,204,57,900,2962,77,848,1150,696,191
ANDHRA PRADESH,2008,Total,91,2714,3669,2477,770,9721,122,1882,1584,738,307,4633,14354,213,4596,5253,3215,1077
ANDHRA PRADESH,2008,Total Illness,18,606,978,758,340,2700,28,681,557,264,173,1703,4403,46,1287,1535,1022,513
ANDHRA PRADESH,2009,Bankruptcy,1,143,403,176,38,761,7,34,65,16,5,127,888,8,177,468,192,43
ANDHRA PRADESH,2009,Suspected/Illicit Relation,0,7,18,1,1,27,0,19,15,1,0,35,62,0,26,33,2,1
ANDHRA PRADESH,2009,Cancellation/Non-Settlement of Marriage,0,18,3,0,0,21,0,23,4,2,0,29,50,0,41,7,2,0
ANDHRA PRADESH,2009,Infertility,0,1,10,2,0,13,0,20,18,3,0,41,54,0,21,28,5,0
ANDHRA PRADESH,2009,Illness (Aids/STD),0,30,71,24,6,131,0,7,5,11,0,23,154,0,37,76,35,6
ANDHRA PRADESH,2009,Cancer,0,7,9,11,9,36,0,7,10,3,6,26,62,0,14,19,14,15
ANDHRA PRADESH,2009,Paralysis,0,7,15,20,54,96,0,4,13,8,17,42,138,0,11,28,28,71
ANDHRA PRADESH,2009,Insanity/Mental Illness,6,132,190,101,71,500,3,132,88,49,49,321,821,9,264,278,150,120
ANDHRA PRADESH,2009,Other Prolonged Illness,10,422,608,596,248,1884,14,435,342,229,90,1110,2994,24,857,950,825,338
ANDHRA PRADESH,2009,Death of Dear Person,0,2,31,26,9,68,1,8,2,7,5,23,91,1,10,33,33,14
ANDHRA PRADESH,2009,Dowry Dispute,0,1,10,5,0,16,0,146,12,2,0,160,176,0,147,22,7,0
ANDHRA PRADESH,2009,Divorce,0,1,1,11,0,13,0,2,7,3,0,12,25,0,3,8,14,0
ANDHRA PRADESH,2009,Drug Abuse/Addiction,0,25,31,14,4,74,0,0,0,2,1,3,77,0,25,31,16,5
ANDHRA PRADESH,2009,Failure in Examination,8,114,13,0,0,135,9,65,4,0,0,78,213,17,179,17,0,0
ANDHRA PRADESH,2009,Fall in Social Reputation,0,11,41,13,4,69,0,21,15,20,5,61,130,0,32,56,33,9
ANDHRA PRADESH,2009,Family Problems,9,503,716,359,48,1635,24,360,290,176,24,874,2509,33,863,1006,535,72
ANDHRA PRADESH,2009,Ideological Causes/Hero Worshipping,0,18,5,69,0,92,0,1,1,0,0,2,94,0,19,6,69,0
ANDHRA PRADESH,2009,Illegitimate Pregnancy,0,0,0,0,0,0,0,3,1,0,0,4,4,0,3,1,0,0
ANDHRA PRADESH,2009,Love Affairs,4,112,22,0,0,138,6,81,11,0,0,98,236,10,193,33,0,0
ANDHRA PRADESH,2009,"Physical Abuse (Rape,Incest Etc.)",0,1,1,1,0,3,0,1,0,0,0,1,4,0,2,1,1,0
ANDHRA PRADESH,2009,Poverty,0,218,456,401,94,1169,2,92,124,90,37,345,1514,2,310,580,491,131
ANDHRA PRADESH,2009,Professional/Career Problem,0,6,18,68,12,104,0,3,3,11,0,17,121,0,9,21,79,12
ANDHRA PRADESH,2009,Property Dispute,0,40,37,24,1,102,0,11,7,3,0,21,123,0,51,44,27,1
ANDHRA PRADESH,2009,Unemployment,0,95,60,79,0,234,0,14,8,2,0,24,258,0,109,68,81,0
ANDHRA PRADESH,2009,Causes Not known,3,239,289,165,79,775,11,75,78,32,19,215,990,14,314,367,197,98
ANDHRA PRADESH,2009,Other Causes,26,574,664,420,107,1791,50,370,297,159,45,921,2712,76,944,961,579,152
ANDHRA PRADESH,2009,Total,67,2727,3722,2586,785,9887,127,1934,1420,829,303,4613,14500,194,4661,5142,3415,1088
ANDHRA PRADESH,2009,Total Illness,16,598,893,752,388,2647,17,585,458,300,162,1522,4169,33,1183,1351,1052,550
ANDHRA PRADESH,2010,Bankruptcy,0,124,304,157,31,616,0,34,47,8,6,95,711,0,158,351,165,37
ANDHRA PRADESH,2010,Suspected/Illicit Relation,0,20,32,3,0,55,2,38,28,5,0,73,128,2,58,60,8,0
ANDHRA PRADESH,2010,Cancellation/Non-Settlement of Marriage,0,33,15,2,0,50,0,32,7,2,1,42,92,0,65,22,4,1
ANDHRA PRADESH,2010,Infertility,0,2,1,0,0,3,0,24,16,0,0,40,43,0,26,17,0,0
ANDHRA PRADESH,2010,Illness (Aids/STD),0,52,43,32,3,130,0,36,25,12,5,78,208,0,88,68,44,8
ANDHRA PRADESH,2010,Cancer,0,15,27,32,4,78,0,13,36,18,5,72,150,0,28,63,50,9
ANDHRA PRADESH,2010,Paralysis,0,6,12,28,24,70,0,4,7,5,10,26,96,0,10,19,33,34
ANDHRA PRADESH,2010,Insanity/Mental Illness,3,199,222,121,69,614,20,143,106,52,37,358,972,23,342,328,173,106
ANDHRA PRADESH,2010,Other Prolonged Illness,25,569,613,617,335,2159,24,452,338,250,196,1260,3419,49,1021,951,867,531
ANDHRA PRADESH,2010,Death of Dear Person,0,22,22,12,5,61,2,22,8,3,3,38,99,2,44,30,15,8
ANDHRA PRADESH,2010,Dowry Dispute,0,3,0,0,0,3,0,86,19,3,0,108,111,0,89,19,3,0
ANDHRA PRADESH,2010,Divorce,0,3,3,0,0,6,0,9,8,8,0,25,31,0,12,11,8,0
ANDHRA PRADESH,2010,Drug Abuse/Addiction,0,20,34,35,7,96,0,2,3,1,2,8,104,0,22,37,36,9
ANDHRA PRADESH,2010,Failure in Examination,15,145,0,0,0,160,15,74,0,0,0,89,249,30,219,0,0,0
ANDHRA PRADESH,2010,Fall in Social Reputation,0,59,54,29,9,151,0,43,20,7,1,71,222,0,102,74,36,10
ANDHRA PRADESH,2010,Family Problems,0,651,698,392,74,1815,0,417,284,102,53,856,2671,0,1068,982,494,127
ANDHRA PRADESH,2010,Ideological Causes/Hero Worshipping,0,12,7,1,0,20,0,10,7,3,0,20,40,0,22,14,4,0
ANDHRA PRADESH,2010,Illegitimate Pregnancy,0,0,0,0,0,0,0,8,4,0,0,12,12,0,8,4,0,0
ANDHRA PRADESH,2010,Love Affairs,0,203,25,1,0,229,2,109,12,0,0,123,352,2,312,37,1,0
ANDHRA PRADESH,2010,"Physical Abuse (Rape,Incest Etc.)",0,0,0,0,0,0,0,2,0,0,0,2,2,0,2,0,0,0
ANDHRA PRADESH,2010,Poverty,0,287,478,381,98,1244,2,144,102,33,8,289,1533,2,431,580,414,106
ANDHRA PRADESH,2010,Professional/Career Problem,0,43,38,17,5,103,0,8,5,1,0,14,117,0,51,43,18,5
ANDHRA PRADESH,2010,Property Dispute,0,43,55,27,2,127,0,6,14,6,1,27,154,0,49,69,33,3
ANDHRA PRADESH,2010,Unemployment,0,87,53,4,0,144,0,26,15,2,0,43,187,0,113,68,6,0
ANDHRA PRADESH,2010,Causes Not known,29,423,516,262,106,1336,39,143,153,62,29,426,1762,68,566,669,324,135
ANDHRA PRADESH,2010,Other Causes,23,509,610,413,122,1677,24,260,308,95,72,759,2436,47,769,918,508,194
ANDHRA PRADESH,2010,Total,95,3530,3862,2566,894,10947,130,2145,1572,678,429,4954,15901,225,5675,5434,3244,1323
ANDHRA PRADESH,2010,Total Illness,28,841,917,830,435,3051,44,648,512,337,253,1794,4845,72,1489,1429,1167,688
ANDHRA PRADESH,2011,Bankruptcy,0,165,388,337,104,994,1,40,64,11,4,120,1114,1,205,452,348,108
ANDHRA PRADESH,2011,Suspected/Illicit Relation,0,19,28,3,0,50,2,62,15,3,0,82,132,2,81,43,6,0
ANDHRA PRADESH,2011,Cancellation/Non-Settlement of Marriage,0,69,17,0,0,86,0,33,14,0,0,47,133,0,102,31,0,0
ANDHRA PRADESH,2011,Infertility,0,8,15,1,0,24,0,26,25,9,0,60,84,0,34,40,10,0
ANDHRA PRADESH,2011,Illness (Aids/STD),0,6,32,10,3,51,0,4,9,5,0,18,69,0,10,41,15,3
ANDHRA PRADESH,2011,Cancer,0,4,11,14,3,32,0,0,4,11,6,21,53,0,4,15,25,9
ANDHRA PRADESH,2011,Paralysis,0,4,15,10,23,52,0,5,7,2,3,17,69,0,9,22,12,26
ANDHRA PRADESH,2011,Insanity/Mental Illness,8,173,200,135,141,657,10,140,108,108,40,406,1063,18,313,308,243,181
ANDHRA PRADESH,2011,Other Prolonged Illness,20,445,529,526,225,1745,20,516,318,185,116,1155,2900,40,961,847,711,341
ANDHRA PRADESH,2011,Death of Dear Person,0,1,9,5,1,16,3,11,2,8,5,29,45,3,12,11,13,6
ANDHRA PRADESH,2011,Dowry Dispute,0,21,42,9,1,73,0,201,151,5,0,357,430,0,222,193,14,1
ANDHRA PRADESH,2011,Divorce,0,20,11,6,0,37,0,7,17,0,0,24,61,0,27,28,6,0
ANDHRA PRADESH,2011,Drug Abuse/Addiction,3,35,48,21,8,115,0,5,3,1,2,11,126,3,40,51,22,10
ANDHRA PRADESH,2011,Failure in Examination,2,86,0,0,0,88,12,79,2,0,0,93,181,14,165,2,0,0
ANDHRA PRADESH,2011,Fall in Social Reputation,0,10,20,6,0,36,0,3,0,3,0,6,42,0,13,20,9,0
ANDHRA PRADESH,2011,Family Problems,7,599,701,432,93,1832,17,470,288,130,42,947,2779,24,1069,989,562,135
ANDHRA PRADESH,2011,Ideological Causes/Hero Worshipping,0,1,0,0,0,1,0,1,2,0,0,3,4,0,2,2,0,0
ANDHRA PRADESH,2011,Illegitimate Pregnancy,0,0,0,0,0,0,0,15,1,0,0,16,16,0,15,1,0,0
ANDHRA PRADESH,2011,Love Affairs,3,151,15,2,0,171,15,142,8,0,0,165,336,18,293,23,2,0
ANDHRA PRADESH,2011,"Physical Abuse (Rape,Incest Etc.)",0,0,0,0,0,0,1,2,1,0,0,4,4,1,2,1,0,0
ANDHRA PRADESH,2011,Poverty,12,200,402,284,53,951,5,102,119,63,12,301,1252,17,302,521,347,65
ANDHRA PRADESH,2011,Professional/Career Problem,0,14,25,30,8,77,0,7,4,0,0,11,88,0,21,29,30,8
ANDHRA PRADESH,2011,Property Dispute,0,24,39,71,9,143,0,7,33,0,2,42,185,0,31,72,71,11
ANDHRA PRADESH,2011,Unemployment,0,64,41,2,1,108,0,32,21,1,0,54,162,0,96,62,3,1
ANDHRA PRADESH,2011,Causes Not known,22,267,414,280,141,1124,22,121,149,65,38,395,1519,44,388,563,345,179
ANDHRA PRADESH,2011,Other Causes,35,442,549,526,105,1657,35,253,190,53,42,573,2230,70,695,739,579,147
ANDHRA PRADESH,2011,Total,112,2828,3551,2710,919,10120,143,2284,1555,663,312,4957,15077,255,5112,5106,3373,1231
ANDHRA PRADESH,2011,Total Illness,28,632,787,695,395,2537,30,665,446,311,165,1617,4154,58,1297,1233,1006,560
ANDHRA PRADESH,2012,Bankruptcy,1,144,400,185,55,785,0,32,48,25,16,121,906,1,176,448,210,71
ANDHRA PRADESH,2012,Suspected/Illicit Relation,0,24,21,4,0,49,1,51,30,5,0,87,136,1,75,51,9,0
ANDHRA PRADESH,2012,Cancellation/Non-Settlement of Marriage,0,30,9,1,0,40,0,28,11,4,3,46,86,0,58,20,5,3
ANDHRA PRADESH,2012,Infertility,0,4,9,1,1,15,0,36,36,6,0,78,93,0,40,45,7,1
ANDHRA PRADESH,2012,Illness (Aids/STD),0,21,53,20,9,103,0,10,12,11,9,42,145,0,31,65,31,18
ANDHRA PRADESH,2012,Cancer,0,17,24,20,18,79,0,14,19,18,4,55,134,0,31,43,38,22
ANDHRA PRADESH,2012,Paralysis,0,1,44,30,45,120,0,3,17,15,7,42,162,0,4,61,45,52
ANDHRA PRADESH,2012,Insanity/Mental Illness,2,208,248,148,158,764,1,140,128,82,47,398,1162,3,348,376,230,205
ANDHRA PRADESH,2012,Other Prolonged Illness,8,330,441,476,228,1483,19,448,354,195,130,1146,2629,27,778,795,671,358
ANDHRA PRADESH,2012,Death of Dear Person,1,11,18,14,11,55,0,11,12,20,6,49,104,1,22,30,34,17
ANDHRA PRADESH,2012,Dowry Dispute,0,2,2,0,0,4,0,161,30,0,0,191,195,0,163,32,0,0
ANDHRA PRADESH,2012,Divorce,0,5,5,2,0,12,0,8,10,0,0,18,30,0,13,15,2,0
ANDHRA PRADESH,2012,Drug Abuse/Addiction,0,44,63,31,13,151,1,4,4,1,3,13,164,1,48,67,32,16
ANDHRA PRADESH,2012,Failure in Examination,8,75,10,0,0,93,11,62,2,0,0,75,168,19,137,12,0,0
ANDHRA PRADESH,2012,Fall in Social Reputation,1,15,34,14,4,68,2,11,9,7,1,30,98,3,26,43,21,5
ANDHRA PRADESH,2012,Family Problems,4,524,757,425,106,1816,18,385,287,117,28,835,2651,22,909,1044,542,134
ANDHRA PRADESH,2012,Ideological Causes/Hero Worshipping,0,17,13,0,1,31,0,4,0,0,0,4,35,0,21,13,0,1
ANDHRA PRADESH,2012,Illegitimate Pregnancy,0,0,0,0,0,0,1,8,0,0,0,9,9,1,8,0,0,0
ANDHRA PRADESH,2012,Love Affairs,0,138,22,5,1,166,15,104,15,4,1,139,305,15,242,37,9,2
ANDHRA PRADESH,2012,"Physical Abuse (Rape,Incest Etc.)",0,0,0,0,0,0,6,20,8,2,0,36,36,6,20,8,2,0
ANDHRA PRADESH,2012,Poverty,2,198,340,277,60,877,0,66,82,61,10,219,1096,2,264,422,338,70
ANDHRA PRADESH,2012,Professional/Career Problem,0,10,32,23,3,68,0,11,5,2,0,18,86,0,21,37,25,3
ANDHRA PRADESH,2012,Property Dispute,0,27,70,74,14,185,0,23,47,15,3,88,273,0,50,117,89,17
ANDHRA PRADESH,2012,Unemployment,0,76,63,9,0,148,0,30,26,7,1,64,212,0,106,89,16,1
ANDHRA PRADESH,2012,Causes Not known,23,232,383,207,85,930,20,121,83,47,15,286,1216,43,353,466,254,100
ANDHRA PRADESH,2012,Other Causes,15,390,567,374,139,1485,48,255,191,86,42,622,2107,63,645,758,460,181
ANDHRA PRADESH,2012,Total,65,2543,3628,2340,951,9527,143,2046,1466,730,326,4711,14238,208,4589,5094,3070,1277
ANDHRA PRADESH,2012,Total Illness,10,577,810,694,458,2549,20,615,530,321,197,1683,4232,30,1192,1340,1015,655
ARUNACHAL PRADESH,2001,Bankruptcy,0,0,0,0,0,0,0,4,0,0,0,4,4,0,4,0,0,0
ARUNACHAL PRADESH,2001,Suspected/Illicit Relation,0,0,0,0,0,0,0,0,0,0,0,0,0,0,0,0,0,0
ARUNACHAL PRADESH,2001,Cancellation/Non-Settlement of Marriage,0,0,0,0,0,0,0,1,0,0,0,1,1,0,1,0,0,0
ARUNACHAL PRADESH,2001,Infertility,0,0,0,0,0,0,0,0,0,0,0,0,0,0,0,0,0,0
ARUNACHAL PRADESH,2001,Illness (Aids/STD),0,0,0,0,0,0,0,0,0,0,0,0,0,0,0,0,0,0
ARUNACHAL PRADESH,2001,Cancer,0,0,0,0,0,0,0,0,0,0,0,0,0,0,0,0,0,0
ARUNACHAL PRADESH,2001,Paralysis,0,0,0,0,0,0,0,0,0,0,0,0,0,0,0,0,0,0
ARUNACHAL PRADESH,2001,Insanity/Mental Illness,0,0,0,0,0,0,0,0,0,0,0,0,0,0,0,0,0,0
ARUNACHAL PRADESH,2001,Other Prolonged Illness,0,0,1,1,0,2,0,1,0,0,0,1,3,0,1,1,1,0
ARUNACHAL PRADESH,2001,Death of Dear Person,0,0,0,0,0,0,0,0,0,0,0,0,0,0,0,0,0,0
ARUNACHAL PRADESH,2001,Dowry Dispute,0,0,0,0,0,0,0,0,0,0,0,0,0,0,0,0,0,0
ARUNACHAL PRADESH,2001,Divorce,0,0,0,0,0,0,0,0,0,0,0,0,0,0,0,0,0,0
ARUNACHAL PRADESH,2001,Drug Abuse/Addiction,0,0,0,0,0,0,0,0,0,0,0,0,0,0,0,0,0,0
ARUNACHAL PRADESH,2001,Failure in Examination,0,0,0,0,0,0,0,0,0,0,0,0,0,0,0,0,0,0
ARUNACHAL PRADESH,2001,Fall in Social Reputation,0,0,0,0,0,0,0,0,0,0,0,0,0,0,0,0,0,0
ARUNACHAL PRADESH,2001,Family Problems,0,0,0,0,0,0,0,4,0,1,0,5,5,0,4,0,1,0
ARUNACHAL PRADESH,2001,Ideological Causes/Hero Worshipping,0,0,0,0,0,0,0,0,0,0,0,0,0,0,0,0,0,0
ARUNACHAL PRADESH,2001,Illegitimate Pregnancy,0,0,0,0,0,0,0,0,0,0,0,0,0,0,0,0,0,0
ARUNACHAL PRADESH,2001,Love Affairs,0,1,0,0,0,1,0,2,0,0,0,2,3,0,3,0,0,0
ARUNACHAL PRADESH,2001,"Physical Abuse (Rape,Incest Etc.)",0,0,0,0,0,0,0,0,0,0,0,0,0,0,0,0,0,0
ARUNACHAL PRADESH,2001,Poverty,0,0,3,1,0,4,0,0,0,0,0,0,4,0,0,3,1,0
ARUNACHAL PRADESH,2001,Professional/Career Problem,0,0,0,0,0,0,0,0,0,0,0,0,0,0,0,0,0,0
ARUNACHAL PRADESH,2001,Property Dispute,0,0,0,0,0,0,0,0,0,0,0,0,0,0,0,0,0,0
ARUNACHAL PRADESH,2001,Unemployment,0,0,0,0,0,0,0,0,0,0,0,0,0,0,0,0,0,0
ARUNACHAL PRADESH,2001,Causes Not known,2,23,34,9,1,69,2,11,9,0,0,22,91,4,34,43,9,1
ARUNACHAL PRADESH,2001,Other Causes,0,0,0,0,0,0,0,0,0,0,0,0,0,0,0,0,0,0
ARUNACHAL PRADESH,2001,Total,2,24,38,11,1,76,2,23,9,1,0,35,111,4,47,47,12,1
ARUNACHAL PRADESH,2001,Total Illness,0,0,1,1,0,2,0,1,0,0,0,1,3,0,1,1,1,0
ARUNACHAL PRADESH,2002,Bankruptcy,0,0,0,0,0,0,0,0,0,0,0,0,0,0,0,0,0,0
ARUNACHAL PRADESH,2002,Suspected/Illicit Relation,0,0,0,0,0,0,0,1,0,0,0,1,1,0,1,0,0,0
ARUNACHAL PRADESH,2002,Cancellation/Non-Settlement of Marriage,0,0,0,0,0,0,0,0,0,0,0,0,0,0,0,0,0,0
ARUNACHAL PRADESH,2002,Infertility,0,0,0,0,0,0,0,0,0,0,0,0,0,0,0,0,0,0
ARUNACHAL PRADESH,2002,Illness (Aids/STD),0,0,0,0,0,0,0,0,0,0,0,0,0,0,0,0,0,0
ARUNACHAL PRADESH,2002,Cancer,0,0,0,0,0,0,0,0,0,0,0,0,0,0,0,0,0,0
ARUNACHAL PRADESH,2002,Paralysis,0,0,1,0,0,1,0,0,0,0,0,0,1,0,0,1,0,0
ARUNACHAL PRADESH,2002,Insanity/Mental Illness,0,0,1,0,1,2,0,0,0,0,0,0,2,0,0,1,0,1
ARUNACHAL PRADESH,2002,Other Prolonged Illness,0,1,0,0,1,2,0,0,0,0,0,0,2,0,1,0,0,1
ARUNACHAL PRADESH,2002,Death of Dear Person,0,0,1,0,0,1,0,0,0,0,0,0,1,0,0,1,0,0
ARUNACHAL PRADESH,2002,Dowry Dispute,0,0,0,0,0,0,0,0,0,0,0,0,0,0,0,0,0,0
ARUNACHAL PRADESH,2002,Divorce,0,0,0,0,0,0,0,0,0,0,0,0,0,0,0,0,0,0
ARUNACHAL PRADESH,2002,Drug Abuse/Addiction,0,0,0,0,0,0,0,0,0,0,0,0,0,0,0,0,0,0
ARUNACHAL PRADESH,2002,Failure in Examination,0,1,0,0,0,1,0,1,0,0,0,1,2,0,2,0,0,0
ARUNACHAL PRADESH,2002,Fall in Social Reputation,0,0,0,0,0,0,0,0,0,0,0,0,0,0,0,0,0,0
ARUNACHAL PRADESH,2002,Family Problems,0,3,2,1,0,6,0,2,1,0,0,3,9,0,5,3,1,0
ARUNACHAL PRADESH,2002,Ideological Causes/Hero Worshipping,0,0,0,0,0,0,0,0,0,0,0,0,0,0,0,0,0,0
ARUNACHAL PRADESH,2002,Illegitimate Pregnancy,0,0,0,0,0,0,0,0,0,0,0,0,0,0,0,0,0,0
ARUNACHAL PRADESH,2002,Love Affairs,0,1,0,0,0,1,0,2,0,0,0,2,3,0,3,0,0,0
ARUNACHAL PRADESH,2002,"Physical Abuse (Rape,Incest Etc.)",0,0,0,0,0,0,0,0,0,0,0,0,0,0,0,0,0,0
ARUNACHAL PRADESH,2002,Poverty,0,1,0,0,0,1,0,2,0,0,0,2,3,0,3,0,0,0
ARUNACHAL PRADESH,2002,Professional/Career Problem,0,0,0,0,0,0,0,0,0,0,0,0,0,0,0,0,0,0
ARUNACHAL PRADESH,2002,Property Dispute,0,0,0,0,0,0,0,0,0,0,0,0,0,0,0,0,0,0
ARUNACHAL PRADESH,2002,Unemployment,0,0,0,0,0,0,0,0,0,0,0,0,0,0,0,0,0,0
ARUNACHAL PRADESH,2002,Causes Not known,1,13,33,8,1,56,2,20,10,1,1,34,90,3,33,43,9,2
ARUNACHAL PRADESH,2002,Other Causes,0,0,0,0,0,0,0,0,0,0,0,0,0,0,0,0,0,0
ARUNACHAL PRADESH,2002,Total,1,20,38,9,3,71,2,28,11,1,1,43,114,3,48,49,10,4
ARUNACHAL PRADESH,2002,Total Illness,0,1,2,0,2,5,0,0,0,0,0,0,5,0,1,2,0,2
ARUNACHAL PRADESH,2003,Bankruptcy,0,0,0,0,0,0,0,0,0,0,0,0,0,0,0,0,0,0
ARUNACHAL PRADESH,2003,Suspected/Illicit Relation,0,0,0,0,0,0,0,0,0,0,0,0,0,0,0,0,0,0
ARUNACHAL PRADESH,2003,Cancellation/Non-Settlement of Marriage,0,0,0,0,0,0,0,0,0,0,0,0,0,0,0,0,0,0
ARUNACHAL PRADESH,2003,Infertility,0,0,0,0,0,0,0,0,0,0,0,0,0,0,0,0,0,0
ARUNACHAL PRADESH,2003,Illness (Aids/STD),0,0,0,0,0,0,0,0,0,0,0,0,0,0,0,0,0,0
ARUNACHAL PRADESH,2003,Cancer,0,0,0,0,0,0,0,0,0,0,0,0,0,0,0,0,0,0
ARUNACHAL PRADESH,2003,Paralysis,0,0,0,0,0,0,0,0,0,0,0,0,0,0,0,0,0,0
ARUNACHAL PRADESH,2003,Insanity/Mental Illness,0,0,2,0,0,2,0,0,0,1,0,1,3,0,0,2,1,0
ARUNACHAL PRADESH,2003,Other Prolonged Illness,0,0,0,0,1,1,0,0,1,0,0,1,2,0,0,1,0,1
ARUNACHAL PRADESH,2003,Death of Dear Person,0,0,0,0,0,0,0,0,0,0,0,0,0,0,0,0,0,0
ARUNACHAL PRADESH,2003,Dowry Dispute,0,0,0,0,0,0,0,0,0,0,0,0,0,0,0,0,0,0
ARUNACHAL PRADESH,2003,Divorce,0,0,0,0,0,0,0,0,0,0,0,0,0,0,0,0,0,0
ARUNACHAL PRADESH,2003,Drug Abuse/Addiction,0,0,0,0,0,0,0,1,0,0,0,1,1,0,1,0,0,0
ARUNACHAL PRADESH,2003,Failure in Examination,0,0,0,0,0,0,0,0,0,0,0,0,0,0,0,0,0,0
ARUNACHAL PRADESH,2003,Fall in Social Reputation,0,0,0,0,0,0,0,0,0,0,0,0,0,0,0,0,0,0
ARUNACHAL PRADESH,2003,Family Problems,0,1,1,1,0,3,0,0,1,0,0,1,4,0,1,2,1,0
ARUNACHAL PRADESH,2003,Ideological Causes/Hero Worshipping,0,0,0,0,0,0,0,0,0,0,0,0,0,0,0,0,0,0
ARUNACHAL PRADESH,2003,Illegitimate Pregnancy,0,0,0,0,0,0,0,0,0,0,0,0,0,0,0,0,0,0
ARUNACHAL PRADESH,2003,Love Affairs,0,0,0,0,0,0,0,2,0,0,0,2,2,0,2,0,0,0
ARUNACHAL PRADESH,2003,"Physical Abuse (Rape,Incest Etc.)",0,0,0,0,0,0,0,0,0,0,0,0,0,0,0,0,0,0
ARUNACHAL PRADESH,2003,Poverty,0,0,0,0,0,0,0,0,0,0,0,0,0,0,0,0,0,0
ARUNACHAL PRADESH,2003,Professional/Career Problem,0,0,0,0,0,0,0,0,0,0,0,0,0,0,0,0,0,0
ARUNACHAL PRADESH,2003,Property Dispute,0,0,0,0,0,0,0,0,0,0,0,0,0,0,0,0,0,0
ARUNACHAL PRADESH,2003,Unemployment,0,0,0,0,0,0,0,0,0,0,0,0,0,0,0,0,0,0
ARUNACHAL PRADESH,2003,Causes Not known,3,10,23,11,1,48,1,11,8,1,0,21,69,4,21,31,12,1
ARUNACHAL PRADESH,2003,Other Causes,0,0,0,0,0,0,0,0,0,0,0,0,0,0,0,0,0,0
ARUNACHAL PRADESH,2003,Total,3,11,26,12,2,54,1,14,10,2,0,27,81,4,25,36,14,2
ARUNACHAL PRADESH,2003,Total Illness,0,0,2,0,1,3,0,0,1,1,0,2,5,0,0,3,1,1
ARUNACHAL PRADESH,2004,Bankruptcy,0,0,0,0,0,0,0,0,0,0,0,0,0,0,0,0,0,0
ARUNACHAL PRADESH,2004,Suspected/Illicit Relation,0,0,0,0,0,0,0,0,0,0,0,0,0,0,0,0,0,0
ARUNACHAL PRADESH,2004,Cancellation/Non-Settlement of Marriage,0,0,0,0,0,0,0,0,0,0,0,0,0,0,0,0,0,0
ARUNACHAL PRADESH,2004,Infertility,0,0,0,0,0,0,0,0,0,0,0,0,0,0,0,0,0,0
ARUNACHAL PRADESH,2004,Illness (Aids/STD),0,0,0,0,0,0,0,0,0,0,0,0,0,0,0,0,0,0
ARUNACHAL PRADESH,2004,Cancer,0,0,0,0,0,0,0,0,0,0,0,0,0,0,0,0,0,0
ARUNACHAL PRADESH,2004,Paralysis,0,0,0,0,0,0,0,0,0,0,0,0,0,0,0,0,0,0
ARUNACHAL PRADESH,2004,Insanity/Mental Illness,0,0,0,0,0,0,0,1,0,0,0,1,1,0,1,0,0,0
ARUNACHAL PRADESH,2004,Other Prolonged Illness,0,0,0,0,0,0,0,0,0,0,0,0,0,0,0,0,0,0
ARUNACHAL PRADESH,2004,Death of Dear Person,0,0,0,0,0,0,0,0,0,0,0,0,0,0,0,0,0,0
ARUNACHAL PRADESH,2004,Dowry Dispute,0,0,0,0,0,0,0,0,0,0,0,0,0,0,0,0,0,0
ARUNACHAL PRADESH,2004,Divorce,0,0,0,0,0,0,0,0,0,0,0,0,0,0,0,0,0,0
ARUNACHAL PRADESH,2004,Drug Abuse/Addiction,0,0,1,0,0,1,0,0,0,0,0,0,1,0,0,1,0,0
ARUNACHAL PRADESH,2004,Failure in Examination,0,0,0,0,0,0,0,0,0,0,0,0,0,0,0,0,0,0
ARUNACHAL PRADESH,2004,Fall in Social Reputation,0,0,0,0,0,0,0,0,0,0,0,0,0,0,0,0,0,0
ARUNACHAL PRADESH,2004,Family Problems,0,0,0,0,0,0,0,0,2,0,0,2,2,0,0,2,0,0
ARUNACHAL PRADESH,2004,Ideological Causes/Hero Worshipping,0,0,0,0,0,0,0,0,0,0,0,0,0,0,0,0,0,0
ARUNACHAL PRADESH,2004,Illegitimate Pregnancy,0,0,0,0,0,0,0,0,0,0,0,0,0,0,0,0,0,0
ARUNACHAL PRADESH,2004,Love Affairs,0,0,0,0,0,0,0,0,0,0,0,0,0,0,0,0,0,0
ARUNACHAL PRADESH,2004,"Physical Abuse (Rape,Incest Etc.)",0,0,0,0,0,0,0,0,0,0,0,0,0,0,0,0,0,0
ARUNACHAL PRADESH,2004,Poverty,0,0,0,0,0,0,0,0,0,0,0,0,0,0,0,0,0,0
ARUNACHAL PRADESH,2004,Professional/Career Problem,0,0,0,0,0,0,0,0,0,0,0,0,0,0,0,0,0,0
ARUNACHAL PRADESH,2004,Property Dispute,0,0,0,0,0,0,0,0,0,0,0,0,0,0,0,0,0,0
ARUNACHAL PRADESH,2004,Unemployment,0,0,0,0,0,0,0,0,2,0,0,2,2,0,0,2,0,0
ARUNACHAL PRADESH,2004,Causes Not known,1,18,23,6,0,48,4,12,9,0,0,25,73,5,30,32,6,0
ARUNACHAL PRADESH,2004,Other Causes,0,0,0,0,0,0,0,0,0,0,0,0,0,0,0,0,0,0
ARUNACHAL PRADESH,2004,Total,1,18,24,6,0,49,4,13,13,0,0,30,79,5,31,37,6,0
ARUNACHAL PRADESH,2004,Total Illness,0,0,0,0,0,0,0,1,0,0,0,1,1,0,1,0,0,0
ARUNACHAL PRADESH,2005,Bankruptcy,0,0,0,0,0,0,0,0,0,0,0,0,0,0,0,0,0,0
ARUNACHAL PRADESH,2005,Suspected/Illicit Relation,0,0,0,0,0,0,0,0,0,0,0,0,0,0,0,0,0,0
ARUNACHAL PRADESH,2005,Cancellation/Non-Settlement of Marriage,0,0,0,0,0,0,0,1,0,0,0,1,1,0,1,0,0,0
ARUNACHAL PRADESH,2005,Infertility,0,0,0,0,0,0,0,0,0,0,0,0,0,0,0,0,0,0
ARUNACHAL PRADESH,2005,Illness (Aids/STD),0,0,0,0,0,0,0,0,0,0,0,0,0,0,0,0,0,0
ARUNACHAL PRADESH,2005,Cancer,0,0,0,0,0,0,0,0,0,0,0,0,0,0,0,0,0,0
ARUNACHAL PRADESH,2005,Paralysis,0,0,0,0,0,0,0,0,0,0,0,0,0,0,0,0,0,0
ARUNACHAL PRADESH,2005,Insanity/Mental Illness,0,0,0,0,0,0,0,0,0,0,0,0,0,0,0,0,0,0
ARUNACHAL PRADESH,2005,Other Prolonged Illness,0,0,2,0,0,2,0,0,0,0,0,0,2,0,0,2,0,0
ARUNACHAL PRADESH,2005,Death of Dear Person,0,0,0,0,0,0,0,0,0,0,0,0,0,0,0,0,0,0
ARUNACHAL PRADESH,2005,Dowry Dispute,0,0,0,0,0,0,0,0,0,0,0,0,0,0,0,0,0,0
ARUNACHAL PRADESH,2005,Divorce,0,0,0,0,0,0,0,0,0,0,0,0,0,0,0,0,0,0
ARUNACHAL PRADESH,2005,Drug Abuse/Addiction,0,0,0,0,0,0,0,0,0,0,0,0,0,0,0,0,0,0
ARUNACHAL PRADESH,2005,Failure in Examination,0,0,0,0,0,0,0,0,0,0,0,0,0,0,0,0,0,0
ARUNACHAL PRADESH,2005,Fall in Social Reputation,0,0,0,0,0,0,0,1,0,0,0,1,1,0,1,0,0,0
ARUNACHAL PRADESH,2005,Family Problems,0,0,4,1,1,6,0,0,0,0,0,0,6,0,0,4,1,1
ARUNACHAL PRADESH,2005,Ideological Causes/Hero Worshipping,0,0,0,0,0,0,0,0,0,0,0,0,0,0,0,0,0,0
ARUNACHAL PRADESH,2005,Illegitimate Pregnancy,0,0,0,0,0,0,0,0,0,0,0,0,0,0,0,0,0,0
ARUNACHAL PRADESH,2005,Love Affairs,0,0,0,0,0,0,0,1,0,0,0,1,1,0,1,0,0,0
ARUNACHAL PRADESH,2005,"Physical Abuse (Rape,Incest Etc.)",0,0,0,0,0,0,0,0,0,0,0,0,0,0,0,0,0,0
ARUNACHAL PRADESH,2005,Poverty,0,0,0,0,0,0,0,0,0,0,0,0,0,0,0,0,0,0
ARUNACHAL PRADESH,2005,Professional/Career Problem,0,0,0,0,0,0,0,0,0,0,0,0,0,0,0,0,0,0
ARUNACHAL PRADESH,2005,Property Dispute,0,0,0,0,0,0,0,0,0,0,0,0,0,0,0,0,0,0
ARUNACHAL PRADESH,2005,Unemployment,0,0,0,0,0,0,0,0,0,0,0,0,0,0,0,0,0,0
ARUNACHAL PRADESH,2005,Causes Not known,0,13,22,3,3,41,0,7,9,1,1,18,59,0,20,31,4,4
ARUNACHAL PRADESH,2005,Other Causes,0,0,0,0,0,0,0,0,0,0,0,0,0,0,0,0,0,0
ARUNACHAL PRADESH,2005,Total,0,13,28,4,4,49,0,10,9,1,1,21,70,0,23,37,5,5
ARUNACHAL PRADESH,2005,Total Illness,0,0,2,0,0,2,0,0,0,0,0,0,2,0,0,2,0,0
ARUNACHAL PRADESH,2006,Bankruptcy,0,0,0,0,0,0,0,0,0,0,0,0,0,0,0,0,0,0
ARUNACHAL PRADESH,2006,Suspected/Illicit Relation,0,0,0,0,0,0,0,0,0,0,0,0,0,0,0,0,0,0
ARUNACHAL PRADESH,2006,Cancellation/Non-Settlement of Marriage,0,0,0,0,0,0,0,0,0,0,0,0,0,0,0,0,0,0
ARUNACHAL PRADESH,2006,Infertility,0,0,0,0,0,0,0,0,0,0,0,0,0,0,0,0,0,0
ARUNACHAL PRADESH,2006,Illness (Aids/STD),0,0,0,0,0,0,0,0,0,0,0,0,0,0,0,0,0,0
ARUNACHAL PRADESH,2006,Cancer,0,0,0,0,0,0,0,0,0,0,0,0,0,0,0,0,0,0
ARUNACHAL PRADESH,2006,Paralysis,0,0,0,0,0,0,0,0,0,0,0,0,0,0,0,0,0,0
ARUNACHAL PRADESH,2006,Insanity/Mental Illness,0,0,0,0,0,0,0,0,0,1,0,1,1,0,0,0,1,0
ARUNACHAL PRADESH,2006,Other Prolonged Illness,0,0,1,0,0,1,0,0,0,0,0,0,1,0,0,1,0,0
ARUNACHAL PRADESH,2006,Death of Dear Person,0,0,0,0,0,0,0,0,0,0,0,0,0,0,0,0,0,0
ARUNACHAL PRADESH,2006,Dowry Dispute,0,0,0,0,0,0,0,0,0,0,0,0,0,0,0,0,0,0
ARUNACHAL PRADESH,2006,Divorce,0,0,0,0,0,0,0,0,0,0,0,0,0,0,0,0,0,0
ARUNACHAL PRADESH,2006,Drug Abuse/Addiction,0,0,0,0,0,0,0,0,0,0,0,0,0,0,0,0,0,0
ARUNACHAL PRADESH,2006,Failure in Examination,0,0,0,0,0,0,0,1,0,0,0,1,1,0,1,0,0,0
ARUNACHAL PRADESH,2006,Fall in Social Reputation,0,0,0,0,0,0,0,0,0,0,0,0,0,0,0,0,0,0
ARUNACHAL PRADESH,2006,Family Problems,0,1,6,3,0,10,0,5,3,0,0,8,18,0,6,9,3,0
ARUNACHAL PRADESH,2006,Ideological Causes/Hero Worshipping,0,0,0,0,0,0,0,0,0,0,0,0,0,0,0,0,0,0
ARUNACHAL PRADESH,2006,Illegitimate Pregnancy,0,0,0,0,0,0,0,0,0,0,0,0,0,0,0,0,0,0
ARUNACHAL PRADESH,2006,Love Affairs,0,2,0,0,0,2,0,1,0,0,0,1,3,0,3,0,0,0
ARUNACHAL PRADESH,2006,"Physical Abuse (Rape,Incest Etc.)",0,0,0,0,0,0,0,0,0,0,0,0,0,0,0,0,0,0
ARUNACHAL PRADESH,2006,Poverty,0,0,0,0,0,0,0,0,0,0,0,0,0,0,0,0,0,0
ARUNACHAL PRADESH,2006,Professional/Career Problem,0,0,0,0,0,0,0,0,0,0,0,0,0,0,0,0,0,0
ARUNACHAL PRADESH,2006,Property Dispute,0,0,0,0,0,0,0,0,0,0,0,0,0,0,0,0,0,0
ARUNACHAL PRADESH,2006,Unemployment,0,0,0,0,0,0,0,0,0,0,0,0,0,0,0,0,0,0
ARUNACHAL PRADESH,2006,Causes Not known,1,15,17,12,0,45,3,7,8,2,0,20,65,4,22,25,14,0
ARUNACHAL PRADESH,2006,Other Causes,0,10,21,6,1,38,0,1,1,0,0,2,40,0,11,22,6,1
ARUNACHAL PRADESH,2006,Total,1,28,45,21,1,96,3,15,12,3,0,33,129,4,43,57,24,1
ARUNACHAL PRADESH,2006,Total Illness,0,0,1,0,0,1,0,0,0,1,0,1,2,0,0,1,1,0
ARUNACHAL PRADESH,2007,Bankruptcy,0,0,0,1,0,1,0,0,0,0,0,0,1,0,0,0,1,0
ARUNACHAL PRADESH,2007,Suspected/Illicit Relation,0,0,0,0,0,0,0,0,0,0,0,0,0,0,0,0,0,0
ARUNACHAL PRADESH,2007,Cancellation/Non-Settlement of Marriage,0,0,0,0,0,0,0,0,0,0,0,0,0,0,0,0,0,0
ARUNACHAL PRADESH,2007,Infertility,0,0,0,0,0,0,0,0,0,0,0,0,0,0,0,0,0,0
ARUNACHAL PRADESH,2007,Illness (Aids/STD),0,0,0,0,0,0,0,0,0,0,0,0,0,0,0,0,0,0
ARUNACHAL PRADESH,2007,Cancer,0,0,0,0,0,0,0,0,0,0,0,0,0,0,0,0,0,0
ARUNACHAL PRADESH,2007,Paralysis,0,0,0,0,0,0,0,0,0,0,0,0,0,0,0,0,0,0
ARUNACHAL PRADESH,2007,Insanity/Mental Illness,0,1,4,0,0,5,0,0,0,0,0,0,5,0,1,4,0,0
ARUNACHAL PRADESH,2007,Other Prolonged Illness,0,0,1,0,0,1,0,0,0,0,0,0,1,0,0,1,0,0
ARUNACHAL PRADESH,2007,Death of Dear Person,0,0,0,0,0,0,0,0,0,0,0,0,0,0,0,0,0,0
ARUNACHAL PRADESH,2007,Dowry Dispute,0,0,0,0,0,0,0,0,0,0,0,0,0,0,0,0,0,0
ARUNACHAL PRADESH,2007,Divorce,0,0,0,0,0,0,0,0,0,0,0,0,0,0,0,0,0,0
ARUNACHAL PRADESH,2007,Drug Abuse/Addiction,0,0,0,0,0,0,0,0,0,0,0,0,0,0,0,0,0,0
ARUNACHAL PRADESH,2007,Failure in Examination,0,0,0,0,0,0,0,0,0,0,0,0,0,0,0,0,0,0
ARUNACHAL PRADESH,2007,Fall in Social Reputation,0,0,0,0,0,0,0,0,0,0,0,0,0,0,0,0,0,0
ARUNACHAL PRADESH,2007,Family Problems,0,0,4,0,0,4,0,0,0,1,0,1,5,0,0,4,1,0
ARUNACHAL PRADESH,2007,Ideological Causes/Hero Worshipping,0,0,0,0,0,0,0,0,0,0,0,0,0,0,0,0,0,0
ARUNACHAL PRADESH,2007,Illegitimate Pregnancy,0,0,0,0,0,0,0,0,0,0,0,0,0,0,0,0,0,0
ARUNACHAL PRADESH,2007,Love Affairs,0,1,0,0,0,1,0,1,0,0,0,1,2,0,2,0,0,0
ARUNACHAL PRADESH,2007,"Physical Abuse (Rape,Incest Etc.)",0,0,0,0,0,0,0,0,0,0,0,0,0,0,0,0,0,0
ARUNACHAL PRADESH,2007,Poverty,0,0,0,0,0,0,0,0,0,0,0,0,0,0,0,0,0,0
ARUNACHAL PRADESH,2007,Professional/Career Problem,0,0,0,0,0,0,0,0,0,0,0,0,0,0,0,0,0,0
ARUNACHAL PRADESH,2007,Property Dispute,0,0,0,0,0,0,0,0,0,0,0,0,0,0,0,0,0,0
ARUNACHAL PRADESH,2007,Unemployment,1,5,9,0,0,15,0,1,1,0,0,2,17,1,6,10,0,0
ARUNACHAL PRADESH,2007,Causes Not known,1,11,8,2,0,22,1,4,1,1,0,7,29,2,15,9,3,0
ARUNACHAL PRADESH,2007,Other Causes,0,21,18,7,3,49,4,8,8,0,0,20,69,4,29,26,7,3
ARUNACHAL PRADESH,2007,Total,2,39,44,10,3,98,5,14,10,2,0,31,129,7,53,54,12,3
ARUNACHAL PRADESH,2007,Total Illness,0,1,5,0,0,6,0,0,0,0,0,0,6,0,1,5,0,0
ARUNACHAL PRADESH,2008,Bankruptcy,0,0,0,0,0,0,0,0,0,0,0,0,0,0,0,0,0,0
ARUNACHAL PRADESH,2008,Suspected/Illicit Relation,0,0,0,0,0,0,0,0,0,0,0,0,0,0,0,0,0,0
ARUNACHAL PRADESH,2008,Cancellation/Non-Settlement of Marriage,0,0,0,0,0,0,0,0,0,0,0,0,0,0,0,0,0,0
ARUNACHAL PRADESH,2008,Infertility,0,0,0,0,0,0,0,0,0,0,0,0,0,0,0,0,0,0
ARUNACHAL PRADESH,2008,Illness (Aids/STD),0,0,0,0,0,0,0,0,0,0,0,0,0,0,0,0,0,0
ARUNACHAL PRADESH,2008,Cancer,0,0,0,0,0,0,0,0,0,0,0,0,0,0,0,0,0,0
ARUNACHAL PRADESH,2008,Paralysis,0,0,0,0,0,0,0,0,0,0,0,0,0,0,0,0,0,0
ARUNACHAL PRADESH,2008,Insanity/Mental Illness,0,0,1,0,0,1,0,0,0,0,0,0,1,0,0,1,0,0
ARUNACHAL PRADESH,2008,Other Prolonged Illness,0,1,1,1,0,3,0,0,0,0,0,0,3,0,1,1,1,0
ARUNACHAL PRADESH,2008,Death of Dear Person,0,0,0,0,0,0,0,0,0,0,0,0,0,0,0,0,0,0
ARUNACHAL PRADESH,2008,Dowry Dispute,0,0,0,0,0,0,0,0,0,0,0,0,0,0,0,0,0,0
ARUNACHAL PRADESH,2008,Divorce,0,0,0,0,0,0,0,0,0,0,0,0,0,0,0,0,0,0
ARUNACHAL PRADESH,2008,Drug Abuse/Addiction,0,0,0,0,0,0,0,0,0,0,0,0,0,0,0,0,0,0
ARUNACHAL PRADESH,2008,Failure in Examination,0,0,0,0,0,0,0,1,0,0,0,1,1,0,1,0,0,0
ARUNACHAL PRADESH,2008,Fall in Social Reputation,0,0,0,0,0,0,0,0,0,0,0,0,0,0,0,0,0,0
ARUNACHAL PRADESH,2008,Family Problems,0,0,1,1,0,2,0,2,2,0,0,4,6,0,2,3,1,0
ARUNACHAL PRADESH,2008,Ideological Causes/Hero Worshipping,0,0,0,0,0,0,0,0,0,0,0,0,0,0,0,0,0,0
ARUNACHAL PRADESH,2008,Illegitimate Pregnancy,0,0,0,0,0,0,0,0,0,0,0,0,0,0,0,0,0,0
ARUNACHAL PRADESH,2008,Love Affairs,0,3,0,0,0,3,0,0,0,0,0,0,3,0,3,0,0,0
ARUNACHAL PRADESH,2008,"Physical Abuse (Rape,Incest Etc.)",0,0,0,0,0,0,0,0,0,0,0,0,0,0,0,0,0,0
ARUNACHAL PRADESH,2008,Poverty,0,0,0,0,0,0,0,0,0,0,0,0,0,0,0,0,0,0
ARUNACHAL PRADESH,2008,Professional/Career Problem,0,0,0,0,0,0,0,0,0,0,0,0,0,0,0,0,0,0
ARUNACHAL PRADESH,2008,Property Dispute,0,0,0,0,0,0,0,0,0,0,0,0,0,0,0,0,0,0
ARUNACHAL PRADESH,2008,Unemployment,0,0,0,0,0,0,0,0,0,0,0,0,0,0,0,0,0,0
ARUNACHAL PRADESH,2008,Causes Not known,2,17,17,5,0,41,0,16,11,1,0,28,69,2,33,28,6,0
ARUNACHAL PRADESH,2008,Other Causes,0,22,5,0,0,27,0,0,0,0,0,0,27,0,22,5,0,0
ARUNACHAL PRADESH,2008,Total,2,43,25,7,0,77,0,19,13,1,0,33,110,2,62,38,8,0
ARUNACHAL PRADESH,2008,Total Illness,0,1,2,1,0,4,0,0,0,0,0,0,4,0,1,2,1,0
ARUNACHAL PRADESH,2009,Bankruptcy,0,0,0,0,0,0,0,0,0,0,0,0,0,0,0,0,0,0
ARUNACHAL PRADESH,2009,Suspected/Illicit Relation,0,0,0,0,0,0,0,0,0,0,0,0,0,0,0,0,0,0
ARUNACHAL PRADESH,2009,Cancellation/Non-Settlement of Marriage,0,0,0,0,0,0,0,0,0,0,0,0,0,0,0,0,0,0
ARUNACHAL PRADESH,2009,Infertility,0,0,0,0,0,0,0,0,0,0,0,0,0,0,0,0,0,0
ARUNACHAL PRADESH,2009,Illness (Aids/STD),0,0,0,0,0,0,0,0,0,0,0,0,0,0,0,0,0,0
ARUNACHAL PRADESH,2009,Cancer,0,0,0,0,0,0,0,0,0,0,0,0,0,0,0,0,0,0
ARUNACHAL PRADESH,2009,Paralysis,0,0,0,0,0,0,0,0,0,0,0,0,0,0,0,0,0,0
ARUNACHAL PRADESH,2009,Insanity/Mental Illness,0,0,1,0,0,1,0,0,0,0,0,0,1,0,0,1,0,0
ARUNACHAL PRADESH,2009,Other Prolonged Illness,0,1,1,1,0,3,0,0,0,0,0,0,3,0,1,1,1,0
ARUNACHAL PRADESH,2009,Death of Dear Person,0,0,0,0,0,0,0,0,0,0,0,0,0,0,0,0,0,0
ARUNACHAL PRADESH,2009,Dowry Dispute,0,0,0,0,0,0,0,0,0,0,0,0,0,0,0,0,0,0
ARUNACHAL PRADESH,2009,Divorce,0,0,0,0,0,0,0,0,0,0,0,0,0,0,0,0,0,0
ARUNACHAL PRADESH,2009,Drug Abuse/Addiction,0,0,0,0,0,0,0,0,0,0,0,0,0,0,0,0,0,0
ARUNACHAL PRADESH,2009,Failure in Examination,0,0,0,0,0,0,0,1,0,0,0,1,1,0,1,0,0,0
ARUNACHAL PRADESH,2009,Fall in Social Reputation,0,0,0,0,0,0,0,0,0,0,0,0,0,0,0,0,0,0
ARUNACHAL PRADESH,2009,Family Problems,0,0,1,1,0,2,0,2,2,0,0,4,6,0,2,3,1,0
ARUNACHAL PRADESH,2009,Ideological Causes/Hero Worshipping,0,0,0,0,0,0,0,0,0,0,0,0,0,0,0,0,0,0
ARUNACHAL PRADESH,2009,Illegitimate Pregnancy,0,0,0,0,0,0,0,0,0,0,0,0,0,0,0,0,0,0
ARUNACHAL PRADESH,2009,Love Affairs,0,3,0,0,0,3,0,0,0,0,0,0,3,0,3,0,0,0
ARUNACHAL PRADESH,2009,"Physical Abuse (Rape,Incest Etc.)",0,0,0,0,0,0,0,0,0,0,0,0,0,0,0,0,0,0
ARUNACHAL PRADESH,2009,Poverty,0,0,0,0,0,0,0,0,0,0,0,0,0,0,0,0,0,0
ARUNACHAL PRADESH,2009,Professional/Career Problem,0,0,0,0,0,0,0,0,0,0,0,0,0,0,0,0,0,0
ARUNACHAL PRADESH,2009,Property Dispute,0,0,0,0,0,0,0,0,0,0,0,0,0,0,0,0,0,0
ARUNACHAL PRADESH,2009,Unemployment,0,0,0,0,0,0,0,0,0,0,0,0,0,0,0,0,0,0
ARUNACHAL PRADESH,2009,Causes Not known,2,17,17,5,0,41,0,16,11,1,0,28,69,2,33,28,6,0
ARUNACHAL PRADESH,2009,Other Causes,0,22,5,0,0,27,0,0,0,0,0,0,27,0,22,5,0,0
ARUNACHAL PRADESH,2009,Total,2,43,25,7,0,77,0,19,13,1,0,33,110,2,62,38,8,0
ARUNACHAL PRADESH,2009,Total Illness,0,1,2,1,0,4,0,0,0,0,0,0,4,0,1,2,1,0
ARUNACHAL PRADESH,2010,Bankruptcy,0,0,0,0,0,0,0,0,0,0,0,0,0,0,0,0,0,0
ARUNACHAL PRADESH,2010,Suspected/Illicit Relation,0,0,0,0,0,0,0,1,0,0,0,1,1,0,1,0,0,0
ARUNACHAL PRADESH,2010,Cancellation/Non-Settlement of Marriage,0,0,0,0,0,0,0,0,0,0,0,0,0,0,0,0,0,0
ARUNACHAL PRADESH,2010,Infertility,0,0,0,0,0,0,0,0,0,0,0,0,0,0,0,0,0,0
ARUNACHAL PRADESH,2010,Illness (Aids/STD),0,0,0,0,0,0,0,0,0,0,0,0,0,0,0,0,0,0
ARUNACHAL PRADESH,2010,Cancer,0,0,0,0,0,0,0,0,0,0,0,0,0,0,0,0,0,0
ARUNACHAL PRADESH,2010,Paralysis,0,0,0,0,0,0,0,0,0,0,0,0,0,0,0,0,0,0
ARUNACHAL PRADESH,2010,Insanity/Mental Illness,1,0,1,0,0,2,0,0,0,0,0,0,2,1,0,1,0,0
ARUNACHAL PRADESH,2010,Other Prolonged Illness,0,0,1,0,0,1,0,0,0,0,0,0,1,0,0,1,0,0
ARUNACHAL PRADESH,2010,Death of Dear Person,0,0,0,0,0,0,0,0,0,0,0,0,0,0,0,0,0,0
ARUNACHAL PRADESH,2010,Dowry Dispute,0,0,0,0,0,0,0,0,0,0,0,0,0,0,0,0,0,0
ARUNACHAL PRADESH,2010,Divorce,0,0,0,0,0,0,0,0,0,0,0,0,0,0,0,0,0,0
ARUNACHAL PRADESH,2010,Drug Abuse/Addiction,0,0,0,0,0,0,0,0,0,0,0,0,0,0,0,0,0,0
ARUNACHAL PRADESH,2010,Failure in Examination,0,0,0,0,0,0,0,0,0,0,0,0,0,0,0,0,0,0
ARUNACHAL PRADESH,2010,Fall in Social Reputation,0,0,0,0,0,0,0,0,0,0,0,0,0,0,0,0,0,0
ARUNACHAL PRADESH,2010,Family Problems,0,6,1,1,1,9,0,2,2,0,0,4,13,0,8,3,1,1
ARUNACHAL PRADESH,2010,Ideological Causes/Hero Worshipping,0,0,0,0,0,0,0,0,0,0,0,0,0,0,0,0,0,0
ARUNACHAL PRADESH,2010,Illegitimate Pregnancy,0,0,0,0,0,0,0,0,0,0,0,0,0,0,0,0,0,0
ARUNACHAL PRADESH,2010,Love Affairs,0,0,0,0,0,0,0,2,0,0,0,2,2,0,2,0,0,0
ARUNACHAL PRADESH,2010,"Physical Abuse (Rape,Incest Etc.)",0,0,0,0,0,0,0,0,0,0,0,0,0,0,0,0,0,0
ARUNACHAL PRADESH,2010,Poverty,0,2,0,0,0,2,0,0,0,0,0,0,2,0,2,0,0,0
ARUNACHAL PRADESH,2010,Professional/Career Problem,0,0,0,0,0,0,0,0,0,0,0,0,0,0,0,0,0,0
ARUNACHAL PRADESH,2010,Property Dispute,0,1,0,0,0,1,0,0,0,0,0,0,1,0,1,0,0,0
ARUNACHAL PRADESH,2010,Unemployment,0,0,0,0,0,0,0,0,0,0,0,0,0,0,0,0,0,0
ARUNACHAL PRADESH,2010,Causes Not known,1,17,14,2,0,34,3,10,4,1,0,18,52,4,27,18,3,0
ARUNACHAL PRADESH,2010,Other Causes,2,21,15,3,1,42,1,11,2,1,0,15,57,3,32,17,4,1
ARUNACHAL PRADESH,2010,Total,4,47,32,6,2,91,4,26,8,2,0,40,131,8,73,40,8,2
ARUNACHAL PRADESH,2010,Total Illness,1,0,2,0,0,3,0,0,0,0,0,0,3,1,0,2,0,0
ARUNACHAL PRADESH,2011,Bankruptcy,0,0,0,0,0,0,0,0,0,0,0,0,0,0,0,0,0,0
ARUNACHAL PRADESH,2011,Suspected/Illicit Relation,0,0,0,0,0,0,0,0,0,0,0,0,0,0,0,0,0,0
ARUNACHAL PRADESH,2011,Cancellation/Non-Settlement of Marriage,0,0,0,0,0,0,0,0,0,0,0,0,0,0,0,0,0,0
ARUNACHAL PRADESH,2011,Infertility,0,0,0,0,0,0,0,0,0,0,0,0,0,0,0,0,0,0
ARUNACHAL PRADESH,2011,Illness (Aids/STD),0,0,0,0,0,0,0,0,0,0,0,0,0,0,0,0,0,0
ARUNACHAL PRADESH,2011,Cancer,0,0,0,0,0,0,0,0,0,0,0,0,0,0,0,0,0,0
ARUNACHAL PRADESH,2011,Paralysis,0,0,0,0,0,0,0,0,0,0,0,0,0,0,0,0,0,0
ARUNACHAL PRADESH,2011,Insanity/Mental Illness,0,0,0,0,1,1,0,0,0,0,1,1,2,0,0,0,0,2
ARUNACHAL PRADESH,2011,Other Prolonged Illness,0,0,2,2,1,5,0,0,0,0,0,0,5,0,0,2,2,1
ARUNACHAL PRADESH,2011,Death of Dear Person,0,0,0,1,0,1,0,0,0,0,0,0,1,0,0,0,1,0
ARUNACHAL PRADESH,2011,Dowry Dispute,0,0,0,0,0,0,0,0,0,0,0,0,0,0,0,0,0,0
ARUNACHAL PRADESH,2011,Divorce,0,0,0,0,0,0,0,0,0,0,0,0,0,0,0,0,0,0
ARUNACHAL PRADESH,2011,Drug Abuse/Addiction,0,0,0,1,0,1,0,0,0,0,0,0,1,0,0,0,1,0
ARUNACHAL PRADESH,2011,Failure in Examination,0,0,0,0,0,0,0,0,0,0,0,0,0,0,0,0,0,0
ARUNACHAL PRADESH,2011,Fall in Social Reputation,0,0,0,0,0,0,0,0,0,0,0,0,0,0,0,0,0,0
ARUNACHAL PRADESH,2011,Family Problems,0,4,4,1,0,9,1,1,3,0,0,5,14,1,5,7,1,0
ARUNACHAL PRADESH,2011,Ideological Causes/Hero Worshipping,0,0,0,0,0,0,0,0,0,0,0,0,0,0,0,0,0,0
ARUNACHAL PRADESH,2011,Illegitimate Pregnancy,0,0,0,0,0,0,0,0,0,0,0,0,0,0,0,0,0,0
ARUNACHAL PRADESH,2011,Love Affairs,0,1,0,0,0,1,0,1,0,0,0,1,2,0,2,0,0,0
ARUNACHAL PRADESH,2011,"Physical Abuse (Rape,Incest Etc.)",0,0,0,0,0,0,0,0,0,0,0,0,0,0,0,0,0,0
ARUNACHAL PRADESH,2011,Poverty,0,0,0,0,0,0,0,0,0,0,0,0,0,0,0,0,0,0
ARUNACHAL PRADESH,2011,Professional/Career Problem,0,0,1,0,0,1,0,0,0,0,0,0,1,0,0,1,0,0
ARUNACHAL PRADESH,2011,Property Dispute,0,0,0,0,0,0,0,0,0,0,0,0,0,0,0,0,0,0
ARUNACHAL PRADESH,2011,Unemployment,0,0,0,0,0,0,0,0,1,0,0,1,1,0,0,1,0,0
ARUNACHAL PRADESH,2011,Causes Not known,3,23,23,8,1,58,4,12,2,0,0,18,76,7,35,25,8,1
ARUNACHAL PRADESH,2011,Other Causes,1,10,4,7,0,22,0,5,3,1,0,9,31,1,15,7,8,0
ARUNACHAL PRADESH,2011,Total,4,38,34,20,3,99,5,19,9,1,1,35,134,9,57,43,21,4
ARUNACHAL PRADESH,2011,Total Illness,0,0,2,2,2,6,0,0,0,0,1,1,7,0,0,2,2,3
ARUNACHAL PRADESH,2012,Bankruptcy,0,0,1,2,0,3,0,0,0,0,0,0,3,0,0,1,2,0
ARUNACHAL PRADESH,2012,Suspected/Illicit Relation,0,0,0,0,0,0,0,0,0,0,0,0,0,0,0,0,0,0
ARUNACHAL PRADESH,2012,Cancellation/Non-Settlement of Marriage,0,1,0,0,0,1,0,1,0,0,0,1,2,0,2,0,0,0
ARUNACHAL PRADESH,2012,Infertility,0,0,0,0,0,0,0,0,0,0,0,0,0,0,0,0,0,0
ARUNACHAL PRADESH,2012,Illness (Aids/STD),0,0,0,0,0,0,0,0,0,0,0,0,0,0,0,0,0,0
ARUNACHAL PRADESH,2012,Cancer,0,0,0,0,0,0,0,0,0,0,0,0,0,0,0,0,0,0
ARUNACHAL PRADESH,2012,Paralysis,0,0,0,0,0,0,0,0,0,0,0,0,0,0,0,0,0,0
ARUNACHAL PRADESH,2012,Insanity/Mental Illness,0,0,1,1,0,2,0,0,0,0,0,0,2,0,0,1,1,0
ARUNACHAL PRADESH,2012,Other Prolonged Illness,0,1,2,2,0,5,0,0,0,0,0,0,5,0,1,2,2,0
ARUNACHAL PRADESH,2012,Death of Dear Person,0,0,0,0,0,0,0,0,0,0,0,0,0,0,0,0,0,0
ARUNACHAL PRADESH,2012,Dowry Dispute,0,0,0,0,0,0,0,0,0,0,0,0,0,0,0,0,0,0
ARUNACHAL PRADESH,2012,Divorce,0,0,0,0,0,0,0,0,0,0,0,0,0,0,0,0,0,0
ARUNACHAL PRADESH,2012,Drug Abuse/Addiction,0,0,0,0,0,0,0,0,0,0,0,0,0,0,0,0,0,0
ARUNACHAL PRADESH,2012,Failure in Examination,0,0,0,0,0,0,0,0,0,0,0,0,0,0,0,0,0,0
ARUNACHAL PRADESH,2012,Fall in Social Reputation,0,0,0,0,0,0,0,0,0,0,0,0,0,0,0,0,0,0
ARUNACHAL PRADESH,2012,Family Problems,0,2,2,1,0,5,0,0,3,0,0,3,8,0,2,5,1,0
ARUNACHAL PRADESH,2012,Ideological Causes/Hero Worshipping,0,0,0,0,0,0,0,0,0,0,0,0,0,0,0,0,0,0
ARUNACHAL PRADESH,2012,Illegitimate Pregnancy,0,0,0,0,0,0,0,0,0,0,0,0,0,0,0,0,0,0
ARUNACHAL PRADESH,2012,Love Affairs,0,2,0,0,0,2,0,1,0,0,0,1,3,0,3,0,0,0
ARUNACHAL PRADESH,2012,"Physical Abuse (Rape,Incest Etc.)",0,0,0,0,0,0,0,0,0,0,0,0,0,0,0,0,0,0
ARUNACHAL PRADESH,2012,Poverty,0,0,0,0,0,0,0,0,0,0,0,0,0,0,0,0,0,0
ARUNACHAL PRADESH,2012,Professional/Career Problem,0,0,1,1,0,2,0,0,0,0,0,0,2,0,0,1,1,0
ARUNACHAL PRADESH,2012,Property Dispute,0,0,0,0,0,0,0,0,0,0,0,0,0,0,0,0,0,0
ARUNACHAL PRADESH,2012,Unemployment,0,0,0,0,0,0,0,0,0,0,0,0,0,0,0,0,0,0
ARUNACHAL PRADESH,2012,Causes Not known,1,19,21,11,1,53,0,15,2,1,0,18,71,1,34,23,12,1
ARUNACHAL PRADESH,2012,Other Causes,0,3,11,13,0,27,0,3,4,0,0,7,34,0,6,15,13,0
ARUNACHAL PRADESH,2012,Total,1,28,39,31,1,100,0,20,9,1,0,30,130,1,48,48,32,1
ARUNACHAL PRADESH,2012,Total Illness,0,1,3,3,0,7,0,0,0,0,0,0,7,0,1,3,3,0
ASSAM,2001,Bankruptcy,0,0,0,0,0,0,0,0,0,0,0,0,0,0,0,0,0,0
ASSAM,2001,Suspected/Illicit Relation,0,0,0,0,0,0,0,1,1,0,0,2,2,0,1,1,0,0
ASSAM,2001,Cancellation/Non-Settlement of Marriage,0,2,2,0,0,4,0,4,1,0,0,5,9,0,6,3,0,0
ASSAM,2001,Infertility,0,0,0,0,0,0,0,1,0,0,0,1,1,0,1,0,0,0
ASSAM,2001,Illness (Aids/STD),0,0,0,0,0,0,0,0,0,0,0,0,0,0,0,0,0,0
ASSAM,2001,Cancer,0,0,6,2,0,8,0,1,1,0,0,2,10,0,1,7,2,0
ASSAM,2001,Paralysis,0,4,3,0,0,7,0,0,0,0,0,0,7,0,4,3,0,0
ASSAM,2001,Insanity/Mental Illness,0,5,11,10,6,32,0,4,6,8,3,21,53,0,9,17,18,9
ASSAM,2001,Other Prolonged Illness,2,14,14,21,10,61,2,5,9,10,3,29,90,4,19,23,31,13
ASSAM,2001,Death of Dear Person,0,0,2,4,2,8,0,1,1,0,0,2,10,0,1,3,4,2
ASSAM,2001,Dowry Dispute,0,0,0,0,0,0,0,9,4,0,0,13,13,0,9,4,0,0
ASSAM,2001,Divorce,0,0,3,0,0,3,0,1,1,2,0,4,7,0,1,4,2,0
ASSAM,2001,Drug Abuse/Addiction,0,3,3,2,0,8,0,0,0,0,0,0,8,0,3,3,2,0
ASSAM,2001,Failure in Examination,4,47,4,0,0,55,1,16,4,0,0,21,76,5,63,8,0,0
ASSAM,2001,Fall in Social Reputation,0,10,6,1,0,17,3,3,8,1,0,15,32,3,13,14,2,0
ASSAM,2001,Family Problems,1,53,74,56,2,186,0,34,38,19,1,92,278,1,87,112,75,3
ASSAM,2001,Ideological Causes/Hero Worshipping,0,0,0,0,0,0,0,0,0,0,0,0,0,0,0,0,0,0
ASSAM,2001,Illegitimate Pregnancy,0,0,0,0,0,0,0,12,4,0,0,16,16,0,12,4,0,0
ASSAM,2001,Love Affairs,1,131,95,17,0,244,0,117,39,2,0,158,402,1,248,134,19,0
ASSAM,2001,"Physical Abuse (Rape,Incest Etc.)",0,4,2,0,0,6,0,0,0,0,0,0,6,0,4,2,0,0
ASSAM,2001,Poverty,0,22,63,48,3,136,0,18,11,10,1,40,176,0,40,74,58,4
ASSAM,2001,Professional/Career Problem,0,0,1,2,0,3,0,0,0,0,0,0,3,0,0,1,2,0
ASSAM,2001,Property Dispute,0,47,54,41,5,147,0,10,18,9,0,37,184,0,57,72,50,5
ASSAM,2001,Unemployment,0,84,136,68,8,296,0,24,12,4,0,40,336,0,108,148,72,8
ASSAM,2001,Causes Not known,20,145,163,104,19,451,10,91,95,43,8,247,698,30,236,258,147,27
ASSAM,2001,Other Causes,7,49,60,42,6,164,3,31,21,11,0,66,230,10,80,81,53,6
ASSAM,2001,Total,35,620,702,418,61,1836,19,383,274,119,16,811,2647,54,1003,976,537,77
ASSAM,2001,Total Illness,2,23,34,33,16,108,2,10,16,18,6,52,160,4,33,50,51,22
ASSAM,2002,Bankruptcy,0,1,1,0,0,2,0,2,1,0,0,3,5,0,3,2,0,0
ASSAM,2002,Suspected/Illicit Relation,0,2,1,3,0,6,0,2,1,0,0,3,9,0,4,2,3,0
ASSAM,2002,Cancellation/Non-Settlement of Marriage,0,1,1,4,0,6,0,1,2,0,0,3,9,0,2,3,4,0
ASSAM,2002,Infertility,0,0,0,0,0,0,0,0,0,0,0,0,0,0,0,0,0,0
ASSAM,2002,Illness (Aids/STD),0,5,6,5,1,17,0,4,1,1,1,7,24,0,9,7,6,2
ASSAM,2002,Cancer,0,2,2,2,1,7,0,0,0,0,0,0,7,0,2,2,2,1
ASSAM,2002,Paralysis,0,2,6,0,0,8,0,0,0,0,0,0,8,0,2,6,0,0
ASSAM,2002,Insanity/Mental Illness,0,5,19,5,7,36,0,1,9,4,3,17,53,0,6,28,9,10
ASSAM,2002,Other Prolonged Illness,0,25,44,32,10,111,0,14,24,15,3,56,167,0,39,68,47,13
ASSAM,2002,Death of Dear Person,0,4,6,0,0,10,0,2,4,0,0,6,16,0,6,10,0,0
ASSAM,2002,Dowry Dispute,0,0,0,0,0,0,0,11,4,0,0,15,15,0,11,4,0,0
ASSAM,2002,Divorce,0,6,3,5,0,14,0,8,3,0,0,11,25,0,14,6,5,0
ASSAM,2002,Drug Abuse/Addiction,0,7,10,2,0,19,0,5,5,0,0,10,29,0,12,15,2,0
ASSAM,2002,Failure in Examination,2,25,5,0,0,32,4,9,3,0,0,16,48,6,34,8,0,0
ASSAM,2002,Fall in Social Reputation,0,11,7,6,2,26,0,9,5,5,1,20,46,0,20,12,11,3
ASSAM,2002,Family Problems,5,62,71,49,9,196,2,36,43,15,5,101,297,7,98,114,64,14
ASSAM,2002,Ideological Causes/Hero Worshipping,0,0,0,0,0,0,0,0,0,0,0,0,0,0,0,0,0,0
ASSAM,2002,Illegitimate Pregnancy,0,0,0,0,0,0,0,17,8,0,0,25,25,0,17,8,0,0
ASSAM,2002,Love Affairs,2,92,87,3,0,184,5,78,42,3,0,128,312,7,170,129,6,0
ASSAM,2002,"Physical Abuse (Rape,Incest Etc.)",0,1,0,0,0,1,0,1,2,0,0,3,4,0,2,2,0,0
ASSAM,2002,Poverty,0,44,53,42,1,140,0,14,8,5,1,28,168,0,58,61,47,2
ASSAM,2002,Professional/Career Problem,0,2,1,0,0,3,0,0,0,0,0,0,3,0,2,1,0,0
ASSAM,2002,Property Dispute,0,29,52,47,1,129,0,14,9,7,0,30,159,0,43,61,54,1
ASSAM,2002,Unemployment,0,64,127,40,2,233,0,23,13,10,0,46,279,0,87,140,50,2
ASSAM,2002,Causes Not known,12,117,123,111,14,377,11,95,58,38,7,209,586,23,212,181,149,21
ASSAM,2002,Other Causes,2,57,55,25,6,145,2,30,30,5,4,71,216,4,87,85,30,10
ASSAM,2002,Total,23,564,680,381,54,1702,24,376,275,108,25,808,2510,47,940,955,489,79
ASSAM,2002,Total Illness,0,39,77,44,19,179,0,19,34,20,7,80,259,0,58,111,64,26
ASSAM,2003,Bankruptcy,0,2,0,0,0,2,0,0,0,0,0,0,2,0,2,0,0,0
ASSAM,2003,Suspected/Illicit Relation,0,2,0,0,0,2,0,4,8,1,0,13,15,0,6,8,1,0
ASSAM,2003,Cancellation/Non-Settlement of Marriage,0,1,3,6,0,10,0,6,5,4,0,15,25,0,7,8,10,0
ASSAM,2003,Infertility,0,0,0,0,0,0,0,0,2,0,0,2,2,0,0,2,0,0
ASSAM,2003,Illness (Aids/STD),0,4,7,1,3,15,0,1,0,0,0,1,16,0,5,7,1,3
ASSAM,2003,Cancer,0,0,8,4,1,13,0,0,1,2,0,3,16,0,0,9,6,1
ASSAM,2003,Paralysis,0,0,1,1,1,3,0,0,0,0,0,0,3,0,0,1,1,1
ASSAM,2003,Insanity/Mental Illness,1,14,13,11,3,42,2,11,3,5,1,22,64,3,25,16,16,4
ASSAM,2003,Other Prolonged Illness,1,1,8,25,7,42,0,1,8,5,4,18,60,1,2,16,30,11
ASSAM,2003,Death of Dear Person,0,0,3,1,0,4,0,4,1,1,0,6,10,0,4,4,2,0
ASSAM,2003,Dowry Dispute,0,0,1,7,0,8,0,12,7,1,1,21,29,0,12,8,8,1
ASSAM,2003,Divorce,0,2,5,7,0,14,0,4,8,3,0,15,29,0,6,13,10,0
ASSAM,2003,Drug Abuse/Addiction,0,0,2,1,2,5,0,0,0,1,0,1,6,0,0,2,2,2
ASSAM,2003,Failure in Examination,4,40,7,0,0,51,6,25,2,0,0,33,84,10,65,9,0,0
ASSAM,2003,Fall in Social Reputation,2,6,9,8,1,26,3,7,2,0,0,12,38,5,13,11,8,1
ASSAM,2003,Family Problems,3,48,61,45,6,163,0,58,29,15,2,104,267,3,106,90,60,8
ASSAM,2003,Ideological Causes/Hero Worshipping,0,0,0,0,0,0,0,0,0,0,0,0,0,0,0,0,0,0
ASSAM,2003,Illegitimate Pregnancy,0,0,0,0,0,0,0,15,4,0,0,19,19,0,15,4,0,0
ASSAM,2003,Love Affairs,1,151,43,8,0,203,3,139,23,2,0,167,370,4,290,66,10,0
ASSAM,2003,"Physical Abuse (Rape,Incest Etc.)",0,0,0,0,0,0,0,0,0,0,0,0,0,0,0,0,0,0
ASSAM,2003,Poverty,0,25,20,16,2,63,0,16,4,5,0,25,88,0,41,24,21,2
ASSAM,2003,Professional/Career Problem,0,0,0,0,0,0,0,0,0,0,0,0,0,0,0,0,0,0
ASSAM,2003,Property Dispute,0,32,22,12,2,68,0,11,1,1,0,13,81,0,43,23,13,2
ASSAM,2003,Unemployment,0,32,94,53,2,181,0,28,23,12,1,64,245,0,60,117,65,3
ASSAM,2003,Causes Not known,42,222,180,95,22,561,24,105,65,27,16,237,798,66,327,245,122,38
ASSAM,2003,Other Causes,7,89,70,22,12,200,10,65,29,16,9,129,329,17,154,99,38,21
ASSAM,2003,Total,61,671,557,323,64,1676,48,512,225,101,34,920,2596,109,1183,782,424,98
ASSAM,2003,Total Illness,2,19,37,42,15,115,2,13,12,12,5,44,159,4,32,49,54,20
ASSAM,2004,Bankruptcy,0,0,4,0,0,4,0,0,0,0,0,0,4,0,0,4,0,0
ASSAM,2004,Suspected/Illicit Relation,0,1,0,0,0,1,0,5,3,2,0,10,11,0,6,3,2,0
ASSAM,2004,Cancellation/Non-Settlement of Marriage,0,5,0,0,0,5,0,9,1,0,0,10,15,0,14,1,0,0
ASSAM,2004,Infertility,0,0,0,0,0,0,0,0,3,0,0,3,3,0,0,3,0,0
ASSAM,2004,Illness (Aids/STD),0,5,6,4,3,18,0,2,1,1,1,5,23,0,7,7,5,4
ASSAM,2004,Cancer,0,3,9,6,4,22,0,0,4,5,1,10,32,0,3,13,11,5
ASSAM,2004,Paralysis,0,0,1,0,1,2,0,0,0,1,0,1,3,0,0,1,1,1
ASSAM,2004,Insanity/Mental Illness,0,6,5,7,3,21,0,4,2,3,0,9,30,0,10,7,10,3
ASSAM,2004,Other Prolonged Illness,0,16,27,26,9,78,0,2,20,3,1,26,104,0,18,47,29,10
ASSAM,2004,Death of Dear Person,0,2,3,0,1,6,0,4,2,0,1,7,13,0,6,5,0,2
ASSAM,2004,Dowry Dispute,0,0,0,0,0,0,0,14,10,1,0,25,25,0,14,10,1,0
ASSAM,2004,Divorce,0,1,3,0,0,4,0,5,7,0,0,12,16,0,6,10,0,0
ASSAM,2004,Drug Abuse/Addiction,0,0,0,0,0,0,0,0,0,0,0,0,0,0,0,0,0,0
ASSAM,2004,Failure in Examination,8,46,0,0,0,54,4,48,0,0,0,52,106,12,94,0,0,0
ASSAM,2004,Fall in Social Reputation,0,7,2,1,0,10,0,0,0,0,0,0,10,0,7,2,1,0
ASSAM,2004,Family Problems,1,56,99,48,1,205,1,31,38,14,1,85,290,2,87,137,62,2
ASSAM,2004,Ideological Causes/Hero Worshipping,0,0,0,0,0,0,0,0,0,0,0,0,0,0,0,0,0,0
ASSAM,2004,Illegitimate Pregnancy,0,0,0,0,0,0,0,6,6,0,0,12,12,0,6,6,0,0
ASSAM,2004,Love Affairs,1,169,116,2,0,288,0,118,37,1,0,156,444,1,287,153,3,0
ASSAM,2004,"Physical Abuse (Rape,Incest Etc.)",0,0,0,0,0,0,0,1,0,0,0,1,1,0,1,0,0,0
ASSAM,2004,Poverty,0,58,67,56,6,187,0,16,12,14,0,42,229,0,74,79,70,6
ASSAM,2004,Professional/Career Problem,0,0,2,0,0,2,0,0,0,0,0,0,2,0,0,2,0,0
ASSAM,2004,Property Dispute,0,40,83,34,6,163,0,13,22,11,0,46,209,0,53,105,45,6
ASSAM,2004,Unemployment,0,42,75,68,9,194,0,25,17,14,1,57,251,0,67,92,82,10
ASSAM,2004,Causes Not known,21,182,206,109,17,535,10,91,79,44,6,230,765,31,273,285,153,23
ASSAM,2004,Other Causes,10,52,56,16,12,146,3,52,32,6,2,95,241,13,104,88,22,14
ASSAM,2004,Total,41,691,764,377,72,1945,18,446,296,120,14,894,2839,59,1137,1060,497,86
ASSAM,2004,Total Illness,0,30,48,43,20,141,0,8,27,13,3,51,192,0,38,75,56,23
ASSAM,2005,Bankruptcy,0,4,7,5,0,16,0,0,6,1,0,7,23,0,4,13,6,0
ASSAM,2005,Suspected/Illicit Relation,0,4,2,3,0,9,1,3,8,1,0,13,22,1,7,10,4,0
ASSAM,2005,Cancellation/Non-Settlement of Marriage,0,23,16,1,0,40,0,41,14,2,0,57,97,0,64,30,3,0
ASSAM,2005,Infertility,0,0,0,0,0,0,2,0,0,2,0,4,4,2,0,0,2,0
ASSAM,2005,Illness (Aids/STD),0,3,10,8,5,26,0,3,4,0,0,7,33,0,6,14,8,5
ASSAM,2005,Cancer,0,2,26,13,0,41,0,0,1,4,4,9,50,0,2,27,17,4
ASSAM,2005,Paralysis,0,0,1,2,0,3,0,0,2,1,1,4,7,0,0,3,3,1
ASSAM,2005,Insanity/Mental Illness,0,9,7,2,2,20,2,2,4,1,0,9,29,2,11,11,3,2
ASSAM,2005,Other Prolonged Illness,0,34,55,30,10,129,0,4,27,4,4,39,168,0,38,82,34,14
ASSAM,2005,Death of Dear Person,0,1,8,1,0,10,0,3,1,1,0,5,15,0,4,9,2,0
ASSAM,2005,Dowry Dispute,0,0,0,0,0,0,0,0,1,0,0,1,1,0,0,1,0,0
ASSAM,2005,Divorce,0,2,3,2,0,7,0,6,13,1,0,20,27,0,8,16,3,0
ASSAM,2005,Drug Abuse/Addiction,0,2,1,0,0,3,0,4,2,0,0,6,9,0,6,3,0,0
ASSAM,2005,Failure in Examination,17,31,1,0,0,49,9,40,0,0,0,49,98,26,71,1,0,0
ASSAM,2005,Fall in Social Reputation,0,3,23,9,0,35,2,4,2,0,0,8,43,2,7,25,9,0
ASSAM,2005,Family Problems,0,33,83,43,4,163,1,58,33,20,1,113,276,1,91,116,63,5
ASSAM,2005,Ideological Causes/Hero Worshipping,0,1,0,0,0,1,0,4,2,0,0,6,7,0,5,2,0,0
ASSAM,2005,Illegitimate Pregnancy,0,0,0,0,0,0,0,5,5,0,0,10,10,0,5,5,0,0
ASSAM,2005,Love Affairs,1,141,97,7,0,246,3,108,50,4,0,165,411,4,249,147,11,0
ASSAM,2005,"Physical Abuse (Rape,Incest Etc.)",0,0,6,2,0,8,0,1,0,4,0,5,13,0,1,6,6,0
ASSAM,2005,Poverty,0,48,51,45,4,148,0,12,21,10,3,46,194,0,60,72,55,7
ASSAM,2005,Professional/Career Problem,0,0,1,0,0,1,0,0,0,0,0,0,1,0,0,1,0,0
ASSAM,2005,Property Dispute,0,38,78,49,3,168,0,13,22,5,0,40,208,0,51,100,54,3
ASSAM,2005,Unemployment,0,0,29,36,6,71,0,0,4,4,0,8,79,0,0,33,40,6
ASSAM,2005,Causes Not known,11,209,228,119,23,590,11,82,62,40,5,200,790,22,291,290,159,28
ASSAM,2005,Other Causes,7,55,58,31,16,167,6,32,15,11,0,64,231,13,87,73,42,16
ASSAM,2005,Total,36,643,791,408,73,1951,37,425,299,116,18,895,2846,73,1068,1090,524,91
ASSAM,2005,Total Illness,0,48,99,55,17,219,2,9,38,10,9,68,287,2,57,137,65,26
ASSAM,2006,Bankruptcy,0,5,6,2,0,13,0,2,3,1,0,6,19,0,7,9,3,0
ASSAM,2006,Suspected/Illicit Relation,0,7,6,2,0,15,0,4,10,1,0,15,30,0,11,16,3,0
ASSAM,2006,Cancellation/Non-Settlement of Marriage,0,4,7,0,0,11,0,7,1,2,0,10,21,0,11,8,2,0
ASSAM,2006,Infertility,0,0,0,0,0,0,0,0,0,1,0,1,1,0,0,0,1,0
ASSAM,2006,Illness (Aids/STD),0,0,12,12,1,25,0,5,4,1,0,10,35,0,5,16,13,1
ASSAM,2006,Cancer,0,0,13,11,1,25,0,0,4,10,1,15,40,0,0,17,21,2
ASSAM,2006,Paralysis,0,0,0,4,3,7,0,0,2,2,0,4,11,0,0,2,6,3
ASSAM,2006,Insanity/Mental Illness,0,5,7,12,4,28,0,1,3,2,0,6,34,0,6,10,14,4
ASSAM,2006,Other Prolonged Illness,2,29,40,28,17,116,1,10,19,5,3,38,154,3,39,59,33,20
ASSAM,2006,Death of Dear Person,0,1,4,2,0,7,0,3,4,1,0,8,15,0,4,8,3,0
ASSAM,2006,Dowry Dispute,0,0,0,0,0,0,0,0,0,0,0,0,0,0,0,0,0,0
ASSAM,2006,Divorce,0,1,2,0,0,3,0,5,3,0,0,8,11,0,6,5,0,0
ASSAM,2006,Drug Abuse/Addiction,0,0,0,0,0,0,0,0,0,0,0,0,0,0,0,0,0,0
ASSAM,2006,Failure in Examination,16,56,1,0,0,73,10,46,1,0,0,57,130,26,102,2,0,0
ASSAM,2006,Fall in Social Reputation,0,0,3,0,0,3,0,0,0,0,0,0,3,0,0,3,0,0
ASSAM,2006,Family Problems,0,108,147,74,12,341,3,67,67,11,2,150,491,3,175,214,85,14
ASSAM,2006,Ideological Causes/Hero Worshipping,0,0,0,0,0,0,0,0,0,0,0,0,0,0,0,0,0,0
ASSAM,2006,Illegitimate Pregnancy,0,0,0,0,0,0,0,12,5,0,0,17,17,0,12,5,0,0
ASSAM,2006,Love Affairs,0,168,134,6,0,308,2,109,33,2,0,146,454,2,277,167,8,0
ASSAM,2006,"Physical Abuse (Rape,Incest Etc.)",0,0,1,0,0,1,0,0,1,0,0,1,2,0,0,2,0,0
ASSAM,2006,Poverty,0,37,100,30,1,168,0,10,29,4,0,43,211,0,47,129,34,1
ASSAM,2006,Professional/Career Problem,0,0,1,0,0,1,0,0,0,0,0,0,1,0,0,1,0,0
ASSAM,2006,Property Dispute,0,79,60,19,5,163,0,15,26,10,0,51,214,0,94,86,29,5
ASSAM,2006,Unemployment,0,0,11,21,2,34,0,0,3,0,0,3,37,0,0,14,21,2
ASSAM,2006,Causes Not known,21,208,251,141,28,649,15,96,104,43,8,266,915,36,304,355,184,36
ASSAM,2006,Other Causes,5,45,47,21,7,125,1,21,26,11,1,60,185,6,66,73,32,8
ASSAM,2006,Total,44,753,853,385,81,2116,32,413,348,107,15,915,3031,76,1166,1201,492,96
ASSAM,2006,Total Illness,2,34,72,67,26,201,1,16,32,20,4,73,274,3,50,104,87,30
ASSAM,2007,Bankruptcy,0,0,0,0,0,0,0,0,0,0,0,0,0,0,0,0,0,0
ASSAM,2007,Suspected/Illicit Relation,0,2,1,0,0,3,0,7,6,2,0,15,18,0,9,7,2,0
ASSAM,2007,Cancellation/Non-Settlement of Marriage,0,3,2,2,0,7,0,10,1,4,0,15,22,0,13,3,6,0
ASSAM,2007,Infertility,0,0,2,1,1,4,0,0,3,0,2,5,9,0,0,5,1,3
ASSAM,2007,Illness (Aids/STD),0,0,0,0,0,0,0,1,0,0,0,1,1,0,1,0,0,0
ASSAM,2007,Cancer,0,1,7,4,1,13,0,2,4,4,2,12,25,0,3,11,8,3
ASSAM,2007,Paralysis,0,0,0,0,0,0,0,0,0,0,0,0,0,0,0,0,0,0
ASSAM,2007,Insanity/Mental Illness,0,5,14,6,1,26,0,2,9,4,1,16,42,0,7,23,10,2
ASSAM,2007,Other Prolonged Illness,1,62,70,47,3,183,1,23,23,6,4,57,240,2,85,93,53,7
ASSAM,2007,Death of Dear Person,0,2,1,2,0,5,0,4,0,2,1,7,12,0,6,1,4,1
ASSAM,2007,Dowry Dispute,0,0,0,0,0,0,0,3,4,0,0,7,7,0,3,4,0,0
ASSAM,2007,Divorce,0,0,0,0,0,0,0,5,8,1,0,14,14,0,5,8,1,0
ASSAM,2007,Drug Abuse/Addiction,0,1,0,0,0,1,0,0,0,0,0,0,1,0,1,0,0,0
ASSAM,2007,Failure in Examination,13,39,2,0,0,54,6,39,0,0,0,45,99,19,78,2,0,0
ASSAM,2007,Fall in Social Reputation,2,9,5,0,0,16,0,4,0,0,0,4,20,2,13,5,0,0
ASSAM,2007,Family Problems,1,75,95,69,4,244,1,45,55,8,3,112,356,2,120,150,77,7
ASSAM,2007,Ideological Causes/Hero Worshipping,0,0,0,0,0,0,0,0,0,0,0,0,0,0,0,0,0,0
ASSAM,2007,Illegitimate Pregnancy,0,0,0,0,0,0,0,8,2,0,0,10,10,0,8,2,0,0
ASSAM,2007,Love Affairs,0,116,133,15,0,264,0,112,49,4,0,165,429,0,228,182,19,0
ASSAM,2007,"Physical Abuse (Rape,Incest Etc.)",0,5,11,22,0,38,0,0,5,0,0,5,43,0,5,16,22,0
ASSAM,2007,Poverty,0,21,44,32,0,97,0,10,11,0,0,21,118,0,31,55,32,0
ASSAM,2007,Professional/Career Problem,0,10,28,22,0,60,0,4,4,5,0,13,73,0,14,32,27,0
ASSAM,2007,Property Dispute,0,47,47,39,5,138,0,19,27,15,0,61,199,0,66,74,54,5
ASSAM,2007,Unemployment,0,0,5,16,6,27,0,0,1,0,0,1,28,0,0,6,16,6
ASSAM,2007,Causes Not known,18,244,257,193,32,744,23,101,101,62,17,304,1048,41,345,358,255,49
ASSAM,2007,Other Causes,3,62,75,37,15,192,2,28,18,3,5,56,248,5,90,93,40,20
ASSAM,2007,Total,38,704,799,507,68,2116,33,427,331,120,35,946,3062,71,1131,1130,627,103
ASSAM,2007,Total Illness,1,68,91,57,5,222,1,28,36,14,7,86,308,2,96,127,71,12
ASSAM,2008,Bankruptcy,0,0,0,0,0,0,0,0,0,0,0,0,0,0,0,0,0,0
ASSAM,2008,Suspected/Illicit Relation,0,2,10,0,0,12,0,8,2,2,0,12,24,0,10,12,2,0
ASSAM,2008,Cancellation/Non-Settlement of Marriage,0,1,0,0,0,1,0,2,7,2,0,11,12,0,3,7,2,0
ASSAM,2008,Infertility,0,2,0,0,0,2,0,3,2,3,0,8,10,0,5,2,3,0
ASSAM,2008,Illness (Aids/STD),0,0,0,0,0,0,0,3,1,0,2,6,6,0,3,1,0,2
ASSAM,2008,Cancer,0,0,7,16,2,25,0,0,3,4,0,7,32,0,0,10,20,2
ASSAM,2008,Paralysis,0,0,3,2,0,5,0,0,2,0,0,2,7,0,0,5,2,0
ASSAM,2008,Insanity/Mental Illness,0,5,8,10,1,24,0,4,2,7,0,13,37,0,9,10,17,1
ASSAM,2008,Other Prolonged Illness,0,9,33,47,14,103,0,17,24,13,0,54,157,0,26,57,60,14
ASSAM,2008,Death of Dear Person,0,20,23,5,0,48,0,4,12,0,0,16,64,0,24,35,5,0
ASSAM,2008,Dowry Dispute,0,0,0,0,0,0,0,6,2,0,0,8,8,0,6,2,0,0
ASSAM,2008,Divorce,0,0,0,0,0,0,0,0,0,0,0,0,0,0,0,0,0,0
ASSAM,2008,Drug Abuse/Addiction,0,6,4,3,2,15,0,0,1,1,0,2,17,0,6,5,4,2
ASSAM,2008,Failure in Examination,5,57,4,0,0,66,5,48,0,0,0,53,119,10,105,4,0,0
ASSAM,2008,Fall in Social Reputation,0,5,6,5,0,16,0,0,0,0,0,0,16,0,5,6,5,0
ASSAM,2008,Family Problems,2,84,84,56,11,237,2,62,98,18,0,180,417,4,146,182,74,11
ASSAM,2008,Ideological Causes/Hero Worshipping,0,2,0,0,0,2,0,0,0,0,0,0,2,0,2,0,0,0
ASSAM,2008,Illegitimate Pregnancy,0,0,0,0,0,0,0,19,5,0,0,24,24,0,19,5,0,0
ASSAM,2008,Love Affairs,3,113,116,7,0,239,1,120,36,0,0,157,396,4,233,152,7,0
ASSAM,2008,"Physical Abuse (Rape,Incest Etc.)",0,0,1,8,0,9,0,0,1,3,0,4,13,0,0,2,11,0
ASSAM,2008,Poverty,0,32,71,38,1,142,0,27,35,14,0,76,218,0,59,106,52,1
ASSAM,2008,Professional/Career Problem,0,1,1,0,0,2,0,3,1,0,0,4,6,0,4,2,0,0
ASSAM,2008,Property Dispute,0,42,76,38,0,156,0,21,24,8,0,53,209,0,63,100,46,0
ASSAM,2008,Unemployment,0,6,2,19,0,27,0,3,0,0,0,3,30,0,9,2,19,0
ASSAM,2008,Causes Not known,13,247,255,101,21,637,9,113,79,38,12,251,888,22,360,334,139,33
ASSAM,2008,Other Causes,5,82,68,43,4,202,0,40,23,7,5,75,277,5,122,91,50,9
ASSAM,2008,Total,28,716,772,398,56,1970,17,503,360,120,19,1019,2989,45,1219,1132,518,75
ASSAM,2008,Total Illness,0,14,51,75,17,157,0,24,32,24,2,82,239,0,38,83,99,19
ASSAM,2009,Bankruptcy,0,0,14,7,0,21,0,1,0,0,0,1,22,0,1,14,7,0
ASSAM,2009,Suspected/Illicit Relation,0,10,15,16,2,43,1,10,12,0,2,25,68,1,20,27,16,4
ASSAM,2009,Cancellation/Non-Settlement of Marriage,0,9,1,0,0,10,0,13,9,0,0,22,32,0,22,10,0,0
ASSAM,2009,Infertility,0,3,1,0,0,4,0,5,0,0,0,5,9,0,8,1,0,0
ASSAM,2009,Illness (Aids/STD),0,0,0,0,0,0,0,0,2,4,0,6,6,0,0,2,4,0
ASSAM,2009,Cancer,0,2,4,11,1,18,0,0,3,0,0,3,21,0,2,7,11,1
ASSAM,2009,Paralysis,0,0,3,5,0,8,0,0,0,0,0,0,8,0,0,3,5,0
ASSAM,2009,Insanity/Mental Illness,0,6,10,5,0,21,0,0,4,4,0,8,29,0,6,14,9,0
ASSAM,2009,Other Prolonged Illness,0,15,30,22,5,72,0,18,13,6,3,40,112,0,33,43,28,8
ASSAM,2009,Death of Dear Person,0,3,10,0,0,13,0,3,7,0,0,10,23,0,6,17,0,0
ASSAM,2009,Dowry Dispute,0,0,0,1,0,1,0,11,8,1,0,20,21,0,11,8,2,0
ASSAM,2009,Divorce,0,0,2,1,0,3,0,1,2,8,0,11,14,0,1,4,9,0
ASSAM,2009,Drug Abuse/Addiction,0,19,4,3,0,26,0,14,8,0,2,24,50,0,33,12,3,2
ASSAM,2009,Failure in Examination,7,64,6,3,0,80,1,42,3,3,0,49,129,8,106,9,6,0
ASSAM,2009,Fall in Social Reputation,0,0,4,7,2,13,0,6,4,1,0,11,24,0,6,8,8,2
ASSAM,2009,Family Problems,0,103,126,68,14,311,2,76,50,25,3,156,467,2,179,176,93,17
ASSAM,2009,Ideological Causes/Hero Worshipping,0,0,0,0,0,0,0,2,0,0,0,2,2,0,2,0,0,0
ASSAM,2009,Illegitimate Pregnancy,0,0,0,0,0,0,0,15,6,0,0,21,21,0,15,6,0,0
ASSAM,2009,Love Affairs,0,100,93,6,0,199,1,112,35,4,0,152,351,1,212,128,10,0
ASSAM,2009,"Physical Abuse (Rape,Incest Etc.)",0,2,2,4,0,8,0,3,4,0,0,7,15,0,5,6,4,0
ASSAM,2009,Poverty,0,36,53,24,0,113,0,11,8,9,0,28,141,0,47,61,33,0
ASSAM,2009,Professional/Career Problem,0,0,12,13,0,25,0,4,14,2,0,20,45,0,4,26,15,0
ASSAM,2009,Property Dispute,0,33,71,43,0,147,0,22,18,8,0,48,195,0,55,89,51,0
ASSAM,2009,Unemployment,0,7,20,34,2,63,0,0,9,10,0,19,82,0,7,29,44,2
ASSAM,2009,Causes Not known,16,167,174,113,26,496,13,86,86,80,15,280,776,29,253,260,193,41
ASSAM,2009,Other Causes,4,76,57,39,11,187,6,59,35,15,1,116,303,10,135,92,54,12
ASSAM,2009,Total,27,655,712,425,63,1882,24,514,340,180,26,1084,2966,51,1169,1052,605,89
ASSAM,2009,Total Illness,0,23,47,43,6,119,0,18,22,14,3,57,176,0,41,69,57,9
ASSAM,2010,Bankruptcy,0,3,9,1,0,13,0,2,0,0,0,2,15,0,5,9,1,0
ASSAM,2010,Suspected/Illicit Relation,0,1,0,0,0,1,0,8,1,0,0,9,10,0,9,1,0,0
ASSAM,2010,Cancellation/Non-Settlement of Marriage,0,6,3,0,0,9,0,11,2,0,0,13,22,0,17,5,0,0
ASSAM,2010,Infertility,0,0,0,0,0,0,0,0,6,0,0,6,6,0,0,6,0,0
ASSAM,2010,Illness (Aids/STD),0,0,0,0,0,0,0,3,1,0,2,6,6,0,3,1,0,2
ASSAM,2010,Cancer,0,0,7,10,0,17,0,3,6,2,0,11,28,0,3,13,12,0
ASSAM,2010,Paralysis,0,0,4,4,0,8,0,0,0,0,0,0,8,0,0,4,4,0
ASSAM,2010,Insanity/Mental Illness,0,12,10,10,0,32,0,1,3,4,0,8,40,0,13,13,14,0
ASSAM,2010,Other Prolonged Illness,1,41,64,45,16,167,1,21,25,29,5,81,248,2,62,89,74,21
ASSAM,2010,Death of Dear Person,1,7,12,3,0,23,0,1,13,2,0,16,39,1,8,25,5,0
ASSAM,2010,Dowry Dispute,0,0,0,0,0,0,0,10,7,0,0,17,17,0,10,7,0,0
ASSAM,2010,Divorce,0,1,3,0,0,4,0,8,7,0,0,15,19,0,9,10,0,0
ASSAM,2010,Drug Abuse/Addiction,0,3,0,3,1,7,1,5,3,0,2,11,18,1,8,3,3,3
ASSAM,2010,Failure in Examination,9,74,8,0,0,91,1,50,0,0,0,51,142,10,124,8,0,0
ASSAM,2010,Fall in Social Reputation,0,1,2,5,0,8,1,2,1,0,0,4,12,1,3,3,5,0
ASSAM,2010,Family Problems,2,114,123,92,5,336,2,65,36,13,1,117,453,4,179,159,105,6
ASSAM,2010,Ideological Causes/Hero Worshipping,0,0,0,0,0,0,0,0,0,0,0,0,0,0,0,0,0,0
ASSAM,2010,Illegitimate Pregnancy,0,0,0,0,0,0,0,13,2,0,0,15,15,0,13,2,0,0
ASSAM,2010,Love Affairs,0,128,86,5,0,219,4,123,42,0,0,169,388,4,251,128,5,0
ASSAM,2010,"Physical Abuse (Rape,Incest Etc.)",0,0,0,0,0,0,0,2,2,0,0,4,4,0,2,2,0,0
ASSAM,2010,Poverty,0,22,41,56,1,120,0,13,20,6,0,39,159,0,35,61,62,1
ASSAM,2010,Professional/Career Problem,0,1,5,0,0,6,0,0,1,0,0,1,7,0,1,6,0,0
ASSAM,2010,Property Dispute,0,57,65,30,0,152,0,15,24,7,0,46,198,0,72,89,37,0
ASSAM,2010,Unemployment,0,1,23,30,1,55,0,2,1,0,0,3,58,0,3,24,30,1
ASSAM,2010,Causes Not known,21,231,234,129,40,655,19,109,85,57,9,279,934,40,340,319,186,49
ASSAM,2010,Other Causes,0,42,36,19,6,103,3,22,14,2,3,44,147,3,64,50,21,9
ASSAM,2010,Total,34,745,735,442,70,2026,32,489,302,122,22,967,2993,66,1234,1037,564,92
ASSAM,2010,Total Illness,1,53,85,69,16,224,1,28,35,35,7,106,330,2,81,120,104,23
ASSAM,2011,Bankruptcy,0,3,1,0,0,4,0,1,2,0,0,3,7,0,4,3,0,0
ASSAM,2011,Suspected/Illicit Relation,0,3,2,2,1,8,0,3,3,0,1,7,15,0,6,5,2,2
ASSAM,2011,Cancellation/Non-Settlement of Marriage,0,3,1,0,0,4,0,2,4,0,0,6,10,0,5,5,0,0
ASSAM,2011,Infertility,0,0,3,0,0,3,0,1,5,0,0,6,9,0,1,8,0,0
ASSAM,2011,Illness (Aids/STD),0,0,0,0,0,0,0,0,0,0,0,0,0,0,0,0,0,0
ASSAM,2011,Cancer,0,7,18,17,0,42,0,0,6,1,0,7,49,0,7,24,18,0
ASSAM,2011,Paralysis,0,2,3,1,0,6,0,0,2,0,0,2,8,0,2,5,1,0
ASSAM,2011,Insanity/Mental Illness,0,13,15,18,1,47,0,4,7,6,0,17,64,0,17,22,24,1
ASSAM,2011,Other Prolonged Illness,0,18,40,31,7,96,1,19,25,5,5,55,151,1,37,65,36,12
ASSAM,2011,Death of Dear Person,0,8,16,10,0,34,0,4,2,1,0,7,41,0,12,18,11,0
ASSAM,2011,Dowry Dispute,0,0,0,0,0,0,0,4,5,0,0,9,9,0,4,5,0,0
ASSAM,2011,Divorce,0,1,2,1,0,4,0,4,9,3,0,16,20,0,5,11,4,0
ASSAM,2011,Drug Abuse/Addiction,0,3,3,2,0,8,0,2,3,2,0,7,15,0,5,6,4,0
ASSAM,2011,Failure in Examination,1,104,1,2,0,108,0,61,1,2,0,64,172,1,165,2,4,0
ASSAM,2011,Fall in Social Reputation,0,4,4,0,0,8,0,6,7,3,0,16,24,0,10,11,3,0
ASSAM,2011,Family Problems,1,53,120,64,3,241,2,52,29,17,0,100,341,3,105,149,81,3
ASSAM,2011,Ideological Causes/Hero Worshipping,0,0,2,2,0,4,0,0,0,0,0,0,4,0,0,2,2,0
ASSAM,2011,Illegitimate Pregnancy,0,0,0,0,0,0,0,8,3,1,0,12,12,0,8,3,1,0
ASSAM,2011,Love Affairs,0,170,100,0,0,270,1,100,30,0,0,131,401,1,270,130,0,0
ASSAM,2011,"Physical Abuse (Rape,Incest Etc.)",0,0,0,0,0,0,0,0,2,2,0,4,4,0,0,2,2,0
ASSAM,2011,Poverty,1,55,62,47,8,173,0,37,39,19,0,95,268,1,92,101,66,8
ASSAM,2011,Professional/Career Problem,0,2,0,4,0,6,0,0,0,0,0,0,6,0,2,0,4,0
ASSAM,2011,Property Dispute,0,47,65,38,0,150,0,13,35,11,0,59,209,0,60,100,49,0
ASSAM,2011,Unemployment,0,7,12,18,2,39,0,0,2,0,0,2,41,0,7,14,18,2
ASSAM,2011,Causes Not known,16,135,190,124,17,482,3,75,109,50,4,241,723,19,210,299,174,21
ASSAM,2011,Other Causes,1,29,26,27,6,89,3,14,11,3,3,34,123,4,43,37,30,9
ASSAM,2011,Total,20,667,686,408,45,1826,10,410,341,126,13,900,2726,30,1077,1027,534,58
ASSAM,2011,Total Illness,0,40,76,67,8,191,1,23,40,12,5,81,272,1,63,116,79,13
ASSAM,2012,Bankruptcy,0,3,1,0,0,4,0,0,3,0,0,3,7,0,3,4,0,0
ASSAM,2012,Suspected/Illicit Relation,0,0,9,3,1,13,0,5,4,2,1,12,25,0,5,13,5,2
ASSAM,2012,Cancellation/Non-Settlement of Marriage,0,1,0,0,0,1,0,6,0,0,0,6,7,0,7,0,0,0
ASSAM,2012,Infertility,1,0,0,1,0,2,1,1,4,0,0,6,8,2,1,4,1,0
ASSAM,2012,Illness (Aids/STD),1,1,0,5,0,7,0,0,0,1,0,1,8,1,1,0,6,0
ASSAM,2012,Cancer,0,4,14,15,0,33,0,0,1,0,0,1,34,0,4,15,15,0
ASSAM,2012,Paralysis,0,3,7,5,0,15,0,0,5,2,0,7,22,0,3,12,7,0
ASSAM,2012,Insanity/Mental Illness,1,7,16,10,0,34,0,3,1,0,0,4,38,1,10,17,10,0
ASSAM,2012,Other Prolonged Illness,2,34,80,93,6,215,0,16,40,30,1,87,302,2,50,120,123,7
ASSAM,2012,Death of Dear Person,0,7,4,2,1,14,0,4,3,1,0,8,22,0,11,7,3,1
ASSAM,2012,Dowry Dispute,0,0,0,0,0,0,0,1,0,0,0,1,1,0,1,0,0,0
ASSAM,2012,Divorce,0,0,1,3,0,4,0,0,2,0,0,2,6,0,0,3,3,0
ASSAM,2012,Drug Abuse/Addiction,0,0,6,6,0,12,0,1,2,1,0,4,16,0,1,8,7,0
ASSAM,2012,Failure in Examination,0,80,2,3,0,85,0,62,2,0,0,64,149,0,142,4,3,0
ASSAM,2012,Fall in Social Reputation,0,17,38,20,0,75,0,0,1,2,0,3,78,0,17,39,22,0
ASSAM,2012,Family Problems,2,78,131,75,2,288,0,28,48,15,0,91,379,2,106,179,90,2
ASSAM,2012,Ideological Causes/Hero Worshipping,0,0,2,2,0,4,0,0,0,0,0,0,4,0,0,2,2,0
ASSAM,2012,Illegitimate Pregnancy,0,0,0,0,0,0,0,9,2,0,0,11,11,0,9,2,0,0
ASSAM,2012,Love Affairs,0,160,166,4,0,330,1,111,50,2,0,164,494,1,271,216,6,0
ASSAM,2012,"Physical Abuse (Rape,Incest Etc.)",0,0,0,0,0,0,0,2,0,0,0,2,2,0,2,0,0,0
ASSAM,2012,Poverty,0,43,68,64,0,175,0,2,27,15,0,44,219,0,45,95,79,0
ASSAM,2012,Professional/Career Problem,0,1,1,2,0,4,0,0,0,1,0,1,5,0,1,1,3,0
ASSAM,2012,Property Dispute,0,51,77,65,2,195,0,5,16,12,0,33,228,0,56,93,77,2
ASSAM,2012,Unemployment,0,0,6,33,7,46,0,0,2,1,0,3,49,0,0,8,34,7
ASSAM,2012,Causes Not known,30,187,280,179,30,706,14,99,102,74,7,296,1002,44,286,382,253,37
ASSAM,2012,Other Causes,0,18,74,37,1,130,0,7,7,4,0,18,148,0,25,81,41,1
ASSAM,2012,Total,37,695,983,627,50,2392,16,362,322,163,9,872,3264,53,1057,1305,790,59
ASSAM,2012,Total Illness,4,49,117,128,6,304,0,19,47,33,1,100,404,4,68,164,161,7
BIHAR,2001,Bankruptcy,0,0,0,0,0,0,0,0,0,0,0,0,0,0,0,0,0,0
BIHAR,2001,Suspected/Illicit Relation,0,6,3,0,0,9,0,6,3,0,0,9,18,0,12,6,0,0
BIHAR,2001,Cancellation/Non-Settlement of Marriage,0,0,0,0,1,1,0,0,1,0,0,1,2,0,0,1,0,1
BIHAR,2001,Infertility,0,0,0,0,0,0,0,1,0,0,0,1,1,0,1,0,0,0
BIHAR,2001,Illness (Aids/STD),0,0,0,0,0,0,0,0,0,0,0,0,0,0,0,0,0,0
BIHAR,2001,Cancer,0,0,0,0,0,0,0,0,0,0,0,0,0,0,0,0,0,0
BIHAR,2001,Paralysis,0,0,0,0,0,0,0,0,0,0,0,0,0,0,0,0,0,0
BIHAR,2001,Insanity/Mental Illness,0,2,4,0,1,7,0,2,2,1,0,5,12,0,4,6,1,1
BIHAR,2001,Other Prolonged Illness,0,7,3,5,1,16,0,1,1,1,0,3,19,0,8,4,6,1
BIHAR,2001,Death of Dear Person,0,0,0,0,0,0,0,5,5,0,0,10,10,0,5,5,0,0
BIHAR,2001,Dowry Dispute,0,0,1,0,0,1,0,9,6,1,0,16,17,0,9,7,1,0
BIHAR,2001,Divorce,0,0,2,0,0,2,0,0,0,0,0,0,2,0,0,2,0,0
BIHAR,2001,Drug Abuse/Addiction,0,2,1,0,2,5,0,0,1,1,0,2,7,0,2,2,1,2
BIHAR,2001,Failure in Examination,1,11,5,1,0,18,1,4,1,1,0,7,25,2,15,6,2,0
BIHAR,2001,Fall in Social Reputation,0,5,3,1,0,9,0,0,0,0,0,0,9,0,5,3,1,0
BIHAR,2001,Family Problems,2,52,44,10,7,115,5,64,22,14,3,108,223,7,116,66,24,10
BIHAR,2001,Ideological Causes/Hero Worshipping,0,0,0,0,0,0,0,9,2,0,0,11,11,0,9,2,0,0
BIHAR,2001,Illegitimate Pregnancy,0,4,2,0,0,6,1,1,2,0,0,4,10,1,5,4,0,0
BIHAR,2001,Love Affairs,1,9,1,0,0,11,1,11,3,0,0,15,26,2,20,4,0,0
BIHAR,2001,"Physical Abuse (Rape,Incest Etc.)",0,0,0,0,0,0,0,0,0,0,0,0,0,0,0,0,0,0
BIHAR,2001,Poverty,0,0,0,0,0,0,0,0,0,0,0,0,0,0,0,0,0,0
BIHAR,2001,Professional/Career Problem,0,0,0,0,1,1,0,0,0,0,0,0,1,0,0,0,0,1
BIHAR,2001,Property Dispute,0,0,2,0,0,2,0,0,0,0,0,0,2,0,0,2,0,0
BIHAR,2001,Unemployment,0,0,1,0,0,1,0,0,0,0,0,0,1,0,0,1,0,0
BIHAR,2001,Causes Not known,1,11,9,5,2,28,2,15,10,5,2,34,62,3,26,19,10,4
BIHAR,2001,Other Causes,3,22,40,9,1,75,4,25,35,3,3,70,145,7,47,75,12,4
BIHAR,2001,Total,8,131,121,31,16,307,14,153,94,27,8,296,603,22,284,215,58,24
BIHAR,2001,Total Illness,0,9,7,5,2,23,0,3,3,2,0,8,31,0,12,10,7,2
BIHAR,2002,Bankruptcy,0,0,3,0,0,3,0,0,0,0,0,0,3,0,0,3,0,0
BIHAR,2002,Suspected/Illicit Relation,0,2,1,0,0,3,0,8,4,1,0,13,16,0,10,5,1,0
BIHAR,2002,Cancellation/Non-Settlement of Marriage,0,0,3,1,0,4,0,0,0,0,0,0,4,0,0,3,1,0
BIHAR,2002,Infertility,0,0,0,0,0,0,0,2,2,0,0,4,4,0,2,2,0,0
BIHAR,2002,Illness (Aids/STD),0,0,1,2,0,3,0,0,0,2,0,2,5,0,0,1,4,0
BIHAR,2002,Cancer,0,0,0,0,0,0,0,0,0,0,0,0,0,0,0,0,0,0
BIHAR,2002,Paralysis,0,0,0,0,0,0,0,0,0,0,0,0,0,0,0,0,0,0
BIHAR,2002,Insanity/Mental Illness,0,3,3,2,1,9,0,0,2,1,0,3,12,0,3,5,3,1
BIHAR,2002,Other Prolonged Illness,0,11,7,7,3,28,0,3,4,1,0,8,36,0,14,11,8,3
BIHAR,2002,Death of Dear Person,0,0,0,1,0,1,1,0,1,1,2,5,6,1,0,1,2,2
BIHAR,2002,Dowry Dispute,0,1,0,0,0,1,0,14,7,0,0,21,22,0,15,7,0,0
BIHAR,2002,Divorce,0,0,0,0,0,0,0,3,3,1,0,7,7,0,3,3,1,0
BIHAR,2002,Drug Abuse/Addiction,1,4,5,2,0,12,2,3,0,1,0,6,18,3,7,5,3,0
BIHAR,2002,Failure in Examination,1,2,0,0,0,3,0,1,0,0,0,1,4,1,3,0,0,0
BIHAR,2002,Fall in Social Reputation,0,3,2,2,0,7,0,1,2,1,0,4,11,0,4,4,3,0
BIHAR,2002,Family Problems,8,35,57,15,5,120,3,55,35,20,1,114,234,11,90,92,35,6
BIHAR,2002,Ideological Causes/Hero Worshipping,0,0,0,0,0,0,0,0,0,0,0,0,0,0,0,0,0,0
BIHAR,2002,Illegitimate Pregnancy,0,0,0,0,0,0,0,0,0,0,0,0,0,0,0,0,0,0
BIHAR,2002,Love Affairs,0,10,5,0,0,15,1,8,2,1,0,12,27,1,18,7,1,0
BIHAR,2002,"Physical Abuse (Rape,Incest Etc.)",0,0,0,0,0,0,0,0,0,0,0,0,0,0,0,0,0,0
BIHAR,2002,Poverty,0,0,2,0,1,3,0,0,0,0,0,0,3,0,0,2,0,1
BIHAR,2002,Professional/Career Problem,0,0,3,0,0,3,0,0,1,0,0,1,4,0,0,4,0,0
BIHAR,2002,Property Dispute,0,2,2,0,0,4,0,2,0,0,0,2,6,0,4,2,0,0
BIHAR,2002,Unemployment,0,2,2,1,0,5,0,0,0,0,0,0,5,0,2,2,1,0
BIHAR,2002,Causes Not known,2,12,23,15,2,54,1,15,8,2,2,28,82,3,27,31,17,4
BIHAR,2002,Other Causes,11,70,43,20,4,148,5,30,25,3,0,63,211,16,100,68,23,4
BIHAR,2002,Total,23,157,162,68,16,426,13,145,96,35,5,294,720,36,302,258,103,21
BIHAR,2002,Total Illness,0,14,11,11,4,40,0,3,6,4,0,13,53,0,17,17,15,4
BIHAR,2003,Bankruptcy,0,0,0,0,0,0,0,0,0,0,0,0,0,0,0,0,0,0
BIHAR,2003,Suspected/Illicit Relation,2,2,1,0,0,5,0,3,0,0,0,3,8,2,5,1,0,0
BIHAR,2003,Cancellation/Non-Settlement of Marriage,1,0,2,0,0,3,1,0,0,0,0,1,4,2,0,2,0,0
BIHAR,2003,Infertility,0,0,0,0,0,0,0,1,0,0,0,1,1,0,1,0,0,0
BIHAR,2003,Illness (Aids/STD),0,3,2,0,0,5,0,0,1,1,0,2,7,0,3,3,1,0
BIHAR,2003,Cancer,0,0,3,1,0,4,0,0,1,0,0,1,5,0,0,4,1,0
BIHAR,2003,Paralysis,0,0,0,0,1,1,0,0,0,0,1,1,2,0,0,0,0,2
BIHAR,2003,Insanity/Mental Illness,0,3,0,0,0,3,0,0,0,0,0,0,3,0,3,0,0,0
BIHAR,2003,Other Prolonged Illness,0,3,4,3,2,12,0,2,3,1,0,6,18,0,5,7,4,2
BIHAR,2003,Death of Dear Person,0,0,1,0,0,1,2,9,5,0,0,16,17,2,9,6,0,0
BIHAR,2003,Dowry Dispute,0,0,1,0,0,1,0,17,12,0,0,29,30,0,17,13,0,0
BIHAR,2003,Divorce,0,0,0,0,0,0,0,1,1,0,0,2,2,0,1,1,0,0
BIHAR,2003,Drug Abuse/Addiction,0,1,2,1,1,5,0,0,0,0,0,0,5,0,1,2,1,1
BIHAR,2003,Failure in Examination,2,7,0,0,0,9,1,2,0,0,0,3,12,3,9,0,0,0
BIHAR,2003,Fall in Social Reputation,0,0,1,0,0,1,0,0,0,0,0,0,1,0,0,1,0,0
BIHAR,2003,Family Problems,4,37,33,15,8,97,4,24,19,5,0,52,149,8,61,52,20,8
BIHAR,2003,Ideological Causes/Hero Worshipping,0,1,0,2,0,3,0,0,1,0,0,1,4,0,1,1,2,0
BIHAR,2003,Illegitimate Pregnancy,0,0,0,0,0,0,0,2,1,0,0,3,3,0,2,1,0,0
BIHAR,2003,Love Affairs,1,8,0,0,0,9,0,7,1,0,0,8,17,1,15,1,0,0
BIHAR,2003,"Physical Abuse (Rape,Incest Etc.)",0,1,1,0,0,2,0,1,0,0,0,1,3,0,2,1,0,0
BIHAR,2003,Poverty,0,0,1,2,0,3,0,3,1,0,0,4,7,0,3,2,2,0
BIHAR,2003,Professional/Career Problem,0,1,1,0,0,2,0,0,0,0,0,0,2,0,1,1,0,0
BIHAR,2003,Property Dispute,0,0,3,0,0,3,0,0,0,0,0,0,3,0,0,3,0,0
BIHAR,2003,Unemployment,0,0,1,0,0,1,0,0,1,0,0,1,2,0,0,2,0,0
BIHAR,2003,Causes Not known,17,21,28,21,0,87,4,21,16,2,1,44,131,21,42,44,23,1
BIHAR,2003,Other Causes,22,47,19,6,0,94,3,34,27,3,2,69,163,25,81,46,9,2
BIHAR,2003,Total,49,135,104,51,12,351,15,127,90,12,4,248,599,64,262,194,63,16
BIHAR,2003,Total Illness,0,9,9,4,3,25,0,2,5,2,1,10,35,0,11,14,6,4
BIHAR,2004,Bankruptcy,0,0,0,0,0,0,0,0,0,0,0,0,0,0,0,0,0,0
BIHAR,2004,Suspected/Illicit Relation,0,2,4,0,0,6,0,0,1,0,0,1,7,0,2,5,0,0
BIHAR,2004,Cancellation/Non-Settlement of Marriage,0,0,1,0,0,1,0,1,0,0,0,1,2,0,1,1,0,0
BIHAR,2004,Infertility,0,0,0,0,0,0,0,2,2,0,0,4,4,0,2,2,0,0
BIHAR,2004,Illness (Aids/STD),0,0,0,0,0,0,0,0,0,0,0,0,0,0,0,0,0,0
BIHAR,2004,Cancer,0,0,0,0,0,0,0,0,0,0,0,0,0,0,0,0,0,0
BIHAR,2004,Paralysis,0,0,0,0,0,0,0,0,0,0,0,0,0,0,0,0,0,0
BIHAR,2004,Insanity/Mental Illness,1,3,1,4,2,11,0,3,2,1,0,6,17,1,6,3,5,2
BIHAR,2004,Other Prolonged Illness,0,2,6,2,3,13,0,3,2,2,1,8,21,0,5,8,4,4
BIHAR,2004,Death of Dear Person,1,0,1,0,0,2,0,0,0,0,0,0,2,1,0,1,0,0
BIHAR,2004,Dowry Dispute,0,2,0,0,0,2,0,4,3,0,0,7,9,0,6,3,0,0
BIHAR,2004,Divorce,0,0,0,0,0,0,0,1,0,1,0,2,2,0,1,0,1,0
BIHAR,2004,Drug Abuse/Addiction,0,1,3,0,0,4,0,1,0,0,0,1,5,0,2,3,0,0
BIHAR,2004,Failure in Examination,1,2,0,0,0,3,3,1,0,0,0,4,7,4,3,0,0,0
BIHAR,2004,Fall in Social Reputation,0,0,0,0,0,0,0,0,0,0,0,0,0,0,0,0,0,0
BIHAR,2004,Family Problems,3,26,34,11,9,83,1,21,23,8,4,57,140,4,47,57,19,13
BIHAR,2004,Ideological Causes/Hero Worshipping,0,0,0,1,0,1,0,1,0,0,1,2,3,0,1,0,1,1
BIHAR,2004,Illegitimate Pregnancy,0,0,0,0,0,0,0,1,0,0,0,1,1,0,1,0,0,0
BIHAR,2004,Love Affairs,0,2,1,0,0,3,1,0,0,0,0,1,4,1,2,1,0,0
BIHAR,2004,"Physical Abuse (Rape,Incest Etc.)",0,0,0,0,0,0,0,0,0,0,0,0,0,0,0,0,0,0
BIHAR,2004,Poverty,1,2,2,1,0,6,0,0,2,0,0,2,8,1,2,4,1,0
BIHAR,2004,Professional/Career Problem,0,0,0,0,0,0,0,0,0,0,0,0,0,0,0,0,0,0
BIHAR,2004,Property Dispute,0,1,0,1,0,2,0,0,0,0,0,0,2,0,1,0,1,0
BIHAR,2004,Unemployment,0,0,1,1,0,2,0,0,0,0,0,0,2,0,0,1,1,0
BIHAR,2004,Causes Not known,7,17,10,3,1,38,4,10,7,0,0,21,59,11,27,17,3,1
BIHAR,2004,Other Causes,2,15,12,6,0,35,0,10,9,2,0,21,56,2,25,21,8,0
BIHAR,2004,Total,16,75,76,30,15,212,9,59,51,14,6,139,351,25,134,127,44,21
BIHAR,2004,Total Illness,1,5,7,6,5,24,0,6,4,3,1,14,38,1,11,11,9,6
BIHAR,2005,Bankruptcy,0,0,2,0,0,2,0,0,0,0,0,0,2,0,0,2,0,0
BIHAR,2005,Suspected/Illicit Relation,0,12,1,0,0,13,0,10,0,0,0,10,23,0,22,1,0,0
BIHAR,2005,Cancellation/Non-Settlement of Marriage,0,0,0,0,0,0,0,1,3,2,0,6,6,0,1,3,2,0
BIHAR,2005,Infertility,0,0,0,0,0,0,0,1,0,0,0,1,1,0,1,0,0,0
BIHAR,2005,Illness (Aids/STD),0,0,2,4,1,7,0,0,0,0,0,0,7,0,0,2,4,1
BIHAR,2005,Cancer,0,1,1,0,1,3,0,1,1,1,0,3,6,0,2,2,1,1
BIHAR,2005,Paralysis,0,4,1,0,0,5,0,1,1,1,0,3,8,0,5,2,1,0
BIHAR,2005,Insanity/Mental Illness,2,5,1,0,1,9,0,4,1,2,0,7,16,2,9,2,2,1
BIHAR,2005,Other Prolonged Illness,0,3,1,3,3,10,0,1,0,0,2,3,13,0,4,1,3,5
BIHAR,2005,Death of Dear Person,0,0,0,0,0,0,0,0,0,1,0,1,1,0,0,0,1,0
BIHAR,2005,Dowry Dispute,0,0,7,0,0,7,0,10,0,0,0,10,17,0,10,7,0,0
BIHAR,2005,Divorce,0,0,0,0,0,0,0,1,5,0,0,6,6,0,1,5,0,0
BIHAR,2005,Drug Abuse/Addiction,0,4,3,2,0,9,0,2,1,0,0,3,12,0,6,4,2,0
BIHAR,2005,Failure in Examination,2,11,1,1,0,15,0,1,3,1,0,5,20,2,12,4,2,0
BIHAR,2005,Fall in Social Reputation,0,1,2,2,0,5,0,11,4,0,1,16,21,0,12,6,2,1
BIHAR,2005,Family Problems,1,18,32,10,3,64,1,17,16,2,0,36,100,2,35,48,12,3
BIHAR,2005,Ideological Causes/Hero Worshipping,0,0,1,5,0,6,0,0,0,0,0,0,6,0,0,1,5,0
BIHAR,2005,Illegitimate Pregnancy,0,0,0,0,0,0,0,0,0,4,0,4,4,0,0,0,4,0
BIHAR,2005,Love Affairs,0,1,0,0,0,1,0,3,0,0,0,3,4,0,4,0,0,0
BIHAR,2005,"Physical Abuse (Rape,Incest Etc.)",0,0,0,0,0,0,0,7,1,0,0,8,8,0,7,1,0,0
BIHAR,2005,Poverty,0,0,0,1,0,1,0,0,0,0,0,0,1,0,0,0,1,0
BIHAR,2005,Professional/Career Problem,0,0,0,0,0,0,0,0,0,0,0,0,0,0,0,0,0,0
BIHAR,2005,Property Dispute,0,0,2,0,0,2,0,0,0,0,0,0,2,0,0,2,0,0
BIHAR,2005,Unemployment,0,0,0,0,0,0,0,0,0,0,0,0,0,0,0,0,0,0
BIHAR,2005,Causes Not known,0,11,6,3,3,23,0,11,6,2,1,20,43,0,22,12,5,4
BIHAR,2005,Other Causes,9,52,43,39,2,145,4,22,35,7,3,71,216,13,74,78,46,5
BIHAR,2005,Total,14,123,106,70,14,327,5,104,77,23,7,216,543,19,227,183,93,21
BIHAR,2005,Total Illness,2,13,6,7,6,34,0,7,3,4,2,16,50,2,20,9,11,8
BIHAR,2006,Bankruptcy,0,2,1,1,0,4,0,1,1,0,0,2,6,0,3,2,1,0
BIHAR,2006,Suspected/Illicit Relation,0,3,2,0,0,5,0,3,4,0,0,7,12,0,6,6,0,0
BIHAR,2006,Cancellation/Non-Settlement of Marriage,0,0,0,0,0,0,0,2,0,2,0,4,4,0,2,0,2,0
BIHAR,2006,Infertility,0,2,0,0,0,2,0,1,7,1,0,9,11,0,3,7,1,0
BIHAR,2006,Illness (Aids/STD),0,0,3,0,0,3,0,0,0,0,0,0,3,0,0,3,0,0
BIHAR,2006,Cancer,0,0,0,0,0,0,0,0,0,0,0,0,0,0,0,0,0,0
BIHAR,2006,Paralysis,0,0,0,0,0,0,0,0,0,0,0,0,0,0,0,0,0,0
BIHAR,2006,Insanity/Mental Illness,0,6,9,7,2,24,0,11,11,12,2,36,60,0,17,20,19,4
BIHAR,2006,Other Prolonged Illness,0,0,0,2,0,2,0,1,3,0,0,4,6,0,1,3,2,0
BIHAR,2006,Death of Dear Person,0,0,0,0,1,1,0,1,0,2,0,3,4,0,1,0,2,1
BIHAR,2006,Dowry Dispute,0,1,0,0,0,1,0,16,12,0,0,28,29,0,17,12,0,0
BIHAR,2006,Divorce,0,0,1,0,1,2,0,2,2,0,0,4,6,0,2,3,0,1
BIHAR,2006,Drug Abuse/Addiction,0,5,3,1,0,9,0,0,0,0,0,0,9,0,5,3,1,0
BIHAR,2006,Failure in Examination,4,5,0,0,0,9,2,3,0,0,0,5,14,6,8,0,0,0
BIHAR,2006,Fall in Social Reputation,0,0,2,0,0,2,0,0,0,0,0,0,2,0,0,2,0,0
BIHAR,2006,Family Problems,3,27,35,11,1,77,4,32,30,10,1,77,154,7,59,65,21,2
BIHAR,2006,Ideological Causes/Hero Worshipping,0,4,4,0,0,8,1,6,6,0,0,13,21,1,10,10,0,0
BIHAR,2006,Illegitimate Pregnancy,0,1,0,0,0,1,0,2,1,0,0,3,4,0,3,1,0,0
BIHAR,2006,Love Affairs,1,21,2,0,0,24,4,12,6,0,0,22,46,5,33,8,0,0
BIHAR,2006,"Physical Abuse (Rape,Incest Etc.)",0,0,3,0,0,3,0,3,2,0,0,5,8,0,3,5,0,0
BIHAR,2006,Poverty,0,0,0,0,1,1,0,0,3,1,0,4,5,0,0,3,1,1
BIHAR,2006,Professional/Career Problem,0,0,0,0,0,0,0,0,0,0,0,0,0,0,0,0,0,0
BIHAR,2006,Property Dispute,0,1,0,0,1,2,0,0,1,0,0,1,3,0,1,1,0,1
BIHAR,2006,Unemployment,0,0,2,0,0,2,0,0,0,0,0,0,2,0,0,2,0,0
BIHAR,2006,Causes Not known,5,18,14,6,1,44,2,17,18,5,0,42,86,7,35,32,11,1
BIHAR,2006,Other Causes,15,27,21,7,3,73,11,10,22,5,2,50,123,26,37,43,12,5
BIHAR,2006,Total,28,123,102,35,11,299,24,123,129,38,5,319,618,52,246,231,73,16
BIHAR,2006,Total Illness,0,6,12,9,2,29,0,12,14,12,2,40,69,0,18,26,21,4
BIHAR,2007,Bankruptcy,0,1,1,1,0,3,0,0,0,0,0,0,3,0,1,1,1,0
BIHAR,2007,Suspected/Illicit Relation,6,10,2,7,0,25,1,10,13,0,0,24,49,7,20,15,7,0
BIHAR,2007,Cancellation/Non-Settlement of Marriage,0,1,0,0,0,1,0,1,0,0,0,1,2,0,2,0,0,0
BIHAR,2007,Infertility,0,0,0,0,0,0,0,5,3,0,0,8,8,0,5,3,0,0
BIHAR,2007,Illness (Aids/STD),0,3,0,0,0,3,0,0,0,0,0,0,3,0,3,0,0,0
BIHAR,2007,Cancer,0,0,0,1,0,1,0,0,0,0,0,0,1,0,0,0,1,0
BIHAR,2007,Paralysis,0,0,0,0,0,0,0,0,0,0,0,0,0,0,0,0,0,0
BIHAR,2007,Insanity/Mental Illness,1,16,5,3,0,25,0,12,7,1,1,21,46,1,28,12,4,1
BIHAR,2007,Other Prolonged Illness,2,10,7,16,7,42,2,8,2,19,8,39,81,4,18,9,35,15
BIHAR,2007,Death of Dear Person,0,0,0,1,0,1,0,0,0,0,0,0,1,0,0,0,1,0
BIHAR,2007,Dowry Dispute,0,7,0,0,0,7,0,10,5,4,0,19,26,0,17,5,4,0
BIHAR,2007,Divorce,0,0,0,0,0,0,0,0,4,0,0,4,4,0,0,4,0,0
BIHAR,2007,Drug Abuse/Addiction,1,6,13,6,1,27,1,0,2,1,0,4,31,2,6,15,7,1
BIHAR,2007,Failure in Examination,8,8,2,0,0,18,12,3,0,0,0,15,33,20,11,2,0,0
BIHAR,2007,Fall in Social Reputation,0,0,1,0,0,1,0,0,1,0,0,1,2,0,0,2,0,0
BIHAR,2007,Family Problems,5,39,40,21,3,108,5,47,34,17,7,110,218,10,86,74,38,10
BIHAR,2007,Ideological Causes/Hero Worshipping,0,5,2,0,0,7,2,1,0,0,0,3,10,2,6,2,0,0
BIHAR,2007,Illegitimate Pregnancy,0,0,0,0,0,0,0,5,0,0,0,5,5,0,5,0,0,0
BIHAR,2007,Love Affairs,0,30,2,0,0,32,0,41,3,0,0,44,76,0,71,5,0,0
BIHAR,2007,"Physical Abuse (Rape,Incest Etc.)",0,0,0,0,0,0,0,0,0,0,0,0,0,0,0,0,0,0
BIHAR,2007,Poverty,0,1,7,2,3,13,1,0,2,0,0,3,16,1,1,9,2,3
BIHAR,2007,Professional/Career Problem,0,0,0,0,0,0,0,0,0,0,0,0,0,0,0,0,0,0
BIHAR,2007,Property Dispute,0,1,4,3,0,8,0,1,1,0,0,2,10,0,2,5,3,0
BIHAR,2007,Unemployment,0,30,6,2,1,39,0,10,2,0,0,12,51,0,40,8,2,1
BIHAR,2007,Causes Not known,3,11,12,15,6,47,7,6,2,2,5,22,69,10,17,14,17,11
BIHAR,2007,Other Causes,7,33,42,37,7,126,13,36,36,7,2,94,220,20,69,78,44,9
BIHAR,2007,Total,33,212,146,115,28,534,44,196,117,51,23,431,965,77,408,263,166,51
BIHAR,2007,Total Illness,3,29,12,20,7,71,2,20,9,20,9,60,131,5,49,21,40,16
BIHAR,2008,Bankruptcy,0,0,3,2,0,5,0,1,0,0,0,1,6,0,1,3,2,0
BIHAR,2008,Suspected/Illicit Relation,0,4,4,0,0,8,0,3,1,0,0,4,12,0,7,5,0,0
BIHAR,2008,Cancellation/Non-Settlement of Marriage,3,1,0,0,0,4,0,2,0,0,0,2,6,3,3,0,0,0
BIHAR,2008,Infertility,0,0,0,0,0,0,0,2,3,0,0,5,5,0,2,3,0,0
BIHAR,2008,Illness (Aids/STD),0,0,0,0,0,0,0,0,0,0,0,0,0,0,0,0,0,0
BIHAR,2008,Cancer,0,0,0,0,0,0,0,0,0,0,0,0,0,0,0,0,0,0
BIHAR,2008,Paralysis,4,0,0,0,0,4,1,1,1,0,0,3,7,5,1,1,0,0
BIHAR,2008,Insanity/Mental Illness,0,6,4,2,1,13,3,0,0,1,0,4,17,3,6,4,3,1
BIHAR,2008,Other Prolonged Illness,4,12,12,3,20,51,4,3,4,4,10,25,76,8,15,16,7,30
BIHAR,2008,Death of Dear Person,0,1,0,0,4,5,0,0,0,1,0,1,6,0,1,0,1,4
BIHAR,2008,Dowry Dispute,0,0,0,0,0,0,0,14,10,2,0,26,26,0,14,10,2,0
BIHAR,2008,Divorce,0,0,0,0,0,0,0,0,0,0,0,0,0,0,0,0,0,0
BIHAR,2008,Drug Abuse/Addiction,0,5,8,5,2,20,0,2,1,0,0,3,23,0,7,9,5,2
BIHAR,2008,Failure in Examination,1,11,0,0,0,12,1,10,0,0,0,11,23,2,21,0,0,0
BIHAR,2008,Fall in Social Reputation,0,0,0,0,0,0,0,0,0,0,0,0,0,0,0,0,0,0
BIHAR,2008,Family Problems,2,33,29,15,2,81,4,27,34,5,1,71,152,6,60,63,20,3
BIHAR,2008,Ideological Causes/Hero Worshipping,0,0,0,0,0,0,0,0,0,0,0,0,0,0,0,0,0,0
BIHAR,2008,Illegitimate Pregnancy,0,0,0,0,0,0,0,1,0,0,0,1,1,0,1,0,0,0
BIHAR,2008,Love Affairs,0,17,3,0,0,20,3,22,3,0,0,28,48,3,39,6,0,0
BIHAR,2008,"Physical Abuse (Rape,Incest Etc.)",0,3,1,0,0,4,0,0,0,0,0,0,4,0,3,1,0,0
BIHAR,2008,Poverty,2,1,4,2,4,13,1,1,4,0,2,8,21,3,2,8,2,6
BIHAR,2008,Professional/Career Problem,0,1,0,0,0,1,0,0,0,0,0,0,1,0,1,0,0,0
BIHAR,2008,Property Dispute,0,1,0,1,0,2,0,0,0,0,0,0,2,0,1,0,1,0
BIHAR,2008,Unemployment,0,8,6,3,0,17,0,1,3,0,0,4,21,0,9,9,3,0
BIHAR,2008,Causes Not known,1,41,54,29,9,134,4,29,20,11,4,68,202,5,70,74,40,13
BIHAR,2008,Other Causes,18,73,74,35,15,215,12,46,61,16,6,141,356,30,119,135,51,21
BIHAR,2008,Total,35,218,202,97,57,609,33,165,145,40,23,406,1015,68,383,347,137,80
BIHAR,2008,Total Illness,8,18,16,5,21,68,8,4,5,5,10,32,100,16,22,21,10,31
BIHAR,2009,Bankruptcy,0,0,1,0,0,1,0,0,0,0,0,0,1,0,0,1,0,0
BIHAR,2009,Suspected/Illicit Relation,0,10,9,0,0,19,0,10,7,0,10,27,46,0,20,16,0,10
BIHAR,2009,Cancellation/Non-Settlement of Marriage,0,14,3,0,0,17,0,11,2,0,0,13,30,0,25,5,0,0
BIHAR,2009,Infertility,0,0,0,0,0,0,0,0,0,0,0,0,0,0,0,0,0,0
BIHAR,2009,Illness (Aids/STD),0,1,0,0,0,1,0,0,0,0,0,0,1,0,1,0,0,0
BIHAR,2009,Cancer,0,0,4,2,0,6,0,0,0,0,0,0,6,0,0,4,2,0
BIHAR,2009,Paralysis,0,1,0,0,0,1,0,0,0,0,0,0,1,0,1,0,0,0
BIHAR,2009,Insanity/Mental Illness,0,5,4,0,1,10,3,3,2,0,0,8,18,3,8,6,0,1
BIHAR,2009,Other Prolonged Illness,2,6,7,2,9,26,0,7,5,3,0,15,41,2,13,12,5,9
BIHAR,2009,Death of Dear Person,0,0,1,0,0,1,0,1,0,0,0,1,2,0,1,1,0,0
BIHAR,2009,Dowry Dispute,0,13,3,0,0,16,0,46,73,0,0,119,135,0,59,76,0,0
BIHAR,2009,Divorce,0,0,1,0,0,1,0,5,0,0,0,5,6,0,5,1,0,0
BIHAR,2009,Drug Abuse/Addiction,0,9,6,7,0,22,0,0,1,0,0,1,23,0,9,7,7,0
BIHAR,2009,Failure in Examination,4,11,2,0,0,17,1,9,1,0,0,11,28,5,20,3,0,0
BIHAR,2009,Fall in Social Reputation,0,0,0,2,0,2,0,1,0,1,0,2,4,0,1,0,3,0
BIHAR,2009,Family Problems,1,21,28,12,1,63,1,23,25,3,0,52,115,2,44,53,15,1
BIHAR,2009,Ideological Causes/Hero Worshipping,0,0,0,0,0,0,0,0,0,0,0,0,0,0,0,0,0,0
BIHAR,2009,Illegitimate Pregnancy,0,0,0,0,0,0,1,3,0,0,0,4,4,1,3,0,0,0
BIHAR,2009,Love Affairs,2,9,4,0,0,15,4,24,0,0,0,28,43,6,33,4,0,0
BIHAR,2009,"Physical Abuse (Rape,Incest Etc.)",0,0,0,0,0,0,0,0,0,0,0,0,0,0,0,0,0,0
BIHAR,2009,Poverty,1,0,0,0,0,1,2,0,1,0,0,3,4,3,0,1,0,0
BIHAR,2009,Professional/Career Problem,0,0,0,0,0,0,0,0,0,0,0,0,0,0,0,0,0,0
BIHAR,2009,Property Dispute,0,1,2,1,0,4,0,0,0,0,0,0,4,0,1,2,1,0
BIHAR,2009,Unemployment,0,1,2,0,0,3,0,0,0,0,0,0,3,0,1,2,0,0
BIHAR,2009,Causes Not known,1,31,35,16,5,88,3,23,37,13,0,76,164,4,54,72,29,5
BIHAR,2009,Other Causes,11,69,81,33,6,200,10,62,78,21,1,172,372,21,131,159,54,7
BIHAR,2009,Total,22,202,193,75,22,514,25,228,232,41,11,537,1051,47,430,425,116,33
BIHAR,2009,Total Illness,2,13,15,4,10,44,3,10,7,3,0,23,67,5,23,22,7,10
BIHAR,2010,Bankruptcy,0,2,2,2,1,7,1,2,1,0,0,4,11,1,4,3,2,1
BIHAR,2010,Suspected/Illicit Relation,0,6,4,1,0,11,5,9,7,0,0,21,32,5,15,11,1,0
BIHAR,2010,Cancellation/Non-Settlement of Marriage,0,16,4,0,0,20,0,15,3,0,0,18,38,0,31,7,0,0
BIHAR,2010,Infertility,0,0,0,0,0,0,0,1,1,0,0,2,2,0,1,1,0,0
BIHAR,2010,Illness (Aids/STD),0,0,0,0,0,0,0,0,0,0,0,0,0,0,0,0,0,0
BIHAR,2010,Cancer,0,0,0,0,0,0,0,0,0,0,0,0,0,0,0,0,0,0
BIHAR,2010,Paralysis,0,0,2,0,2,4,0,0,1,1,0,2,6,0,0,3,1,2
BIHAR,2010,Insanity/Mental Illness,2,8,5,2,0,17,4,4,4,1,0,13,30,6,12,9,3,0
BIHAR,2010,Other Prolonged Illness,0,6,8,7,2,23,0,2,2,3,1,8,31,0,8,10,10,3
BIHAR,2010,Death of Dear Person,0,2,0,0,0,2,0,0,0,1,1,2,4,0,2,0,1,1
BIHAR,2010,Dowry Dispute,0,12,6,0,0,18,0,35,14,3,1,53,71,0,47,20,3,1
BIHAR,2010,Divorce,0,0,0,0,0,0,0,0,0,0,0,0,0,0,0,0,0,0
BIHAR,2010,Drug Abuse/Addiction,0,1,25,3,1,30,0,1,2,0,0,3,33,0,2,27,3,1
BIHAR,2010,Failure in Examination,2,17,7,0,0,26,0,20,6,0,0,26,52,2,37,13,0,0
BIHAR,2010,Fall in Social Reputation,0,0,0,0,0,0,0,0,0,0,0,0,0,0,0,0,0,0
BIHAR,2010,Family Problems,4,14,33,16,2,69,4,22,21,8,2,57,126,8,36,54,24,4
BIHAR,2010,Ideological Causes/Hero Worshipping,0,0,0,0,0,0,0,0,0,0,0,0,0,0,0,0,0,0
BIHAR,2010,Illegitimate Pregnancy,0,0,0,0,0,0,0,5,6,0,0,11,11,0,5,6,0,0
BIHAR,2010,Love Affairs,5,23,9,0,0,37,11,26,3,0,0,40,77,16,49,12,0,0
BIHAR,2010,"Physical Abuse (Rape,Incest Etc.)",0,1,0,1,0,2,1,0,0,0,0,1,3,1,1,0,1,0
BIHAR,2010,Poverty,0,0,0,0,0,0,0,0,0,0,0,0,0,0,0,0,0,0
BIHAR,2010,Professional/Career Problem,0,2,1,0,0,3,0,1,0,0,0,1,4,0,3,1,0,0
BIHAR,2010,Property Dispute,0,1,1,0,1,3,0,0,0,0,0,0,3,0,1,1,0,1
BIHAR,2010,Unemployment,0,4,3,0,0,7,1,1,0,0,0,2,9,1,5,3,0,0
BIHAR,2010,Causes Not known,11,26,32,9,4,82,8,23,19,6,1,57,139,19,49,51,15,5
BIHAR,2010,Other Causes,16,87,130,95,23,351,19,60,69,30,15,193,544,35,147,199,125,38
BIHAR,2010,Total,40,228,272,136,36,712,54,227,159,53,21,514,1226,94,455,431,189,57
BIHAR,2010,Total Illness,2,14,15,9,4,44,4,6,7,5,1,23,67,6,20,22,14,5
BIHAR,2011,Bankruptcy,0,0,1,2,0,3,0,0,2,0,0,2,5,0,0,3,2,0
BIHAR,2011,Suspected/Illicit Relation,0,4,3,4,1,12,2,3,5,0,0,10,22,2,7,8,4,1
BIHAR,2011,Cancellation/Non-Settlement of Marriage,0,0,0,0,0,0,0,3,1,1,0,5,5,0,3,1,1,0
BIHAR,2011,Infertility,0,0,0,0,0,0,0,2,2,1,0,5,5,0,2,2,1,0
BIHAR,2011,Illness (Aids/STD),0,0,0,0,0,0,0,0,0,0,0,0,0,0,0,0,0,0
BIHAR,2011,Cancer,0,1,0,0,0,1,0,0,0,0,0,0,1,0,1,0,0,0
BIHAR,2011,Paralysis,0,0,0,0,0,0,0,0,0,0,0,0,0,0,0,0,0,0
BIHAR,2011,Insanity/Mental Illness,0,4,0,0,1,5,0,3,2,2,0,7,12,0,7,2,2,1
BIHAR,2011,Other Prolonged Illness,0,0,7,15,11,33,0,1,1,1,1,4,37,0,1,8,16,12
BIHAR,2011,Death of Dear Person,0,0,0,0,0,0,0,0,0,0,0,0,0,0,0,0,0,0
BIHAR,2011,Dowry Dispute,0,0,0,0,0,0,0,10,6,2,0,18,18,0,10,6,2,0
BIHAR,2011,Divorce,0,0,0,0,0,0,0,2,2,0,0,4,4,0,2,2,0,0
BIHAR,2011,Drug Abuse/Addiction,0,3,3,2,0,8,0,0,0,0,0,0,8,0,3,3,2,0
BIHAR,2011,Failure in Examination,4,9,4,0,0,17,2,14,4,0,0,20,37,6,23,8,0,0
BIHAR,2011,Fall in Social Reputation,0,0,2,1,0,3,0,0,0,0,0,0,3,0,0,2,1,0
BIHAR,2011,Family Problems,0,31,23,19,0,73,1,26,29,3,1,60,133,1,57,52,22,1
BIHAR,2011,Ideological Causes/Hero Worshipping,0,0,0,0,0,0,0,0,0,0,0,0,0,0,0,0,0,0
BIHAR,2011,Illegitimate Pregnancy,0,0,0,0,0,0,3,1,0,0,0,4,4,3,1,0,0,0
BIHAR,2011,Love Affairs,0,23,6,1,0,30,0,17,3,0,0,20,50,0,40,9,1,0
BIHAR,2011,"Physical Abuse (Rape,Incest Etc.)",0,0,0,0,0,0,2,0,0,0,0,2,2,2,0,0,0,0
BIHAR,2011,Poverty,0,0,0,1,0,1,0,0,2,0,0,2,3,0,0,2,1,0
BIHAR,2011,Professional/Career Problem,0,1,1,0,0,2,0,0,0,0,0,0,2,0,1,1,0,0
BIHAR,2011,Property Dispute,0,1,0,2,1,4,0,0,0,0,1,1,5,0,1,0,2,2
BIHAR,2011,Unemployment,0,2,0,0,0,2,0,1,0,0,0,1,3,0,3,0,0,0
BIHAR,2011,Causes Not known,1,12,13,3,3,32,0,7,5,4,2,18,50,1,19,18,7,5
BIHAR,2011,Other Causes,11,59,100,38,12,220,31,59,62,5,9,166,386,42,118,162,43,21
BIHAR,2011,Total,16,150,163,88,29,446,41,149,126,19,14,349,795,57,299,289,107,43
BIHAR,2011,Total Illness,0,5,7,15,12,39,0,4,3,3,1,11,50,0,9,10,18,13
BIHAR,2012,Bankruptcy,0,0,0,0,0,0,0,0,0,0,0,0,0,0,0,0,0,0
BIHAR,2012,Suspected/Illicit Relation,0,8,5,1,0,14,0,6,2,0,0,8,22,0,14,7,1,0
BIHAR,2012,Cancellation/Non-Settlement of Marriage,0,0,0,0,0,0,0,0,0,0,0,0,0,0,0,0,0,0
BIHAR,2012,Infertility,0,0,0,0,0,0,0,0,1,0,0,1,1,0,0,1,0,0
BIHAR,2012,Illness (Aids/STD),0,0,1,0,0,1,0,0,2,0,0,2,3,0,0,3,0,0
BIHAR,2012,Cancer,0,0,0,0,0,0,0,0,0,0,0,0,0,0,0,0,0,0
BIHAR,2012,Paralysis,0,0,0,0,0,0,0,0,0,0,0,0,0,0,0,0,0,0
BIHAR,2012,Insanity/Mental Illness,0,7,11,10,5,33,0,9,5,2,2,18,51,0,16,16,12,7
BIHAR,2012,Other Prolonged Illness,0,1,2,14,4,21,0,1,1,3,0,5,26,0,2,3,17,4
BIHAR,2012,Death of Dear Person,0,0,0,0,0,0,0,0,0,0,0,0,0,0,0,0,0,0
BIHAR,2012,Dowry Dispute,0,0,2,0,0,2,0,4,8,1,0,13,15,0,4,10,1,0
BIHAR,2012,Divorce,0,0,1,0,0,1,0,0,0,0,0,0,1,0,0,1,0,0
BIHAR,2012,Drug Abuse/Addiction,0,1,5,3,1,10,0,0,0,0,0,0,10,0,1,5,3,1
BIHAR,2012,Failure in Examination,0,13,2,0,0,15,0,10,1,0,0,11,26,0,23,3,0,0
BIHAR,2012,Fall in Social Reputation,0,3,1,0,0,4,0,0,0,0,0,0,4,0,3,1,0,0
BIHAR,2012,Family Problems,0,20,18,8,0,46,1,11,17,5,0,34,80,1,31,35,13,0
BIHAR,2012,Ideological Causes/Hero Worshipping,0,0,0,0,0,0,0,8,3,0,0,11,11,0,8,3,0,0
BIHAR,2012,Illegitimate Pregnancy,0,0,0,0,0,0,0,1,0,0,0,1,1,0,1,0,0,0
BIHAR,2012,Love Affairs,0,23,3,0,0,26,1,30,3,0,0,34,60,1,53,6,0,0
BIHAR,2012,"Physical Abuse (Rape,Incest Etc.)",0,0,0,0,0,0,0,0,0,0,0,0,0,0,0,0,0,0
BIHAR,2012,Poverty,0,0,0,0,0,0,0,0,0,0,0,0,0,0,0,0,0,0
BIHAR,2012,Professional/Career Problem,0,0,0,0,0,0,0,0,0,0,0,0,0,0,0,0,0,0
BIHAR,2012,Property Dispute,0,0,3,1,0,4,0,0,0,0,0,0,4,0,0,3,1,0
BIHAR,2012,Unemployment,0,0,0,0,0,0,0,0,0,0,0,0,0,0,0,0,0,0
BIHAR,2012,Causes Not known,1,19,84,6,3,113,0,19,16,7,2,44,157,1,38,100,13,5
BIHAR,2012,Other Causes,4,60,74,20,7,165,4,36,64,11,7,122,287,8,96,138,31,14
BIHAR,2012,Total,5,155,212,63,20,455,6,135,123,29,11,304,759,11,290,335,92,31
BIHAR,2012,Total Illness,0,8,14,24,9,55,0,10,8,5,2,25,80,0,18,22,29,11
CHHATTISGARH,2001,Bankruptcy,0,10,37,18,5,70,0,5,7,1,0,13,83,0,15,44,19,5
CHHATTISGARH,2001,Suspected/Illicit Relation,0,16,15,2,1,34,5,19,10,1,0,35,69,5,35,25,3,1
CHHATTISGARH,2001,Cancellation/Non-Settlement of Marriage,0,2,2,0,0,4,0,7,2,0,0,9,13,0,9,4,0,0
CHHATTISGARH,2001,Infertility,0,8,6,0,2,16,0,9,8,2,1,20,36,0,17,14,2,3
CHHATTISGARH,2001,Illness (Aids/STD),0,9,10,7,6,32,1,7,8,2,2,20,52,1,16,18,9,8
CHHATTISGARH,2001,Cancer,0,0,2,2,4,8,0,0,0,3,0,3,11,0,0,2,5,4
CHHATTISGARH,2001,Paralysis,0,7,11,8,1,27,0,6,2,1,3,12,39,0,13,13,9,4
CHHATTISGARH,2001,Insanity/Mental Illness,1,53,59,35,19,167,0,28,22,11,5,66,233,1,81,81,46,24
CHHATTISGARH,2001,Other Prolonged Illness,3,78,103,97,72,353,1,37,53,38,18,147,500,4,115,156,135,90
CHHATTISGARH,2001,Death of Dear Person,0,1,3,1,0,5,0,3,0,2,0,5,10,0,4,3,3,0
CHHATTISGARH,2001,Dowry Dispute,0,8,8,0,0,16,0,33,12,0,0,45,61,0,41,20,0,0
CHHATTISGARH,2001,Divorce,0,1,0,0,0,1,0,3,0,0,0,3,4,0,4,0,0,0
CHHATTISGARH,2001,Drug Abuse/Addiction,1,11,39,15,3,69,0,8,3,3,0,14,83,1,19,42,18,3
CHHATTISGARH,2001,Failure in Examination,2,34,5,0,0,41,8,13,1,0,0,22,63,10,47,6,0,0
CHHATTISGARH,2001,Fall in Social Reputation,0,12,13,11,3,39,0,6,5,0,0,11,50,0,18,18,11,3
CHHATTISGARH,2001,Family Problems,4,78,126,69,20,297,5,68,81,29,5,188,485,9,146,207,98,25
CHHATTISGARH,2001,Ideological Causes/Hero Worshipping,0,0,0,0,0,0,0,0,0,1,0,1,1,0,0,0,1,0
CHHATTISGARH,2001,Illegitimate Pregnancy,0,0,0,0,0,0,0,7,2,0,0,9,9,0,7,2,0,0
CHHATTISGARH,2001,Love Affairs,0,41,19,6,0,66,4,49,15,4,0,72,138,4,90,34,10,0
CHHATTISGARH,2001,"Physical Abuse (Rape,Incest Etc.)",0,4,3,1,1,9,0,6,5,1,0,12,21,0,10,8,2,1
CHHATTISGARH,2001,Poverty,1,7,9,13,6,36,0,1,1,0,2,4,40,1,8,10,13,8
CHHATTISGARH,2001,Professional/Career Problem,0,1,1,1,1,4,0,0,0,0,0,0,4,0,1,1,1,1
CHHATTISGARH,2001,Property Dispute,0,5,3,3,0,11,0,1,0,0,0,1,12,0,6,3,3,0
CHHATTISGARH,2001,Unemployment,0,9,6,1,1,17,0,0,0,0,0,0,17,0,9,6,1,1
CHHATTISGARH,2001,Causes Not known,17,227,272,178,84,778,13,176,119,67,27,402,1180,30,403,391,245,111
CHHATTISGARH,2001,Other Causes,15,170,203,95,57,540,12,142,62,27,28,271,811,27,312,265,122,85
CHHATTISGARH,2001,Total,44,792,955,563,286,2640,49,634,418,193,91,1385,4025,93,1426,1373,756,377
CHHATTISGARH,2001,Total Illness,4,147,185,149,102,587,2,78,85,55,28,248,835,6,225,270,204,130
CHHATTISGARH,2002,Bankruptcy,3,8,15,9,1,36,0,1,1,1,0,3,39,3,9,16,10,1
CHHATTISGARH,2002,Suspected/Illicit Relation,0,7,6,2,0,15,0,12,6,0,0,18,33,0,19,12,2,0
CHHATTISGARH,2002,Cancellation/Non-Settlement of Marriage,0,5,1,1,0,7,0,8,0,0,0,8,15,0,13,1,1,0
CHHATTISGARH,2002,Infertility,0,4,2,1,0,7,0,9,7,0,0,16,23,0,13,9,1,0
CHHATTISGARH,2002,Illness (Aids/STD),1,9,12,5,9,36,1,6,1,3,2,13,49,2,15,13,8,11
CHHATTISGARH,2002,Cancer,0,0,2,4,3,9,0,0,1,1,0,2,11,0,0,3,5,3
CHHATTISGARH,2002,Paralysis,0,0,5,3,7,15,0,2,0,2,0,4,19,0,2,5,5,7
CHHATTISGARH,2002,Insanity/Mental Illness,0,61,71,27,8,167,1,24,24,11,6,66,233,1,85,95,38,14
CHHATTISGARH,2002,Other Prolonged Illness,3,91,126,100,46,366,4,60,71,33,21,189,555,7,151,197,133,67
CHHATTISGARH,2002,Death of Dear Person,0,6,6,3,1,16,0,8,3,0,0,11,27,0,14,9,3,1
CHHATTISGARH,2002,Dowry Dispute,0,1,0,0,0,1,1,46,3,0,0,50,51,1,47,3,0,0
CHHATTISGARH,2002,Divorce,0,0,0,0,0,0,0,1,0,0,1,2,2,0,1,0,0,1
CHHATTISGARH,2002,Drug Abuse/Addiction,0,10,16,17,1,44,0,2,0,1,0,3,47,0,12,16,18,1
CHHATTISGARH,2002,Failure in Examination,1,30,0,0,0,31,0,16,0,0,0,16,47,1,46,0,0,0
CHHATTISGARH,2002,Fall in Social Reputation,0,4,19,5,3,31,0,11,8,2,0,21,52,0,15,27,7,3
CHHATTISGARH,2002,Family Problems,4,113,97,69,16,299,3,86,65,20,3,177,476,7,199,162,89,19
CHHATTISGARH,2002,Ideological Causes/Hero Worshipping,0,0,1,0,0,1,0,3,0,0,0,3,4,0,3,1,0,0
CHHATTISGARH,2002,Illegitimate Pregnancy,0,3,0,0,0,3,0,9,1,0,0,10,13,0,12,1,0,0
CHHATTISGARH,2002,Love Affairs,0,42,9,1,0,52,3,37,6,2,0,48,100,3,79,15,3,0
CHHATTISGARH,2002,"Physical Abuse (Rape,Incest Etc.)",0,4,1,0,0,5,0,6,3,1,0,10,15,0,10,4,1,0
CHHATTISGARH,2002,Poverty,0,5,16,5,0,26,0,1,3,1,0,5,31,0,6,19,6,0
CHHATTISGARH,2002,Professional/Career Problem,0,3,3,1,0,7,0,0,0,0,0,0,7,0,3,3,1,0
CHHATTISGARH,2002,Property Dispute,0,0,1,2,0,3,0,0,1,0,0,1,4,0,0,2,2,0
CHHATTISGARH,2002,Unemployment,0,4,6,4,1,15,0,0,0,0,0,0,15,0,4,6,4,1
CHHATTISGARH,2002,Causes Not known,31,227,337,240,68,903,15,133,132,74,26,380,1283,46,360,469,314,94
CHHATTISGARH,2002,Other Causes,42,157,176,107,52,534,34,113,74,30,14,265,799,76,270,250,137,66
CHHATTISGARH,2002,Total,85,794,928,606,216,2629,62,594,410,182,73,1321,3950,147,1388,1338,788,289
CHHATTISGARH,2002,Total Illness,4,161,216,139,73,593,6,92,97,50,29,274,867,10,253,313,189,102
CHHATTISGARH,2003,Bankruptcy,0,9,14,5,1,29,2,0,5,1,0,8,37,2,9,19,6,1
CHHATTISGARH,2003,Suspected/Illicit Relation,0,8,5,0,0,13,0,8,5,2,0,15,28,0,16,10,2,0
CHHATTISGARH,2003,Cancellation/Non-Settlement of Marriage,0,1,1,0,0,2,0,8,2,0,0,10,12,0,9,3,0,0
CHHATTISGARH,2003,Infertility,0,1,3,0,1,5,0,5,3,0,1,9,14,0,6,6,0,2
CHHATTISGARH,2003,Illness (Aids/STD),1,3,1,5,7,17,1,4,1,2,0,8,25,2,7,2,7,7
CHHATTISGARH,2003,Cancer,0,0,0,1,0,1,0,0,0,0,1,1,2,0,0,0,1,1
CHHATTISGARH,2003,Paralysis,0,2,0,2,1,5,0,1,1,0,0,2,7,0,3,1,2,1
CHHATTISGARH,2003,Insanity/Mental Illness,1,37,62,35,9,144,4,17,19,11,4,55,199,5,54,81,46,13
CHHATTISGARH,2003,Other Prolonged Illness,5,70,68,86,41,270,9,43,35,18,8,113,383,14,113,103,104,49
CHHATTISGARH,2003,Death of Dear Person,4,17,22,24,14,81,2,8,7,5,5,27,108,6,25,29,29,19
CHHATTISGARH,2003,Dowry Dispute,0,0,0,0,0,0,0,37,9,0,0,46,46,0,37,9,0,0
CHHATTISGARH,2003,Divorce,0,0,0,0,0,0,0,1,0,0,0,1,1,0,1,0,0,0
CHHATTISGARH,2003,Drug Abuse/Addiction,1,26,34,24,2,87,0,0,4,7,0,11,98,1,26,38,31,2
CHHATTISGARH,2003,Failure in Examination,4,15,4,0,0,23,2,15,1,0,0,18,41,6,30,5,0,0
CHHATTISGARH,2003,Fall in Social Reputation,0,6,4,5,1,16,1,3,2,0,0,6,22,1,9,6,5,1
CHHATTISGARH,2003,Family Problems,4,92,93,59,29,277,10,117,58,22,13,220,497,14,209,151,81,42
CHHATTISGARH,2003,Ideological Causes/Hero Worshipping,0,0,0,0,0,0,0,0,0,1,0,1,1,0,0,0,1,0
CHHATTISGARH,2003,Illegitimate Pregnancy,0,0,0,0,0,0,0,5,2,2,0,9,9,0,5,2,2,0
CHHATTISGARH,2003,Love Affairs,3,33,14,1,0,51,5,22,10,1,0,38,89,8,55,24,2,0
CHHATTISGARH,2003,"Physical Abuse (Rape,Incest Etc.)",2,0,1,0,0,3,1,2,1,0,0,4,7,3,2,2,0,0
CHHATTISGARH,2003,Poverty,0,4,8,3,1,16,0,3,3,1,3,10,26,0,7,11,4,4
CHHATTISGARH,2003,Professional/Career Problem,0,1,3,3,0,7,0,0,0,0,0,0,7,0,1,3,3,0
CHHATTISGARH,2003,Property Dispute,0,3,5,4,1,13,0,1,2,1,0,4,17,0,4,7,5,1
CHHATTISGARH,2003,Unemployment,0,12,4,2,0,18,1,1,0,1,0,3,21,1,13,4,3,0
CHHATTISGARH,2003,Causes Not known,28,260,259,139,33,719,30,170,96,49,9,354,1073,58,430,355,188,42
CHHATTISGARH,2003,Other Causes,50,246,273,156,70,795,38,151,107,37,21,354,1149,88,397,380,193,91
CHHATTISGARH,2003,Total,103,846,878,554,211,2592,106,622,373,161,65,1327,3919,209,1468,1251,715,276
CHHATTISGARH,2003,Total Illness,7,112,131,129,58,437,14,65,56,31,13,179,616,21,177,187,160,71
CHHATTISGARH,2004,Bankruptcy,0,14,14,9,2,39,1,1,4,1,0,7,46,1,15,18,10,2
CHHATTISGARH,2004,Suspected/Illicit Relation,0,8,4,1,0,13,0,14,6,0,0,20,33,0,22,10,1,0
CHHATTISGARH,2004,Cancellation/Non-Settlement of Marriage,0,7,0,0,0,7,0,6,0,0,0,6,13,0,13,0,0,0
CHHATTISGARH,2004,Infertility,0,2,5,2,0,9,0,6,6,2,0,14,23,0,8,11,4,0
CHHATTISGARH,2004,Illness (Aids/STD),0,0,0,0,0,0,0,0,0,1,0,1,1,0,0,0,1,0
CHHATTISGARH,2004,Cancer,0,0,1,1,0,2,0,0,1,0,0,1,3,0,0,2,1,0
CHHATTISGARH,2004,Paralysis,0,1,1,4,1,7,0,2,1,3,1,7,14,0,3,2,7,2
CHHATTISGARH,2004,Insanity/Mental Illness,3,56,79,30,12,180,5,26,23,10,2,66,246,8,82,102,40,14
CHHATTISGARH,2004,Other Prolonged Illness,0,93,113,102,64,372,4,76,58,34,19,191,563,4,169,171,136,83
CHHATTISGARH,2004,Death of Dear Person,0,1,4,4,2,11,0,2,1,2,1,6,17,0,3,5,6,3
CHHATTISGARH,2004,Dowry Dispute,0,2,1,1,0,4,0,41,10,2,0,53,57,0,43,11,3,0
CHHATTISGARH,2004,Divorce,0,0,1,0,0,1,0,0,0,1,0,1,2,0,0,1,1,0
CHHATTISGARH,2004,Drug Abuse/Addiction,0,14,17,7,1,39,0,0,0,2,1,3,42,0,14,17,9,2
CHHATTISGARH,2004,Failure in Examination,3,22,4,0,0,29,3,13,1,0,0,17,46,6,35,5,0,0
CHHATTISGARH,2004,Fall in Social Reputation,0,6,2,5,1,14,0,3,0,0,0,3,17,0,9,2,5,1
CHHATTISGARH,2004,Family Problems,4,133,171,114,30,452,2,125,79,33,6,245,697,6,258,250,147,36
CHHATTISGARH,2004,Ideological Causes/Hero Worshipping,0,0,0,0,0,0,0,0,0,0,0,0,0,0,0,0,0,0
CHHATTISGARH,2004,Illegitimate Pregnancy,0,0,0,0,0,0,0,2,1,0,0,3,3,0,2,1,0,0
CHHATTISGARH,2004,Love Affairs,0,49,14,2,0,65,1,41,9,1,0,52,117,1,90,23,3,0
CHHATTISGARH,2004,"Physical Abuse (Rape,Incest Etc.)",0,1,3,0,0,4,0,4,4,0,0,8,12,0,5,7,0,0
CHHATTISGARH,2004,Poverty,0,4,15,2,0,21,0,1,2,0,0,3,24,0,5,17,2,0
CHHATTISGARH,2004,Professional/Career Problem,0,3,5,1,1,10,0,0,0,0,0,0,10,0,3,5,1,1
CHHATTISGARH,2004,Property Dispute,0,1,2,0,0,3,0,0,0,1,0,1,4,0,1,2,1,0
CHHATTISGARH,2004,Unemployment,0,8,2,2,0,12,0,0,0,0,0,0,12,0,8,2,2,0
CHHATTISGARH,2004,Causes Not known,15,222,334,271,100,942,20,164,138,88,31,441,1383,35,386,472,359,131
CHHATTISGARH,2004,Other Causes,52,232,265,149,52,750,56,127,116,44,17,360,1110,108,359,381,193,69
CHHATTISGARH,2004,Total,77,879,1057,707,266,2986,92,654,460,225,78,1509,4495,169,1533,1517,932,344
CHHATTISGARH,2004,Total Illness,3,150,194,137,77,561,9,104,83,48,22,266,827,12,254,277,185,99
CHHATTISGARH,2005,Bankruptcy,0,11,17,13,3,44,1,3,2,4,1,11,55,1,14,19,17,4
CHHATTISGARH,2005,Suspected/Illicit Relation,2,14,16,5,0,37,2,12,8,2,0,24,61,4,26,24,7,0
CHHATTISGARH,2005,Cancellation/Non-Settlement of Marriage,4,17,9,3,0,33,1,8,0,0,0,9,42,5,25,9,3,0
CHHATTISGARH,2005,Infertility,6,1,6,1,0,14,2,13,7,2,0,24,38,8,14,13,3,0
CHHATTISGARH,2005,Illness (Aids/STD),0,9,15,7,13,44,0,4,4,1,0,9,53,0,13,19,8,13
CHHATTISGARH,2005,Cancer,4,6,7,11,2,30,3,1,6,1,3,14,44,7,7,13,12,5
CHHATTISGARH,2005,Paralysis,7,2,5,5,8,27,2,2,1,1,2,8,35,9,4,6,6,10
CHHATTISGARH,2005,Insanity/Mental Illness,2,57,94,56,11,220,2,37,27,17,5,88,308,4,94,121,73,16
CHHATTISGARH,2005,Other Prolonged Illness,3,97,115,84,41,340,2,53,49,34,16,154,494,5,150,164,118,57
CHHATTISGARH,2005,Death of Dear Person,1,2,8,6,1,18,4,4,4,3,0,15,33,5,6,12,9,1
CHHATTISGARH,2005,Dowry Dispute,0,1,2,0,0,3,0,55,6,1,1,63,66,0,56,8,1,1
CHHATTISGARH,2005,Divorce,0,1,1,0,0,2,0,0,0,0,0,0,2,0,1,1,0,0
CHHATTISGARH,2005,Drug Abuse/Addiction,2,16,45,31,15,109,1,5,7,5,6,24,133,3,21,52,36,21
CHHATTISGARH,2005,Failure in Examination,5,19,0,0,0,24,0,11,1,0,0,12,36,5,30,1,0,0
CHHATTISGARH,2005,Fall in Social Reputation,3,5,10,5,0,23,1,5,2,1,1,10,33,4,10,12,6,1
CHHATTISGARH,2005,Family Problems,9,115,112,99,19,354,3,158,90,32,5,288,642,12,273,202,131,24
CHHATTISGARH,2005,Ideological Causes/Hero Worshipping,0,2,3,1,0,6,0,3,1,0,0,4,10,0,5,4,1,0
CHHATTISGARH,2005,Illegitimate Pregnancy,1,1,2,0,0,4,0,2,0,0,0,2,6,1,3,2,0,0
CHHATTISGARH,2005,Love Affairs,0,34,12,1,0,47,1,28,3,0,0,32,79,1,62,15,1,0
CHHATTISGARH,2005,"Physical Abuse (Rape,Incest Etc.)",1,2,4,3,1,11,0,3,2,0,0,5,16,1,5,6,3,1
CHHATTISGARH,2005,Poverty,0,5,8,2,0,15,0,0,0,0,0,0,15,0,5,8,2,0
CHHATTISGARH,2005,Professional/Career Problem,0,3,0,0,0,3,0,0,0,0,0,0,3,0,3,0,0,0
CHHATTISGARH,2005,Property Dispute,0,2,8,4,3,17,0,0,0,0,0,0,17,0,2,8,4,3
CHHATTISGARH,2005,Unemployment,0,6,2,2,0,10,0,1,0,0,0,1,11,0,7,2,2,0
CHHATTISGARH,2005,Causes Not known,28,364,362,149,42,945,18,215,130,37,18,418,1363,46,579,492,186,60
CHHATTISGARH,2005,Other Causes,82,270,311,188,74,925,30,119,115,68,29,361,1286,112,389,426,256,103
CHHATTISGARH,2005,Total,160,1062,1174,676,233,3305,73,742,465,209,87,1576,4881,233,1804,1639,885,320
CHHATTISGARH,2005,Total Illness,16,171,236,163,75,661,9,97,87,54,26,273,934,25,268,323,217,101
CHHATTISGARH,2006,Bankruptcy,0,9,15,7,1,32,0,5,3,1,1,10,42,0,14,18,8,2
CHHATTISGARH,2006,Suspected/Illicit Relation,0,5,6,0,1,12,0,11,0,0,0,11,23,0,16,6,0,1
CHHATTISGARH,2006,Cancellation/Non-Settlement of Marriage,0,7,2,0,0,9,0,2,0,0,0,2,11,0,9,2,0,0
CHHATTISGARH,2006,Infertility,0,2,0,2,0,4,0,1,6,0,0,7,11,0,3,6,2,0
CHHATTISGARH,2006,Illness (Aids/STD),0,0,0,0,0,0,0,0,0,0,0,0,0,0,0,0,0,0
CHHATTISGARH,2006,Cancer,0,1,3,4,2,10,0,1,0,1,2,4,14,0,2,3,5,4
CHHATTISGARH,2006,Paralysis,0,1,1,4,1,7,0,0,0,1,0,1,8,0,1,1,5,1
CHHATTISGARH,2006,Insanity/Mental Illness,2,44,80,25,4,155,1,30,29,12,7,79,234,3,74,109,37,11
CHHATTISGARH,2006,Other Prolonged Illness,4,95,110,112,65,386,7,64,53,39,17,180,566,11,159,163,151,82
CHHATTISGARH,2006,Death of Dear Person,0,2,3,2,0,7,1,3,0,0,0,4,11,1,5,3,2,0
CHHATTISGARH,2006,Dowry Dispute,0,0,0,0,0,0,0,42,8,2,1,53,53,0,42,8,2,1
CHHATTISGARH,2006,Divorce,0,1,1,1,1,4,0,0,0,0,0,0,4,0,1,1,1,1
CHHATTISGARH,2006,Drug Abuse/Addiction,0,20,49,22,9,100,0,0,5,5,3,13,113,0,20,54,27,12
CHHATTISGARH,2006,Failure in Examination,6,19,0,0,0,25,4,9,0,0,0,13,38,10,28,0,0,0
CHHATTISGARH,2006,Fall in Social Reputation,0,2,12,3,1,18,0,3,3,1,0,7,25,0,5,15,4,1
CHHATTISGARH,2006,Family Problems,3,121,160,74,20,378,5,170,102,28,3,308,686,8,291,262,102,23
CHHATTISGARH,2006,Ideological Causes/Hero Worshipping,0,0,0,0,0,0,0,0,0,0,0,0,0,0,0,0,0,0
CHHATTISGARH,2006,Illegitimate Pregnancy,0,0,0,0,0,0,0,7,0,0,0,7,7,0,7,0,0,0
CHHATTISGARH,2006,Love Affairs,3,38,11,2,0,54,3,32,7,1,0,43,97,6,70,18,3,0
CHHATTISGARH,2006,"Physical Abuse (Rape,Incest Etc.)",0,1,3,2,0,6,1,16,3,1,1,22,28,1,17,6,3,1
CHHATTISGARH,2006,Poverty,1,10,13,5,1,30,0,0,4,5,1,10,40,1,10,17,10,2
CHHATTISGARH,2006,Professional/Career Problem,0,1,8,2,1,12,0,2,0,0,0,2,14,0,3,8,2,1
CHHATTISGARH,2006,Property Dispute,0,3,1,1,0,5,0,0,0,0,0,0,5,0,3,1,1,0
CHHATTISGARH,2006,Unemployment,1,7,5,0,0,13,0,0,0,0,0,0,13,1,7,5,0,0
CHHATTISGARH,2006,Causes Not known,57,433,407,191,55,1143,50,252,138,52,23,515,1658,107,685,545,243,78
CHHATTISGARH,2006,Other Causes,35,245,195,131,44,650,24,125,67,39,20,275,925,59,370,262,170,64
CHHATTISGARH,2006,Total,112,1067,1085,590,206,3060,96,775,428,188,79,1566,4626,208,1842,1513,778,285
CHHATTISGARH,2006,Total Illness,6,141,194,145,72,558,8,95,82,53,26,264,822,14,236,276,198,98
CHHATTISGARH,2007,Bankruptcy,0,24,12,11,4,51,0,2,4,1,0,7,58,0,26,16,12,4
CHHATTISGARH,2007,Suspected/Illicit Relation,0,6,5,0,0,11,1,11,9,1,0,22,33,1,17,14,1,0
CHHATTISGARH,2007,Cancellation/Non-Settlement of Marriage,0,3,0,0,0,3,0,12,2,0,0,14,17,0,15,2,0,0
CHHATTISGARH,2007,Infertility,0,2,0,0,0,2,0,4,5,0,0,9,11,0,6,5,0,0
CHHATTISGARH,2007,Illness (Aids/STD),0,2,2,4,1,9,0,4,0,0,0,4,13,0,6,2,4,1
CHHATTISGARH,2007,Cancer,0,3,3,1,0,7,0,0,0,0,0,0,7,0,3,3,1,0
CHHATTISGARH,2007,Paralysis,0,0,2,1,3,6,0,0,1,1,0,2,8,0,0,3,2,3
CHHATTISGARH,2007,Insanity/Mental Illness,2,54,54,32,13,155,1,18,22,14,5,60,215,3,72,76,46,18
CHHATTISGARH,2007,Other Prolonged Illness,3,92,88,82,80,345,3,64,43,44,20,174,519,6,156,131,126,100
CHHATTISGARH,2007,Death of Dear Person,0,1,4,2,0,7,0,1,1,3,0,5,12,0,2,5,5,0
CHHATTISGARH,2007,Dowry Dispute,0,1,0,0,0,1,0,27,4,0,0,31,32,0,28,4,0,0
CHHATTISGARH,2007,Divorce,0,1,0,0,0,1,0,1,0,0,0,1,2,0,2,0,0,0
CHHATTISGARH,2007,Drug Abuse/Addiction,0,28,48,30,10,116,0,0,4,3,1,8,124,0,28,52,33,11
CHHATTISGARH,2007,Failure in Examination,3,22,0,0,0,25,2,14,0,0,0,16,41,5,36,0,0,0
CHHATTISGARH,2007,Fall in Social Reputation,0,1,24,2,2,29,0,2,6,0,0,8,37,0,3,30,2,2
CHHATTISGARH,2007,Family Problems,6,115,145,85,27,378,2,146,95,28,3,274,652,8,261,240,113,30
CHHATTISGARH,2007,Ideological Causes/Hero Worshipping,0,1,2,0,0,3,0,0,0,0,0,0,3,0,1,2,0,0
CHHATTISGARH,2007,Illegitimate Pregnancy,0,0,0,0,0,0,1,0,3,0,0,4,4,1,0,3,0,0
CHHATTISGARH,2007,Love Affairs,1,35,15,0,0,51,3,41,11,0,0,55,106,4,76,26,0,0
CHHATTISGARH,2007,"Physical Abuse (Rape,Incest Etc.)",0,4,5,1,0,10,0,20,7,3,1,31,41,0,24,12,4,1
CHHATTISGARH,2007,Poverty,0,7,6,5,0,18,0,2,1,1,0,4,22,0,9,7,6,0
CHHATTISGARH,2007,Professional/Career Problem,0,12,9,4,0,25,0,0,0,0,0,0,25,0,12,9,4,0
CHHATTISGARH,2007,Property Dispute,0,4,2,2,0,8,0,0,0,0,0,0,8,0,4,2,2,0
CHHATTISGARH,2007,Unemployment,0,20,8,0,0,28,2,5,5,0,0,12,40,2,25,13,0,0
CHHATTISGARH,2007,Causes Not known,19,338,411,274,104,1146,23,226,163,87,23,522,1668,42,564,574,361,127
CHHATTISGARH,2007,Other Causes,44,271,278,152,76,821,21,131,90,46,32,320,1141,65,402,368,198,108
CHHATTISGARH,2007,Total,78,1047,1123,688,320,3256,59,731,476,232,85,1583,4839,137,1778,1599,920,405
CHHATTISGARH,2007,Total Illness,5,151,149,120,97,522,4,86,66,59,25,240,762,9,237,215,179,122
CHHATTISGARH,2008,Bankruptcy,0,8,9,9,1,27,0,1,3,1,0,5,32,0,9,12,10,1
CHHATTISGARH,2008,Suspected/Illicit Relation,0,9,3,0,0,12,0,5,1,0,0,6,18,0,14,4,0,0
CHHATTISGARH,2008,Cancellation/Non-Settlement of Marriage,0,3,3,0,0,6,0,7,0,0,0,7,13,0,10,3,0,0
CHHATTISGARH,2008,Infertility,0,1,1,0,0,2,0,6,7,3,0,16,18,0,7,8,3,0
CHHATTISGARH,2008,Illness (Aids/STD),0,2,6,11,5,24,0,0,5,2,1,8,32,0,2,11,13,6
CHHATTISGARH,2008,Cancer,0,0,2,4,0,6,0,0,0,0,0,0,6,0,0,2,4,0
CHHATTISGARH,2008,Paralysis,0,5,8,7,0,20,0,8,1,1,2,12,32,0,13,9,8,2
CHHATTISGARH,2008,Insanity/Mental Illness,0,80,62,33,10,185,3,31,19,12,8,73,258,3,111,81,45,18
CHHATTISGARH,2008,Other Prolonged Illness,2,103,115,90,59,369,10,77,80,34,17,218,587,12,180,195,124,76
CHHATTISGARH,2008,Death of Dear Person,0,5,10,5,4,24,0,8,3,3,0,14,38,0,13,13,8,4
CHHATTISGARH,2008,Dowry Dispute,1,0,0,0,0,1,1,49,9,0,0,59,60,2,49,9,0,0
CHHATTISGARH,2008,Divorce,0,0,1,0,0,1,0,1,0,0,0,1,2,0,1,1,0,0
CHHATTISGARH,2008,Drug Abuse/Addiction,0,44,57,43,13,157,0,1,3,4,0,8,165,0,45,60,47,13
CHHATTISGARH,2008,Failure in Examination,5,25,1,0,0,31,3,19,0,0,0,22,53,8,44,1,0,0
CHHATTISGARH,2008,Fall in Social Reputation,0,6,11,9,1,27,0,7,4,2,0,13,40,0,13,15,11,1
CHHATTISGARH,2008,Family Problems,4,201,237,121,45,608,4,191,109,39,9,352,960,8,392,346,160,54
CHHATTISGARH,2008,Ideological Causes/Hero Worshipping,0,0,0,0,0,0,0,0,0,0,0,0,0,0,0,0,0,0
CHHATTISGARH,2008,Illegitimate Pregnancy,0,0,0,0,0,0,0,4,0,0,0,4,4,0,4,0,0,0
CHHATTISGARH,2008,Love Affairs,1,63,11,3,0,78,3,49,11,2,0,65,143,4,112,22,5,0
CHHATTISGARH,2008,"Physical Abuse (Rape,Incest Etc.)",0,1,4,2,0,7,0,32,13,3,0,48,55,0,33,17,5,0
CHHATTISGARH,2008,Poverty,0,4,2,5,2,13,0,0,0,1,0,1,14,0,4,2,6,2
CHHATTISGARH,2008,Professional/Career Problem,0,16,15,7,0,38,0,0,0,0,0,0,38,0,16,15,7,0
CHHATTISGARH,2008,Property Dispute,0,5,4,3,0,12,0,0,0,0,0,0,12,0,5,4,3,0
CHHATTISGARH,2008,Unemployment,0,12,10,0,0,22,0,1,0,0,0,1,23,0,13,10,0,0
CHHATTISGARH,2008,Causes Not known,37,375,415,195,47,1069,42,268,145,68,21,544,1613,79,643,560,263,68
CHHATTISGARH,2008,Other Causes,15,157,169,138,30,509,16,89,65,43,7,220,729,31,246,234,181,37
CHHATTISGARH,2008,Total,65,1125,1156,685,217,3248,82,854,478,218,65,1697,4945,147,1979,1634,903,282
CHHATTISGARH,2008,Total Illness,2,190,193,145,74,604,13,116,105,49,28,311,915,15,306,298,194,102
CHHATTISGARH,2009,Bankruptcy,0,4,16,3,0,23,0,1,3,0,1,5,28,0,5,19,3,1
CHHATTISGARH,2009,Suspected/Illicit Relation,0,7,5,3,0,15,0,4,3,4,0,11,26,0,11,8,7,0
CHHATTISGARH,2009,Cancellation/Non-Settlement of Marriage,0,8,1,0,0,9,0,6,1,0,0,7,16,0,14,2,0,0
CHHATTISGARH,2009,Infertility,0,4,1,0,0,5,0,5,3,1,0,9,14,0,9,4,1,0
CHHATTISGARH,2009,Illness (Aids/STD),0,14,15,16,9,54,1,5,6,3,2,17,71,1,19,21,19,11
CHHATTISGARH,2009,Cancer,0,1,6,1,1,9,1,0,0,1,0,2,11,1,1,6,2,1
CHHATTISGARH,2009,Paralysis,0,1,0,3,1,5,0,2,0,0,1,3,8,0,3,0,3,2
CHHATTISGARH,2009,Insanity/Mental Illness,8,52,58,37,10,165,5,40,27,12,2,86,251,13,92,85,49,12
CHHATTISGARH,2009,Other Prolonged Illness,2,103,137,134,60,436,4,75,79,44,21,223,659,6,178,216,178,81
CHHATTISGARH,2009,Death of Dear Person,0,1,2,1,0,4,1,13,1,2,1,18,22,1,14,3,3,1
CHHATTISGARH,2009,Dowry Dispute,0,0,0,1,0,1,0,47,11,0,0,58,59,0,47,11,1,0
CHHATTISGARH,2009,Divorce,0,1,2,3,0,6,0,1,1,3,0,5,11,0,2,3,6,0
CHHATTISGARH,2009,Drug Abuse/Addiction,0,39,76,41,12,168,0,1,7,4,2,14,182,0,40,83,45,14
CHHATTISGARH,2009,Failure in Examination,1,23,0,0,0,24,3,14,2,0,0,19,43,4,37,2,0,0
CHHATTISGARH,2009,Fall in Social Reputation,0,19,27,13,3,62,2,17,13,4,2,38,100,2,36,40,17,5
CHHATTISGARH,2009,Family Problems,3,139,140,73,14,369,6,143,91,28,7,275,644,9,282,231,101,21
CHHATTISGARH,2009,Ideological Causes/Hero Worshipping,0,0,0,0,0,0,0,1,0,0,0,1,1,0,1,0,0,0
CHHATTISGARH,2009,Illegitimate Pregnancy,0,0,0,0,0,0,0,1,0,0,0,1,1,0,1,0,0,0
CHHATTISGARH,2009,Love Affairs,1,40,16,0,0,57,1,19,6,1,0,27,84,2,59,22,1,0
CHHATTISGARH,2009,"Physical Abuse (Rape,Incest Etc.)",0,4,0,3,3,10,1,42,6,2,2,53,63,1,46,6,5,5
CHHATTISGARH,2009,Poverty,0,2,2,1,1,6,0,0,0,0,0,0,6,0,2,2,1,1
CHHATTISGARH,2009,Professional/Career Problem,0,12,11,9,0,32,0,0,0,1,0,1,33,0,12,11,10,0
CHHATTISGARH,2009,Property Dispute,0,1,3,6,2,12,0,0,1,2,0,3,15,0,1,4,8,2
CHHATTISGARH,2009,Unemployment,0,7,10,0,0,17,0,1,1,0,0,2,19,0,8,11,0,0
CHHATTISGARH,2009,Causes Not known,21,371,412,331,131,1266,13,295,205,104,33,650,1916,34,666,617,435,164
CHHATTISGARH,2009,Other Causes,68,372,402,258,99,1199,38,140,120,75,28,401,1600,106,512,522,333,127
CHHATTISGARH,2009,Total,104,1225,1342,937,346,3954,76,873,587,291,102,1929,5883,180,2098,1929,1228,448
CHHATTISGARH,2009,Total Illness,10,171,216,191,81,669,11,122,112,60,26,331,1000,21,293,328,251,107
CHHATTISGARH,2010,Bankruptcy,0,6,11,6,1,24,0,2,6,1,0,9,33,0,8,17,7,1
CHHATTISGARH,2010,Suspected/Illicit Relation,0,3,14,2,0,19,0,14,8,1,0,23,42,0,17,22,3,0
CHHATTISGARH,2010,Cancellation/Non-Settlement of Marriage,0,0,2,1,0,3,0,7,0,0,0,7,10,0,7,2,1,0
CHHATTISGARH,2010,Infertility,0,3,2,1,0,6,0,5,4,0,0,9,15,0,8,6,1,0
CHHATTISGARH,2010,Illness (Aids/STD),1,1,3,3,1,9,0,1,0,0,1,2,11,1,2,3,3,2
CHHATTISGARH,2010,Cancer,0,1,0,2,1,4,0,0,0,0,0,0,4,0,1,0,2,1
CHHATTISGARH,2010,Paralysis,0,1,1,2,0,4,0,0,0,0,0,0,4,0,1,1,2,0
CHHATTISGARH,2010,Insanity/Mental Illness,3,61,75,48,19,206,3,21,22,7,5,58,264,6,82,97,55,24
CHHATTISGARH,2010,Other Prolonged Illness,3,118,119,140,93,473,2,64,61,51,24,202,675,5,182,180,191,117
CHHATTISGARH,2010,Death of Dear Person,0,2,2,3,0,7,0,0,4,1,0,5,12,0,2,6,4,0
CHHATTISGARH,2010,Dowry Dispute,0,0,0,0,0,0,0,54,16,0,0,70,70,0,54,16,0,0
CHHATTISGARH,2010,Divorce,0,1,0,0,0,1,0,1,2,0,0,3,4,0,2,2,0,0
CHHATTISGARH,2010,Drug Abuse/Addiction,1,43,89,46,9,188,0,5,5,3,2,15,203,1,48,94,49,11
CHHATTISGARH,2010,Failure in Examination,2,24,0,0,0,26,1,18,0,0,0,19,45,3,42,0,0,0
CHHATTISGARH,2010,Fall in Social Reputation,0,5,11,7,0,23,0,2,6,1,1,10,33,0,7,17,8,1
CHHATTISGARH,2010,Family Problems,6,171,172,115,26,490,4,154,96,33,8,295,785,10,325,268,148,34
CHHATTISGARH,2010,Ideological Causes/Hero Worshipping,0,0,0,0,1,1,0,0,0,0,0,0,1,0,0,0,0,1
CHHATTISGARH,2010,Illegitimate Pregnancy,0,0,0,0,0,0,0,2,0,0,0,2,2,0,2,0,0,0
CHHATTISGARH,2010,Love Affairs,1,48,10,3,0,62,2,42,8,0,0,52,114,3,90,18,3,0
CHHATTISGARH,2010,"Physical Abuse (Rape,Incest Etc.)",1,3,9,3,0,16,2,20,11,15,2,50,66,3,23,20,18,2
CHHATTISGARH,2010,Poverty,0,1,3,2,1,7,0,0,3,1,1,5,12,0,1,6,3,2
CHHATTISGARH,2010,Professional/Career Problem,0,8,10,8,1,27,0,0,1,0,0,1,28,0,8,11,8,1
CHHATTISGARH,2010,Property Dispute,0,10,8,1,6,25,0,0,1,0,0,1,26,0,10,9,1,6
CHHATTISGARH,2010,Unemployment,0,7,17,0,0,24,0,0,1,0,0,1,25,0,7,18,0,0
CHHATTISGARH,2010,Causes Not known,41,492,563,433,171,1700,21,279,260,113,48,721,2421,62,771,823,546,219
CHHATTISGARH,2010,Other Causes,51,375,417,276,81,1200,23,171,132,65,26,417,1617,74,546,549,341,107
CHHATTISGARH,2010,Total,110,1384,1538,1102,411,4545,58,862,647,292,118,1977,6522,168,2246,2185,1394,529
CHHATTISGARH,2010,Total Illness,7,182,198,195,114,696,5,86,83,58,30,262,958,12,268,281,253,144
CHHATTISGARH,2011,Bankruptcy,0,6,11,9,1,27,0,0,0,1,0,1,28,0,6,11,10,1
CHHATTISGARH,2011,Suspected/Illicit Relation,0,9,14,2,1,26,0,17,7,0,0,24,50,0,26,21,2,1
CHHATTISGARH,2011,Cancellation/Non-Settlement of Marriage,0,9,7,1,0,17,0,12,1,0,0,13,30,0,21,8,1,0
CHHATTISGARH,2011,Infertility,0,2,1,0,0,3,0,1,4,3,0,8,11,0,3,5,3,0
CHHATTISGARH,2011,Illness (Aids/STD),1,5,5,6,3,20,0,0,0,0,0,0,20,1,5,5,6,3
CHHATTISGARH,2011,Cancer,0,0,1,2,0,3,0,0,0,1,1,2,5,0,0,1,3,1
CHHATTISGARH,2011,Paralysis,0,0,2,5,1,8,0,2,0,0,0,2,10,0,2,2,5,1
CHHATTISGARH,2011,Insanity/Mental Illness,0,61,89,40,19,209,2,37,26,8,8,81,290,2,98,115,48,27
CHHATTISGARH,2011,Other Prolonged Illness,5,89,120,106,87,407,3,54,64,56,29,206,613,8,143,184,162,116
CHHATTISGARH,2011,Death of Dear Person,0,2,4,7,2,15,0,9,4,3,1,17,32,0,11,8,10,3
CHHATTISGARH,2011,Dowry Dispute,0,0,0,0,0,0,0,44,12,0,0,56,56,0,44,12,0,0
CHHATTISGARH,2011,Divorce,0,0,1,0,0,1,0,0,0,0,0,0,1,0,0,1,0,0
CHHATTISGARH,2011,Drug Abuse/Addiction,1,57,95,77,11,241,0,3,7,12,2,24,265,1,60,102,89,13
CHHATTISGARH,2011,Failure in Examination,3,30,5,3,0,41,3,36,4,0,0,43,84,6,66,9,3,0
CHHATTISGARH,2011,Fall in Social Reputation,0,8,7,6,0,21,1,4,6,2,0,13,34,1,12,13,8,0
CHHATTISGARH,2011,Family Problems,4,149,180,104,26,463,4,148,86,53,10,301,764,8,297,266,157,36
CHHATTISGARH,2011,Ideological Causes/Hero Worshipping,0,0,0,0,0,0,0,0,0,0,0,0,0,0,0,0,0,0
CHHATTISGARH,2011,Illegitimate Pregnancy,0,0,0,0,0,0,0,2,1,0,0,3,3,0,2,1,0,0
CHHATTISGARH,2011,Love Affairs,0,56,23,3,0,82,1,54,8,0,0,63,145,1,110,31,3,0
CHHATTISGARH,2011,"Physical Abuse (Rape,Incest Etc.)",0,6,0,1,0,7,0,13,8,0,0,21,28,0,19,8,1,0
CHHATTISGARH,2011,Poverty,0,1,2,2,0,5,0,0,0,1,0,1,6,0,1,2,3,0
CHHATTISGARH,2011,Professional/Career Problem,0,3,2,2,2,9,0,0,0,0,0,0,9,0,3,2,2,2
CHHATTISGARH,2011,Property Dispute,0,6,8,6,0,20,0,0,1,1,0,2,22,0,6,9,7,0
CHHATTISGARH,2011,Unemployment,0,16,5,1,1,23,0,2,0,0,0,2,25,0,18,5,1,1
CHHATTISGARH,2011,Causes Not known,32,356,414,334,111,1247,22,261,198,108,44,633,1880,54,617,612,442,155
CHHATTISGARH,2011,Other Causes,56,557,505,364,150,1632,50,289,201,127,46,713,2345,106,846,706,491,196
CHHATTISGARH,2011,Total,102,1428,1501,1081,415,4527,86,988,638,376,141,2229,6756,188,2416,2139,1457,556
CHHATTISGARH,2011,Total Illness,6,155,217,159,110,647,5,93,90,65,38,291,938,11,248,307,224,148
CHHATTISGARH,2012,Bankruptcy,0,2,3,0,2,7,0,0,0,0,0,0,7,0,2,3,0,2
CHHATTISGARH,2012,Suspected/Illicit Relation,0,5,2,1,0,8,0,7,4,0,0,11,19,0,12,6,1,0
CHHATTISGARH,2012,Cancellation/Non-Settlement of Marriage,0,1,1,0,0,2,0,6,0,0,0,6,8,0,7,1,0,0
CHHATTISGARH,2012,Infertility,0,4,0,1,0,5,0,0,5,0,0,5,10,0,4,5,1,0
CHHATTISGARH,2012,Illness (Aids/STD),0,7,10,11,10,38,0,7,7,2,2,18,56,0,14,17,13,12
CHHATTISGARH,2012,Cancer,0,0,0,2,2,4,0,1,0,1,0,2,6,0,1,0,3,2
CHHATTISGARH,2012,Paralysis,0,2,2,3,2,9,0,0,0,1,0,1,10,0,2,2,4,2
CHHATTISGARH,2012,Insanity/Mental Illness,1,53,60,39,11,164,2,32,21,15,7,77,241,3,85,81,54,18
CHHATTISGARH,2012,Other Prolonged Illness,1,51,109,103,41,305,3,53,53,29,19,157,462,4,104,162,132,60
CHHATTISGARH,2012,Death of Dear Person,0,5,3,3,1,12,0,4,1,2,0,7,19,0,9,4,5,1
CHHATTISGARH,2012,Dowry Dispute,0,0,0,0,0,0,0,37,1,0,0,38,38,0,37,1,0,0
CHHATTISGARH,2012,Divorce,0,3,1,1,0,5,0,0,0,0,0,0,5,0,3,1,1,0
CHHATTISGARH,2012,Drug Abuse/Addiction,0,54,90,43,17,204,0,6,16,12,2,36,240,0,60,106,55,19
CHHATTISGARH,2012,Failure in Examination,0,26,0,0,0,26,4,24,2,0,0,30,56,4,50,2,0,0
CHHATTISGARH,2012,Fall in Social Reputation,0,3,2,2,1,8,0,0,1,0,0,1,9,0,3,3,2,1
CHHATTISGARH,2012,Family Problems,8,157,214,110,32,521,8,119,82,36,12,257,778,16,276,296,146,44
CHHATTISGARH,2012,Ideological Causes/Hero Worshipping,0,2,0,0,0,2,0,0,0,0,0,0,2,0,2,0,0,0
CHHATTISGARH,2012,Illegitimate Pregnancy,0,0,0,0,0,0,0,0,0,0,0,0,0,0,0,0,0,0
CHHATTISGARH,2012,Love Affairs,0,46,6,1,0,53,1,37,3,0,0,41,94,1,83,9,1,0
CHHATTISGARH,2012,"Physical Abuse (Rape,Incest Etc.)",0,2,1,0,0,3,0,10,3,1,1,15,18,0,12,4,1,1
CHHATTISGARH,2012,Poverty,0,2,4,1,1,8,0,0,0,0,0,0,8,0,2,4,1,1
CHHATTISGARH,2012,Professional/Career Problem,0,7,8,12,0,27,0,0,0,0,0,0,27,0,7,8,12,0
CHHATTISGARH,2012,Property Dispute,0,1,3,3,1,8,0,1,0,0,0,1,9,0,2,3,3,1
CHHATTISGARH,2012,Unemployment,0,8,6,1,0,15,0,2,0,0,0,2,17,0,10,6,1,0
CHHATTISGARH,2012,Causes Not known,23,412,432,310,88,1265,27,199,150,74,38,488,1753,50,611,582,384,126
CHHATTISGARH,2012,Other Causes,50,451,437,272,105,1315,33,221,94,59,40,447,1762,83,672,531,331,145
CHHATTISGARH,2012,Total,83,1304,1394,919,314,4014,78,766,443,232,121,1640,5654,161,2070,1837,1151,435
CHHATTISGARH,2012,Total Illness,2,113,181,158,66,520,5,93,81,48,28,255,775,7,206,262,206,94
GOA,2001,Bankruptcy,0,0,0,1,1,2,0,0,0,0,0,0,2,0,0,0,1,1
GOA,2001,Suspected/Illicit Relation,0,0,0,0,0,0,0,0,0,0,0,0,0,0,0,0,0,0
GOA,2001,Cancellation/Non-Settlement of Marriage,0,0,0,0,0,0,0,0,0,0,0,0,0,0,0,0,0,0
GOA,2001,Infertility,0,0,1,0,0,1,0,0,1,0,0,1,2,0,0,2,0,0
GOA,2001,Illness (Aids/STD),0,0,1,0,0,1,0,1,0,0,0,1,2,0,1,1,0,0
GOA,2001,Cancer,0,0,0,0,0,0,0,0,0,0,1,1,1,0,0,0,0,1
GOA,2001,Paralysis,0,0,0,0,1,1,0,0,1,1,0,2,3,0,0,1,1,1
GOA,2001,Insanity/Mental Illness,0,9,18,7,4,38,0,2,13,1,8,24,62,0,11,31,8,12
GOA,2001,Other Prolonged Illness,0,0,4,4,1,9,0,0,1,0,4,5,14,0,0,5,4,5
GOA,2001,Death of Dear Person,0,0,0,0,0,0,0,0,0,0,1,1,1,0,0,0,0,1
GOA,2001,Dowry Dispute,0,0,0,0,0,0,0,3,0,0,0,3,3,0,3,0,0,0
GOA,2001,Divorce,0,0,0,0,0,0,0,0,0,0,0,0,0,0,0,0,0,0
GOA,2001,Drug Abuse/Addiction,0,0,0,0,0,0,0,0,0,0,0,0,0,0,0,0,0,0
GOA,2001,Failure in Examination,0,1,0,0,0,1,0,1,0,0,0,1,2,0,2,0,0,0
GOA,2001,Fall in Social Reputation,0,0,0,0,0,0,0,0,0,0,0,0,0,0,0,0,0,0
GOA,2001,Family Problems,0,6,16,4,3,29,1,2,8,1,0,12,41,1,8,24,5,3
GOA,2001,Ideological Causes/Hero Worshipping,0,0,0,0,0,0,0,0,0,0,0,0,0,0,0,0,0,0
GOA,2001,Illegitimate Pregnancy,0,0,0,0,0,0,0,1,0,0,0,1,1,0,1,0,0,0
GOA,2001,Love Affairs,0,4,0,0,0,4,0,5,1,0,0,6,10,0,9,1,0,0
GOA,2001,"Physical Abuse (Rape,Incest Etc.)",0,0,0,0,0,0,0,0,0,0,0,0,0,0,0,0,0,0
GOA,2001,Poverty,0,0,2,0,0,2,0,0,0,0,0,0,2,0,0,2,0,0
GOA,2001,Professional/Career Problem,0,0,0,1,0,1,0,1,0,1,0,2,3,0,1,0,2,0
GOA,2001,Property Dispute,0,0,0,1,1,2,0,0,0,0,0,0,2,0,0,0,1,1
GOA,2001,Unemployment,0,2,3,0,0,5,0,0,0,0,0,0,5,0,2,3,0,0
GOA,2001,Causes Not known,0,6,17,10,4,37,2,9,4,1,3,19,56,2,15,21,11,7
GOA,2001,Other Causes,0,15,11,7,1,34,0,5,3,1,1,10,44,0,20,14,8,2
GOA,2001,Total,0,43,73,35,16,167,3,30,32,6,18,89,256,3,73,105,41,34
GOA,2001,Total Illness,0,9,23,11,6,49,0,3,15,2,13,33,82,0,12,38,13,19
GOA,2002,Bankruptcy,0,2,1,2,0,5,0,0,0,0,0,0,5,0,2,1,2,0
GOA,2002,Suspected/Illicit Relation,0,0,1,0,0,1,0,1,1,0,0,2,3,0,1,2,0,0
GOA,2002,Cancellation/Non-Settlement of Marriage,0,0,0,0,0,0,0,1,0,0,0,1,1,0,1,0,0,0
GOA,2002,Infertility,0,0,0,0,0,0,0,2,4,0,0,6,6,0,2,4,0,0
GOA,2002,Illness (Aids/STD),0,0,0,0,0,0,0,0,0,0,0,0,0,0,0,0,0,0
GOA,2002,Cancer,0,0,0,0,0,0,0,0,0,0,0,0,0,0,0,0,0,0
GOA,2002,Paralysis,0,2,4,0,1,7,0,0,0,0,0,0,7,0,2,4,0,1
GOA,2002,Insanity/Mental Illness,0,6,12,9,5,32,0,2,2,5,2,11,43,0,8,14,14,7
GOA,2002,Other Prolonged Illness,0,5,5,3,2,15,0,3,3,1,4,11,26,0,8,8,4,6
GOA,2002,Death of Dear Person,0,0,0,0,0,0,0,0,0,0,0,0,0,0,0,0,0,0
GOA,2002,Dowry Dispute,0,0,0,0,0,0,0,1,0,0,0,1,1,0,1,0,0,0
GOA,2002,Divorce,0,0,0,0,0,0,0,0,0,0,0,0,0,0,0,0,0,0
GOA,2002,Drug Abuse/Addiction,0,0,0,0,0,0,0,0,0,0,0,0,0,0,0,0,0,0
GOA,2002,Failure in Examination,0,2,0,0,0,2,0,1,0,1,0,2,4,0,3,0,1,0
GOA,2002,Fall in Social Reputation,0,0,0,2,0,2,0,0,0,0,0,0,2,0,0,0,2,0
GOA,2002,Family Problems,0,7,7,8,3,25,0,9,8,1,0,18,43,0,16,15,9,3
GOA,2002,Ideological Causes/Hero Worshipping,0,0,0,0,0,0,0,0,0,0,0,0,0,0,0,0,0,0
GOA,2002,Illegitimate Pregnancy,0,0,0,0,0,0,0,0,0,0,0,0,0,0,0,0,0,0
GOA,2002,Love Affairs,0,5,2,0,0,7,0,9,1,0,0,10,17,0,14,3,0,0
GOA,2002,"Physical Abuse (Rape,Incest Etc.)",0,0,0,0,0,0,0,0,0,0,0,0,0,0,0,0,0,0
GOA,2002,Poverty,0,0,0,0,0,0,0,0,0,0,0,0,0,0,0,0,0,0
GOA,2002,Professional/Career Problem,0,4,1,0,0,5,0,1,0,0,0,1,6,0,5,1,0,0
GOA,2002,Property Dispute,0,2,2,0,0,4,0,0,0,0,0,0,4,0,2,2,0,0
GOA,2002,Unemployment,0,9,14,3,2,28,0,0,0,0,0,0,28,0,9,14,3,2
GOA,2002,Causes Not known,0,16,27,7,4,54,2,8,6,1,0,17,71,2,24,33,8,4
GOA,2002,Other Causes,0,13,14,12,0,39,0,2,1,0,0,3,42,0,15,15,12,0
GOA,2002,Total,0,73,90,46,17,226,2,40,26,9,6,83,309,2,113,116,55,23
GOA,2002,Total Illness,0,13,21,12,8,54,0,5,5,6,6,22,76,0,18,26,18,14
GOA,2003,Bankruptcy,0,4,2,0,0,6,0,1,0,0,0,1,7,0,5,2,0,0
GOA,2003,Suspected/Illicit Relation,0,0,1,0,0,1,0,0,0,0,0,0,1,0,0,1,0,0
GOA,2003,Cancellation/Non-Settlement of Marriage,0,0,0,0,0,0,0,0,0,0,0,0,0,0,0,0,0,0
GOA,2003,Infertility,0,0,0,0,0,0,0,0,0,0,0,0,0,0,0,0,0,0
GOA,2003,Illness (Aids/STD),0,0,0,0,0,0,0,0,0,0,0,0,0,0,0,0,0,0
GOA,2003,Cancer,0,0,0,0,0,0,0,0,0,0,0,0,0,0,0,0,0,0
GOA,2003,Paralysis,0,0,0,0,0,0,0,0,0,0,0,0,0,0,0,0,0,0
GOA,2003,Insanity/Mental Illness,0,8,22,11,2,43,0,4,6,7,2,19,62,0,12,28,18,4
GOA,2003,Other Prolonged Illness,0,2,11,8,6,27,0,2,1,2,1,6,33,0,4,12,10,7
GOA,2003,Death of Dear Person,0,0,0,0,0,0,0,1,0,0,0,1,1,0,1,0,0,0
GOA,2003,Dowry Dispute,0,0,0,0,0,0,0,1,0,0,0,1,1,0,1,0,0,0
GOA,2003,Divorce,0,0,0,0,0,0,0,0,0,0,0,0,0,0,0,0,0,0
GOA,2003,Drug Abuse/Addiction,0,0,2,0,0,2,0,0,0,0,0,0,2,0,0,2,0,0
GOA,2003,Failure in Examination,0,3,0,0,0,3,1,1,0,0,0,2,5,1,4,0,0,0
GOA,2003,Fall in Social Reputation,0,0,0,0,0,0,0,0,0,0,0,0,0,0,0,0,0,0
GOA,2003,Family Problems,0,6,12,6,3,27,1,11,4,0,0,16,43,1,17,16,6,3
GOA,2003,Ideological Causes/Hero Worshipping,0,0,0,0,0,0,0,0,0,0,0,0,0,0,0,0,0,0
GOA,2003,Illegitimate Pregnancy,0,0,0,0,0,0,0,0,0,0,0,0,0,0,0,0,0,0
GOA,2003,Love Affairs,0,11,0,0,0,11,0,6,2,0,0,8,19,0,17,2,0,0
GOA,2003,"Physical Abuse (Rape,Incest Etc.)",0,0,0,0,0,0,0,0,0,0,0,0,0,0,0,0,0,0
GOA,2003,Poverty,0,1,0,0,0,1,0,0,0,0,0,0,1,0,1,0,0,0
GOA,2003,Professional/Career Problem,0,0,1,1,0,2,0,0,0,1,0,1,3,0,0,1,2,0
GOA,2003,Property Dispute,0,1,1,0,0,2,0,0,0,0,0,0,2,0,1,1,0,0
GOA,2003,Unemployment,0,6,8,3,0,17,0,1,0,0,0,1,18,0,7,8,3,0
GOA,2003,Causes Not known,0,14,23,11,2,50,2,16,5,1,0,24,74,2,30,28,12,2
GOA,2003,Other Causes,0,5,13,2,1,21,0,7,0,0,0,7,28,0,12,13,2,1
GOA,2003,Total,0,61,96,42,14,213,4,51,18,11,3,87,300,4,112,114,53,17
GOA,2003,Total Illness,0,10,33,19,8,70,0,6,7,9,3,25,95,0,16,40,28,11
GOA,2004,Bankruptcy,0,1,2,3,0,6,0,0,0,2,0,2,8,0,1,2,5,0
GOA,2004,Suspected/Illicit Relation,0,1,1,0,0,2,0,0,2,0,0,2,4,0,1,3,0,0
GOA,2004,Cancellation/Non-Settlement of Marriage,0,0,0,0,0,0,0,1,0,0,0,1,1,0,1,0,0,0
GOA,2004,Infertility,0,0,0,0,0,0,0,1,1,0,0,2,2,0,1,1,0,0
GOA,2004,Illness (Aids/STD),0,0,2,0,0,2,0,0,0,0,0,0,2,0,0,2,0,0
GOA,2004,Cancer,0,0,0,1,0,1,0,0,0,0,0,0,1,0,0,0,1,0
GOA,2004,Paralysis,0,0,0,0,0,0,0,0,0,0,0,0,0,0,0,0,0,0
GOA,2004,Insanity/Mental Illness,1,10,12,8,1,32,0,6,9,3,2,20,52,1,16,21,11,3
GOA,2004,Other Prolonged Illness,0,0,5,4,1,10,0,4,1,3,1,9,19,0,4,6,7,2
GOA,2004,Death of Dear Person,0,0,0,0,0,0,0,0,0,0,0,0,0,0,0,0,0,0
GOA,2004,Dowry Dispute,0,0,0,0,0,0,0,0,0,0,0,0,0,0,0,0,0,0
GOA,2004,Divorce,0,0,0,0,0,0,0,0,0,0,0,0,0,0,0,0,0,0
GOA,2004,Drug Abuse/Addiction,0,1,0,0,0,1,0,0,0,0,0,0,1,0,1,0,0,0
GOA,2004,Failure in Examination,0,6,0,0,0,6,0,0,0,0,0,0,6,0,6,0,0,0
GOA,2004,Fall in Social Reputation,0,0,0,0,0,0,0,0,0,0,0,0,0,0,0,0,0,0
GOA,2004,Family Problems,0,7,10,5,0,22,0,3,10,2,2,17,39,0,10,20,7,2
GOA,2004,Ideological Causes/Hero Worshipping,0,0,0,0,0,0,0,0,0,0,0,0,0,0,0,0,0,0
GOA,2004,Illegitimate Pregnancy,0,0,0,0,0,0,0,0,0,0,0,0,0,0,0,0,0,0
GOA,2004,Love Affairs,3,12,1,0,0,16,2,6,0,0,0,8,24,5,18,1,0,0
GOA,2004,"Physical Abuse (Rape,Incest Etc.)",0,0,0,0,0,0,0,0,0,0,0,0,0,0,0,0,0,0
GOA,2004,Poverty,0,0,0,0,0,0,0,0,1,0,0,1,1,0,0,1,0,0
GOA,2004,Professional/Career Problem,0,1,0,0,0,1,1,0,0,0,0,1,2,1,1,0,0,0
GOA,2004,Property Dispute,0,0,0,0,1,1,0,0,0,0,0,0,1,0,0,0,0,1
GOA,2004,Unemployment,0,3,3,1,0,7,0,1,0,0,0,1,8,0,4,3,1,0
GOA,2004,Causes Not known,0,24,30,14,1,69,1,14,4,2,0,21,90,1,38,34,16,1
GOA,2004,Other Causes,2,7,16,8,3,36,1,10,3,2,1,17,53,3,17,19,10,4
GOA,2004,Total,6,73,82,44,7,212,5,46,31,14,6,102,314,11,119,113,58,13
GOA,2004,Total Illness,1,10,19,13,2,45,0,10,10,6,3,29,74,1,20,29,19,5
GOA,2005,Bankruptcy,0,1,2,1,0,4,0,0,0,0,0,0,4,0,1,2,1,0
GOA,2005,Suspected/Illicit Relation,0,0,0,0,0,0,0,0,0,0,0,0,0,0,0,0,0,0
GOA,2005,Cancellation/Non-Settlement of Marriage,0,0,0,0,0,0,0,0,0,0,0,0,0,0,0,0,0,0
GOA,2005,Infertility,0,0,0,2,0,2,0,0,0,0,0,0,2,0,0,0,2,0
GOA,2005,Illness (Aids/STD),0,0,1,0,0,1,0,1,0,0,0,1,2,0,1,1,0,0
GOA,2005,Cancer,0,0,0,1,1,2,0,0,0,0,0,0,2,0,0,0,1,1
GOA,2005,Paralysis,0,0,0,0,0,0,0,0,0,0,0,0,0,0,0,0,0,0
GOA,2005,Insanity/Mental Illness,0,5,17,10,4,36,0,5,3,9,3,20,56,0,10,20,19,7
GOA,2005,Other Prolonged Illness,0,6,5,4,1,16,0,2,1,0,2,5,21,0,8,6,4,3
GOA,2005,Death of Dear Person,0,1,0,0,0,1,0,0,1,0,0,1,2,0,1,1,0,0
GOA,2005,Dowry Dispute,0,0,0,0,0,0,0,1,0,0,0,1,1,0,1,0,0,0
GOA,2005,Divorce,0,0,0,0,0,0,0,0,0,0,0,0,0,0,0,0,0,0
GOA,2005,Drug Abuse/Addiction,0,0,2,0,1,3,0,0,0,0,0,0,3,0,0,2,0,1
GOA,2005,Failure in Examination,0,0,0,0,0,0,1,2,0,0,0,3,3,1,2,0,0,0
GOA,2005,Fall in Social Reputation,0,0,0,0,0,0,0,0,0,0,0,0,0,0,0,0,0,0
GOA,2005,Family Problems,0,4,8,3,2,17,0,7,3,1,2,13,30,0,11,11,4,4
GOA,2005,Ideological Causes/Hero Worshipping,0,0,0,0,0,0,0,0,0,0,0,0,0,0,0,0,0,0
GOA,2005,Illegitimate Pregnancy,0,0,0,0,0,0,0,0,0,0,0,0,0,0,0,0,0,0
GOA,2005,Love Affairs,0,8,1,0,0,9,0,5,2,0,0,7,16,0,13,3,0,0
GOA,2005,"Physical Abuse (Rape,Incest Etc.)",0,0,0,0,0,0,0,0,0,0,0,0,0,0,0,0,0,0
GOA,2005,Poverty,0,0,1,0,0,1,0,0,0,0,0,0,1,0,0,1,0,0
GOA,2005,Professional/Career Problem,0,0,0,0,0,0,0,0,0,0,0,0,0,0,0,0,0,0
GOA,2005,Property Dispute,0,0,0,0,0,0,0,0,0,0,0,0,0,0,0,0,0,0
GOA,2005,Unemployment,0,6,7,0,0,13,1,1,0,0,0,2,15,1,7,7,0,0
GOA,2005,Causes Not known,0,14,31,10,5,60,0,13,2,2,3,20,80,0,27,33,12,8
GOA,2005,Other Causes,2,9,10,9,2,32,0,5,3,3,1,12,44,2,14,13,12,3
GOA,2005,Total,2,54,85,40,16,197,2,42,15,15,11,85,282,4,96,100,55,27
GOA,2005,Total Illness,0,11,23,15,6,55,0,8,4,9,5,26,81,0,19,27,24,11
GOA,2006,Bankruptcy,0,3,1,5,0,9,0,0,0,0,0,0,9,0,3,1,5,0
GOA,2006,Suspected/Illicit Relation,0,0,0,0,0,0,0,0,1,0,0,1,1,0,0,1,0,0
GOA,2006,Cancellation/Non-Settlement of Marriage,0,0,0,0,0,0,0,1,0,0,0,1,1,0,1,0,0,0
GOA,2006,Infertility,0,1,0,1,0,2,0,0,0,1,0,1,3,0,1,0,2,0
GOA,2006,Illness (Aids/STD),0,0,1,0,0,1,0,0,0,0,0,0,1,0,0,1,0,0
GOA,2006,Cancer,0,1,0,0,0,1,0,0,0,0,0,0,1,0,1,0,0,0
GOA,2006,Paralysis,0,0,0,0,0,0,0,0,0,0,0,0,0,0,0,0,0,0
GOA,2006,Insanity/Mental Illness,0,8,16,8,3,35,0,4,7,6,0,17,52,0,12,23,14,3
GOA,2006,Other Prolonged Illness,0,1,7,4,3,15,0,2,0,2,2,6,21,0,3,7,6,5
GOA,2006,Death of Dear Person,0,0,0,0,1,1,0,1,0,0,0,1,2,0,1,0,0,1
GOA,2006,Dowry Dispute,0,0,0,0,0,0,0,1,0,0,0,1,1,0,1,0,0,0
GOA,2006,Divorce,0,2,0,0,0,2,0,0,0,1,0,1,3,0,2,0,1,0
GOA,2006,Drug Abuse/Addiction,0,1,1,1,0,3,0,0,0,0,0,0,3,0,1,1,1,0
GOA,2006,Failure in Examination,0,2,0,0,0,2,1,2,0,0,0,3,5,1,4,0,0,0
GOA,2006,Fall in Social Reputation,0,7,13,3,0,23,1,11,5,1,4,22,45,1,18,18,4,4
GOA,2006,Family Problems,0,0,0,0,0,0,0,1,0,0,0,1,1,0,1,0,0,0
GOA,2006,Ideological Causes/Hero Worshipping,0,0,0,0,0,0,0,0,0,0,0,0,0,0,0,0,0,0
GOA,2006,Illegitimate Pregnancy,0,0,0,0,0,0,0,0,0,0,0,0,0,0,0,0,0,0
GOA,2006,Love Affairs,0,4,1,0,0,5,0,5,1,0,0,6,11,0,9,2,0,0
GOA,2006,"Physical Abuse (Rape,Incest Etc.)",0,0,0,0,0,0,1,0,0,0,0,1,1,1,0,0,0,0
GOA,2006,Poverty,0,0,0,1,0,1,0,0,0,0,0,0,1,0,0,0,1,0
GOA,2006,Professional/Career Problem,0,0,0,0,0,0,0,0,0,0,0,0,0,0,0,0,0,0
GOA,2006,Property Dispute,0,0,0,0,0,0,0,0,0,0,0,0,0,0,0,0,0,0
GOA,2006,Unemployment,0,3,5,0,0,8,0,0,0,0,0,0,8,0,3,5,0,0
GOA,2006,Causes Not known,1,20,12,9,5,47,3,10,7,1,4,25,72,4,30,19,10,9
GOA,2006,Other Causes,0,7,12,8,1,28,0,2,1,1,1,5,33,0,9,13,9,2
GOA,2006,Total,1,60,69,40,13,183,6,40,22,13,11,92,275,7,100,91,53,24
GOA,2006,Total Illness,0,10,24,12,6,52,0,6,7,8,2,23,75,0,16,31,20,8
GOA,2007,Bankruptcy,0,1,1,3,0,5,0,0,1,0,0,1,6,0,1,2,3,0
GOA,2007,Suspected/Illicit Relation,0,1,0,0,0,1,0,1,1,0,0,2,3,0,2,1,0,0
GOA,2007,Cancellation/Non-Settlement of Marriage,0,0,0,0,0,0,0,0,0,0,0,0,0,0,0,0,0,0
GOA,2007,Infertility,0,0,0,0,0,0,0,0,0,0,0,0,0,0,0,0,0,0
GOA,2007,Illness (Aids/STD),0,0,1,0,1,2,1,0,2,0,0,3,5,1,0,3,0,1
GOA,2007,Cancer,0,0,0,0,0,0,0,1,0,1,0,2,2,0,1,0,1,0
GOA,2007,Paralysis,0,0,0,0,0,0,0,0,0,0,0,0,0,0,0,0,0,0
GOA,2007,Insanity/Mental Illness,1,5,15,5,5,31,0,5,3,5,2,15,46,1,10,18,10,7
GOA,2007,Other Prolonged Illness,0,1,3,2,6,12,0,3,5,3,1,12,24,0,4,8,5,7
GOA,2007,Death of Dear Person,0,0,0,0,0,0,0,0,0,0,0,0,0,0,0,0,0,0
GOA,2007,Dowry Dispute,0,0,0,0,0,0,0,2,0,0,0,2,2,0,2,0,0,0
GOA,2007,Divorce,0,0,0,0,0,0,0,0,0,0,0,0,0,0,0,0,0,0
GOA,2007,Drug Abuse/Addiction,0,1,2,2,0,5,0,0,0,0,0,0,5,0,1,2,2,0
GOA,2007,Failure in Examination,0,2,0,0,0,2,0,2,1,0,0,3,5,0,4,1,0,0
GOA,2007,Fall in Social Reputation,0,0,0,0,0,0,0,0,0,0,0,0,0,0,0,0,0,0
GOA,2007,Family Problems,0,11,10,5,2,28,0,8,5,3,0,16,44,0,19,15,8,2
GOA,2007,Ideological Causes/Hero Worshipping,0,0,0,0,0,0,0,0,0,0,0,0,0,0,0,0,0,0
GOA,2007,Illegitimate Pregnancy,0,0,0,0,0,0,0,0,0,0,0,0,0,0,0,0,0,0
GOA,2007,Love Affairs,0,6,1,0,0,7,0,6,1,0,0,7,14,0,12,2,0,0
GOA,2007,"Physical Abuse (Rape,Incest Etc.)",0,0,0,0,0,0,0,0,0,0,0,0,0,0,0,0,0,0
GOA,2007,Poverty,0,1,1,1,0,3,1,1,1,0,0,3,6,1,2,2,1,0
GOA,2007,Professional/Career Problem,0,3,2,1,0,6,0,0,0,0,0,0,6,0,3,2,1,0
GOA,2007,Property Dispute,0,0,0,0,0,0,0,0,0,0,0,0,0,0,0,0,0,0
GOA,2007,Unemployment,0,0,5,1,0,6,0,1,0,0,0,1,7,0,1,5,1,0
GOA,2007,Causes Not known,0,20,24,9,3,56,0,17,4,2,0,23,79,0,37,28,11,3
GOA,2007,Other Causes,0,2,4,7,1,14,0,0,1,0,1,2,16,0,2,5,7,2
GOA,2007,Total,1,54,69,36,18,178,2,47,25,14,4,92,270,3,101,94,50,22
GOA,2007,Total Illness,1,6,19,7,12,45,1,9,10,9,3,32,77,2,15,29,16,15
GOA,2008,Bankruptcy,0,0,0,0,0,0,0,0,0,0,0,0,0,0,0,0,0,0
GOA,2008,Suspected/Illicit Relation,0,0,1,0,0,1,0,0,1,0,0,1,2,0,0,2,0,0
GOA,2008,Cancellation/Non-Settlement of Marriage,0,0,0,0,0,0,0,0,0,0,0,0,0,0,0,0,0,0
GOA,2008,Infertility,0,1,0,0,0,1,0,0,1,0,0,1,2,0,1,1,0,0
GOA,2008,Illness (Aids/STD),0,0,1,0,0,1,0,0,0,0,0,0,1,0,0,1,0,0
GOA,2008,Cancer,0,0,1,0,0,1,0,0,0,0,0,0,1,0,0,1,0,0
GOA,2008,Paralysis,0,0,0,0,0,0,0,0,0,0,0,0,0,0,0,0,0,0
GOA,2008,Insanity/Mental Illness,0,3,14,5,3,25,1,5,9,2,2,19,44,1,8,23,7,5
GOA,2008,Other Prolonged Illness,0,1,6,4,5,16,0,2,1,1,2,6,22,0,3,7,5,7
GOA,2008,Death of Dear Person,0,1,0,0,0,1,0,0,1,0,0,1,2,0,1,1,0,0
GOA,2008,Dowry Dispute,0,0,0,0,0,0,0,0,0,0,0,0,0,0,0,0,0,0
GOA,2008,Divorce,0,0,0,0,0,0,0,0,0,0,0,0,0,0,0,0,0,0
GOA,2008,Drug Abuse/Addiction,0,1,3,0,0,4,0,0,0,1,0,1,5,0,1,3,1,0
GOA,2008,Failure in Examination,0,1,0,0,0,1,0,0,0,0,0,0,1,0,1,0,0,0
GOA,2008,Fall in Social Reputation,0,0,0,0,0,0,0,0,0,0,0,0,0,0,0,0,0,0
GOA,2008,Family Problems,0,3,10,2,0,15,0,13,3,2,2,20,35,0,16,13,4,2
GOA,2008,Ideological Causes/Hero Worshipping,0,0,0,0,0,0,0,0,0,0,0,0,0,0,0,0,0,0
GOA,2008,Illegitimate Pregnancy,0,0,0,0,0,0,0,1,0,0,0,1,1,0,1,0,0,0
GOA,2008,Love Affairs,0,8,1,0,0,9,0,6,0,0,0,6,15,0,14,1,0,0
GOA,2008,"Physical Abuse (Rape,Incest Etc.)",0,0,0,0,0,0,0,0,0,0,0,0,0,0,0,0,0,0
GOA,2008,Poverty,0,1,1,0,1,3,0,1,0,0,0,1,4,0,2,1,0,1
GOA,2008,Professional/Career Problem,0,0,0,0,0,0,0,1,0,0,0,1,1,0,1,0,0,0
GOA,2008,Property Dispute,0,0,0,0,0,0,0,0,0,0,0,0,0,0,0,0,0,0
GOA,2008,Unemployment,0,8,8,3,0,19,0,0,0,0,0,0,19,0,8,8,3,0
GOA,2008,Causes Not known,0,13,20,8,5,46,1,18,6,3,3,31,77,1,31,26,11,8
GOA,2008,Other Causes,0,14,18,7,1,40,1,7,4,1,2,15,55,1,21,22,8,3
GOA,2008,Total,0,55,84,29,15,183,3,54,26,10,11,104,287,3,109,110,39,26
GOA,2008,Total Illness,0,4,22,9,8,43,1,7,10,3,4,25,68,1,11,32,12,12
GOA,2009,Bankruptcy,0,4,1,0,0,5,0,0,1,0,0,1,6,0,4,2,0,0
GOA,2009,Suspected/Illicit Relation,0,0,0,0,0,0,0,1,0,0,0,1,1,0,1,0,0,0
GOA,2009,Cancellation/Non-Settlement of Marriage,0,1,0,0,0,1,0,0,0,0,0,0,1,0,1,0,0,0
GOA,2009,Infertility,0,0,0,0,1,1,0,0,0,0,0,0,1,0,0,0,0,1
GOA,2009,Illness (Aids/STD),0,0,0,0,0,0,0,0,0,0,0,0,0,0,0,0,0,0
GOA,2009,Cancer,0,0,0,0,0,0,0,0,0,0,0,0,0,0,0,0,0,0
GOA,2009,Paralysis,0,0,0,0,0,0,0,0,0,0,0,0,0,0,0,0,0,0
GOA,2009,Insanity/Mental Illness,1,8,10,7,3,29,0,5,8,8,2,23,52,1,13,18,15,5
GOA,2009,Other Prolonged Illness,0,1,7,7,4,19,0,2,0,2,4,8,27,0,3,7,9,8
GOA,2009,Death of Dear Person,0,0,2,0,1,3,0,0,0,0,0,0,3,0,0,2,0,1
GOA,2009,Dowry Dispute,0,0,0,0,0,0,0,0,2,0,0,2,2,0,0,2,0,0
GOA,2009,Divorce,0,0,0,0,0,0,0,0,0,0,0,0,0,0,0,0,0,0
GOA,2009,Drug Abuse/Addiction,0,1,3,5,2,11,0,0,0,0,0,0,11,0,1,3,5,2
GOA,2009,Failure in Examination,0,0,0,0,0,0,0,0,0,0,0,0,0,0,0,0,0,0
GOA,2009,Fall in Social Reputation,0,0,0,0,0,0,0,0,0,0,0,0,0,0,0,0,0,0
GOA,2009,Family Problems,0,5,9,7,1,22,0,18,7,3,0,28,50,0,23,16,10,1
GOA,2009,Ideological Causes/Hero Worshipping,0,0,0,0,0,0,0,0,0,0,0,0,0,0,0,0,0,0
GOA,2009,Illegitimate Pregnancy,0,0,0,0,0,0,0,0,0,0,0,0,0,0,0,0,0,0
GOA,2009,Love Affairs,0,6,0,0,0,6,0,4,0,0,0,4,10,0,10,0,0,0
GOA,2009,"Physical Abuse (Rape,Incest Etc.)",0,0,0,0,0,0,0,0,0,0,0,0,0,0,0,0,0,0
GOA,2009,Poverty,0,1,1,0,0,2,0,2,0,0,1,3,5,0,3,1,0,1
GOA,2009,Professional/Career Problem,0,1,1,0,0,2,0,1,0,0,0,1,3,0,2,1,0,0
GOA,2009,Property Dispute,0,0,0,0,0,0,0,0,0,0,0,0,0,0,0,0,0,0
GOA,2009,Unemployment,0,2,4,5,0,11,0,0,0,0,0,0,11,0,2,4,5,0
GOA,2009,Causes Not known,0,10,16,3,3,32,0,12,4,1,0,17,49,0,22,20,4,3
GOA,2009,Other Causes,0,10,18,10,2,40,2,3,0,0,1,6,46,2,13,18,10,3
GOA,2009,Total,1,50,72,44,17,184,2,48,22,14,8,94,278,3,98,94,58,25
GOA,2009,Total Illness,1,9,17,14,7,48,0,7,8,10,6,31,79,1,16,25,24,13
GOA,2010,Bankruptcy,0,2,6,0,0,8,0,0,0,0,0,0,8,0,2,6,0,0
GOA,2010,Suspected/Illicit Relation,0,0,0,0,0,0,0,0,0,0,0,0,0,0,0,0,0,0
GOA,2010,Cancellation/Non-Settlement of Marriage,0,0,0,0,0,0,0,0,0,0,0,0,0,0,0,0,0,0
GOA,2010,Infertility,0,0,2,0,0,2,0,0,0,1,0,1,3,0,0,2,1,0
GOA,2010,Illness (Aids/STD),0,0,0,0,0,0,0,0,0,0,0,0,0,0,0,0,0,0
GOA,2010,Cancer,0,0,0,0,1,1,0,0,0,0,0,0,1,0,0,0,0,1
GOA,2010,Paralysis,0,0,0,0,0,0,0,0,0,0,1,1,1,0,0,0,0,1
GOA,2010,Insanity/Mental Illness,0,4,10,12,5,31,1,6,5,4,5,21,52,1,10,15,16,10
GOA,2010,Other Prolonged Illness,0,1,8,9,4,22,0,0,2,2,4,8,30,0,1,10,11,8
GOA,2010,Death of Dear Person,0,0,0,0,0,0,0,1,0,0,0,1,1,0,1,0,0,0
GOA,2010,Dowry Dispute,0,0,0,0,0,0,0,0,1,0,0,1,1,0,0,1,0,0
GOA,2010,Divorce,0,0,1,0,0,1,0,0,0,0,0,0,1,0,0,1,0,0
GOA,2010,Drug Abuse/Addiction,0,1,2,2,1,6,0,0,0,0,0,0,6,0,1,2,2,1
GOA,2010,Failure in Examination,0,5,0,0,0,5,0,0,0,0,0,0,5,0,5,0,0,0
GOA,2010,Fall in Social Reputation,0,0,1,0,0,1,0,0,0,0,0,0,1,0,0,1,0,0
GOA,2010,Family Problems,1,11,12,9,0,33,0,7,9,1,3,20,53,1,18,21,10,3
GOA,2010,Ideological Causes/Hero Worshipping,0,0,0,0,0,0,0,0,0,0,0,0,0,0,0,0,0,0
GOA,2010,Illegitimate Pregnancy,0,0,0,0,0,0,0,0,0,0,0,0,0,0,0,0,0,0
GOA,2010,Love Affairs,0,8,2,1,0,11,0,7,0,0,0,7,18,0,15,2,1,0
GOA,2010,"Physical Abuse (Rape,Incest Etc.)",0,0,0,0,0,0,0,0,0,0,0,0,0,0,0,0,0,0
GOA,2010,Poverty,0,2,1,0,1,4,0,0,0,0,0,0,4,0,2,1,0,1
GOA,2010,Professional/Career Problem,0,1,1,0,0,2,0,0,0,0,0,0,2,0,1,1,0,0
GOA,2010,Property Dispute,0,0,0,0,0,0,0,0,0,0,0,0,0,0,0,0,0,0
GOA,2010,Unemployment,0,5,4,2,0,11,0,1,0,0,0,1,12,0,6,4,2,0
GOA,2010,Causes Not known,1,20,15,12,1,49,2,12,2,1,3,20,69,3,32,17,13,4
GOA,2010,Other Causes,0,9,16,16,8,49,0,3,2,0,0,5,54,0,12,18,16,8
GOA,2010,Total,2,69,81,63,21,236,3,37,21,9,16,86,322,5,106,102,72,37
GOA,2010,Total Illness,0,5,18,21,10,54,1,6,7,6,10,30,84,1,11,25,27,20
GOA,2011,Bankruptcy,0,0,6,1,0,7,0,0,0,0,0,0,7,0,0,6,1,0
GOA,2011,Suspected/Illicit Relation,0,0,0,0,0,0,0,0,1,0,0,1,1,0,0,1,0,0
GOA,2011,Cancellation/Non-Settlement of Marriage,0,0,0,0,0,0,0,0,0,0,0,0,0,0,0,0,0,0
GOA,2011,Infertility,0,0,0,0,0,0,0,0,1,0,0,1,1,0,0,1,0,0
GOA,2011,Illness (Aids/STD),0,2,0,0,0,2,0,0,0,0,0,0,2,0,2,0,0,0
GOA,2011,Cancer,0,0,0,0,0,0,0,0,0,0,1,1,1,0,0,0,0,1
GOA,2011,Paralysis,0,0,0,0,0,0,0,0,0,0,0,0,0,0,0,0,0,0
GOA,2011,Insanity/Mental Illness,0,6,16,4,2,28,0,4,9,3,2,18,46,0,10,25,7,4
GOA,2011,Other Prolonged Illness,1,1,5,9,3,19,0,3,3,1,5,12,31,1,4,8,10,8
GOA,2011,Death of Dear Person,0,0,0,0,0,0,0,0,0,1,0,1,1,0,0,0,1,0
GOA,2011,Dowry Dispute,0,0,0,0,0,0,0,1,0,0,0,1,1,0,1,0,0,0
GOA,2011,Divorce,0,0,0,0,0,0,0,0,0,0,0,0,0,0,0,0,0,0
GOA,2011,Drug Abuse/Addiction,0,1,3,3,1,8,0,0,0,0,0,0,8,0,1,3,3,1
GOA,2011,Failure in Examination,0,0,0,0,0,0,0,5,0,0,0,5,5,0,5,0,0,0
GOA,2011,Fall in Social Reputation,0,0,0,0,0,0,0,0,0,0,0,0,0,0,0,0,0,0
GOA,2011,Family Problems,1,9,8,3,5,26,1,9,9,1,0,20,46,2,18,17,4,5
GOA,2011,Ideological Causes/Hero Worshipping,0,0,0,0,0,0,0,0,0,0,0,0,0,0,0,0,0,0
GOA,2011,Illegitimate Pregnancy,0,0,0,0,0,0,0,0,0,0,0,0,0,0,0,0,0,0
GOA,2011,Love Affairs,0,3,1,1,0,5,1,5,0,0,0,6,11,1,8,1,1,0
GOA,2011,"Physical Abuse (Rape,Incest Etc.)",0,0,0,0,0,0,0,0,0,0,0,0,0,0,0,0,0,0
GOA,2011,Poverty,0,1,2,1,0,4,0,0,0,0,0,0,4,0,1,2,1,0
GOA,2011,Professional/Career Problem,0,1,1,0,0,2,0,0,0,0,0,0,2,0,1,1,0,0
GOA,2011,Property Dispute,0,0,0,0,0,0,0,0,0,0,0,0,0,0,0,0,0,0
GOA,2011,Unemployment,0,3,2,1,0,6,0,0,0,0,0,0,6,0,3,2,1,0
GOA,2011,Causes Not known,2,18,24,7,3,54,1,17,3,1,0,22,76,3,35,27,8,3
GOA,2011,Other Causes,1,7,13,9,4,34,0,7,0,2,1,10,44,1,14,13,11,5
GOA,2011,Total,5,52,81,39,18,195,3,51,26,9,9,98,293,8,103,107,48,27
GOA,2011,Total Illness,1,9,21,13,5,49,0,7,12,4,8,31,80,1,16,33,17,13
GOA,2012,Bankruptcy,0,0,0,1,0,1,0,0,0,0,0,0,1,0,0,0,1,0
GOA,2012,Suspected/Illicit Relation,0,0,0,0,0,0,0,0,0,0,0,0,0,0,0,0,0,0
GOA,2012,Cancellation/Non-Settlement of Marriage,0,1,0,0,0,1,0,0,0,0,0,0,1,0,1,0,0,0
GOA,2012,Infertility,0,0,0,2,0,2,0,0,0,0,0,0,2,0,0,0,2,0
GOA,2012,Illness (Aids/STD),0,0,0,0,0,0,0,0,0,0,0,0,0,0,0,0,0,0
GOA,2012,Cancer,0,0,0,0,1,1,0,0,0,0,0,0,1,0,0,0,0,1
GOA,2012,Paralysis,0,0,0,0,0,0,0,0,0,0,0,0,0,0,0,0,0,0
GOA,2012,Insanity/Mental Illness,0,2,8,6,3,19,0,4,1,5,6,16,35,0,6,9,11,9
GOA,2012,Other Prolonged Illness,0,2,6,5,7,20,0,0,6,2,4,12,32,0,2,12,7,11
GOA,2012,Death of Dear Person,0,0,0,0,0,0,0,1,0,0,0,1,1,0,1,0,0,0
GOA,2012,Dowry Dispute,0,0,0,0,0,0,0,0,0,0,0,0,0,0,0,0,0,0
GOA,2012,Divorce,0,0,0,0,0,0,0,0,0,0,0,0,0,0,0,0,0,0
GOA,2012,Drug Abuse/Addiction,0,1,2,2,0,5,0,0,0,0,0,0,5,0,1,2,2,0
GOA,2012,Failure in Examination,1,2,0,0,0,3,0,0,0,0,0,0,3,1,2,0,0,0
GOA,2012,Fall in Social Reputation,0,4,3,1,1,9,0,0,1,0,0,1,10,0,4,4,1,1
GOA,2012,Family Problems,0,6,16,6,2,30,2,6,6,1,0,15,45,2,12,22,7,2
GOA,2012,Ideological Causes/Hero Worshipping,0,0,0,0,0,0,0,0,0,0,0,0,0,0,0,0,0,0
GOA,2012,Illegitimate Pregnancy,0,0,0,0,0,0,0,0,0,0,0,0,0,0,0,0,0,0
GOA,2012,Love Affairs,0,7,4,0,0,11,0,12,6,0,0,18,29,0,19,10,0,0
GOA,2012,"Physical Abuse (Rape,Incest Etc.)",0,0,0,0,0,0,0,0,0,0,0,0,0,0,0,0,0,0
GOA,2012,Poverty,0,0,0,0,0,0,0,0,0,0,0,0,0,0,0,0,0,0
GOA,2012,Professional/Career Problem,0,1,1,0,0,2,0,0,0,0,0,0,2,0,1,1,0,0
GOA,2012,Property Dispute,0,0,0,0,0,0,0,0,0,0,0,0,0,0,0,0,0,0
GOA,2012,Unemployment,0,2,1,2,0,5,0,0,0,0,0,0,5,0,2,1,2,0
GOA,2012,Causes Not known,1,18,20,8,1,48,1,7,9,1,3,21,69,2,25,29,9,4
GOA,2012,Other Causes,3,7,17,11,1,39,0,7,1,0,1,9,48,3,14,18,11,2
GOA,2012,Total,5,53,78,44,16,196,3,37,30,9,14,93,289,8,90,108,53,30
GOA,2012,Total Illness,0,4,14,11,11,40,0,4,7,7,10,28,68,0,8,21,18,21
GUJARAT,2001,Bankruptcy,0,20,61,33,11,125,0,4,16,6,3,29,154,0,24,77,39,14
GUJARAT,2001,Suspected/Illicit Relation,0,12,16,0,0,28,1,20,6,0,0,27,55,1,32,22,0,0
GUJARAT,2001,Cancellation/Non-Settlement of Marriage,0,29,10,0,0,39,0,25,14,0,0,39,78,0,54,24,0,0
GUJARAT,2001,Infertility,0,3,9,3,0,15,0,18,26,9,0,53,68,0,21,35,12,0
GUJARAT,2001,Illness (Aids/STD),0,4,4,2,0,10,0,1,0,0,0,1,11,0,5,4,2,0
GUJARAT,2001,Cancer,0,2,5,6,8,21,0,0,5,3,2,10,31,0,2,10,9,10
GUJARAT,2001,Paralysis,0,1,4,4,3,12,0,1,2,0,3,6,18,0,2,6,4,6
GUJARAT,2001,Insanity/Mental Illness,0,74,90,32,12,208,3,61,70,43,26,203,411,3,135,160,75,38
GUJARAT,2001,Other Prolonged Illness,1,84,133,99,46,363,5,98,105,57,50,315,678,6,182,238,156,96
GUJARAT,2001,Death of Dear Person,0,9,10,6,0,25,2,20,16,3,3,44,69,2,29,26,9,3
GUJARAT,2001,Dowry Dispute,0,0,0,0,0,0,0,32,8,1,0,41,41,0,32,8,1,0
GUJARAT,2001,Divorce,0,2,5,0,0,7,0,7,2,0,0,9,16,0,9,7,0,0
GUJARAT,2001,Drug Abuse/Addiction,0,4,5,2,1,12,0,1,0,1,0,2,14,0,5,5,3,1
GUJARAT,2001,Failure in Examination,9,38,1,0,0,48,5,29,3,0,0,37,85,14,67,4,0,0
GUJARAT,2001,Fall in Social Reputation,2,12,18,12,1,45,1,17,10,7,0,35,80,3,29,28,19,1
GUJARAT,2001,Family Problems,17,235,222,107,29,610,21,384,184,59,33,681,1291,38,619,406,166,62
GUJARAT,2001,Ideological Causes/Hero Worshipping,0,0,0,0,0,0,0,0,0,0,0,0,0,0,0,0,0,0
GUJARAT,2001,Illegitimate Pregnancy,0,0,0,0,0,0,0,2,0,0,0,2,2,0,2,0,0,0
GUJARAT,2001,Love Affairs,0,56,28,3,0,87,3,67,19,2,0,91,178,3,123,47,5,0
GUJARAT,2001,"Physical Abuse (Rape,Incest Etc.)",0,1,0,0,0,1,0,12,3,0,0,15,16,0,13,3,0,0
GUJARAT,2001,Poverty,2,24,40,13,2,81,2,24,36,20,1,83,164,4,48,76,33,3
GUJARAT,2001,Professional/Career Problem,0,15,22,9,0,46,0,2,5,1,0,8,54,0,17,27,10,0
GUJARAT,2001,Property Dispute,0,4,17,9,2,32,0,0,4,4,1,9,41,0,4,21,13,3
GUJARAT,2001,Unemployment,1,150,85,42,1,279,1,21,24,10,1,57,336,2,171,109,52,2
GUJARAT,2001,Causes Not known,7,191,186,60,16,460,12,143,80,24,17,276,736,19,334,266,84,33
GUJARAT,2001,Other Causes,1,32,48,10,4,95,2,41,19,7,0,69,164,3,73,67,17,4
GUJARAT,2001,Total,40,1002,1019,452,136,2649,58,1030,657,257,140,2142,4791,98,2032,1676,709,276
GUJARAT,2001,Total Illness,1,165,236,143,69,614,8,161,182,103,81,535,1149,9,326,418,246,150
GUJARAT,2002,Bankruptcy,0,23,62,26,3,114,0,7,7,3,1,18,132,0,30,69,29,4
GUJARAT,2002,Suspected/Illicit Relation,0,11,14,2,0,27,0,19,9,0,0,28,55,0,30,23,2,0
GUJARAT,2002,Cancellation/Non-Settlement of Marriage,0,28,13,1,0,42,0,33,8,0,0,41,83,0,61,21,1,0
GUJARAT,2002,Infertility,0,4,6,4,0,14,1,25,28,11,0,65,79,1,29,34,15,0
GUJARAT,2002,Illness (Aids/STD),0,0,3,2,0,5,0,3,4,0,1,8,13,0,3,7,2,1
GUJARAT,2002,Cancer,0,4,9,11,7,31,0,2,6,5,2,15,46,0,6,15,16,9
GUJARAT,2002,Paralysis,0,0,6,6,2,14,0,5,6,4,2,17,31,0,5,12,10,4
GUJARAT,2002,Insanity/Mental Illness,3,91,72,55,19,240,4,50,76,30,28,188,428,7,141,148,85,47
GUJARAT,2002,Other Prolonged Illness,2,62,125,105,34,328,0,88,84,60,33,265,593,2,150,209,165,67
GUJARAT,2002,Death of Dear Person,0,6,7,6,2,21,0,8,6,1,1,16,37,0,14,13,7,3
GUJARAT,2002,Dowry Dispute,0,0,1,0,0,1,0,21,9,0,1,31,32,0,21,10,0,1
GUJARAT,2002,Divorce,0,1,3,1,1,6,0,5,8,1,0,14,20,0,6,11,2,1
GUJARAT,2002,Drug Abuse/Addiction,0,13,22,7,1,43,0,1,2,0,0,3,46,0,14,24,7,1
GUJARAT,2002,Failure in Examination,3,36,3,0,0,42,4,33,1,0,0,38,80,7,69,4,0,0
GUJARAT,2002,Fall in Social Reputation,1,13,17,19,1,51,0,23,17,4,0,44,95,1,36,34,23,1
GUJARAT,2002,Family Problems,7,198,144,76,24,449,16,291,130,56,16,509,958,23,489,274,132,40
GUJARAT,2002,Ideological Causes/Hero Worshipping,0,3,0,0,0,3,0,1,1,0,0,2,5,0,4,1,0,0
GUJARAT,2002,Illegitimate Pregnancy,0,1,0,0,0,1,0,3,0,0,0,3,4,0,4,0,0,0
GUJARAT,2002,Love Affairs,0,73,29,4,0,106,1,78,20,2,0,101,207,1,151,49,6,0
GUJARAT,2002,"Physical Abuse (Rape,Incest Etc.)",0,1,0,1,0,2,0,2,5,1,0,8,10,0,3,5,2,0
GUJARAT,2002,Poverty,0,15,47,31,7,100,1,19,24,15,2,61,161,1,34,71,46,9
GUJARAT,2002,Professional/Career Problem,0,19,27,16,3,65,0,0,2,1,0,3,68,0,19,29,17,3
GUJARAT,2002,Property Dispute,0,1,20,9,2,32,0,2,1,4,1,8,40,0,3,21,13,3
GUJARAT,2002,Unemployment,0,110,108,42,3,263,0,9,28,3,0,40,303,0,119,136,45,3
GUJARAT,2002,Causes Not known,4,243,214,67,29,557,5,174,78,40,12,309,866,9,417,292,107,41
GUJARAT,2002,Other Causes,5,66,44,27,7,149,7,44,30,17,5,103,252,12,110,74,44,12
GUJARAT,2002,Total,25,1022,996,518,145,2706,39,946,590,258,105,1938,4644,64,1968,1586,776,250
GUJARAT,2002,Total Illness,5,157,215,179,62,618,4,148,176,99,66,493,1111,9,305,391,278,128
GUJARAT,2003,Bankruptcy,0,36,50,24,6,116,1,7,3,0,2,13,129,1,43,53,24,8
GUJARAT,2003,Suspected/Illicit Relation,0,11,8,2,0,21,0,11,5,0,0,16,37,0,22,13,2,0
GUJARAT,2003,Cancellation/Non-Settlement of Marriage,0,28,13,1,0,42,0,29,8,0,0,37,79,0,57,21,1,0
GUJARAT,2003,Infertility,0,5,4,4,0,13,0,23,13,5,0,41,54,0,28,17,9,0
GUJARAT,2003,Illness (Aids/STD),0,2,4,1,0,7,0,3,3,1,2,9,16,0,5,7,2,2
GUJARAT,2003,Cancer,0,1,8,3,5,17,1,1,4,4,2,12,29,1,2,12,7,7
GUJARAT,2003,Paralysis,1,5,7,13,6,32,3,10,6,13,6,38,70,4,15,13,26,12
GUJARAT,2003,Insanity/Mental Illness,1,69,89,65,41,265,2,68,82,61,40,253,518,3,137,171,126,81
GUJARAT,2003,Other Prolonged Illness,0,63,118,93,49,323,0,82,90,51,52,275,598,0,145,208,144,101
GUJARAT,2003,Death of Dear Person,0,6,8,5,2,21,0,11,17,6,2,36,57,0,17,25,11,4
GUJARAT,2003,Dowry Dispute,0,0,0,0,0,0,0,8,5,0,0,13,13,0,8,5,0,0
GUJARAT,2003,Divorce,0,0,4,7,0,11,0,4,5,1,1,11,22,0,4,9,8,1
GUJARAT,2003,Drug Abuse/Addiction,0,6,6,7,2,21,0,0,0,2,0,2,23,0,6,6,9,2
GUJARAT,2003,Failure in Examination,4,24,1,0,0,29,1,28,0,0,0,29,58,5,52,1,0,0
GUJARAT,2003,Fall in Social Reputation,1,18,24,9,5,57,0,11,11,1,1,24,81,1,29,35,10,6
GUJARAT,2003,Family Problems,5,158,146,60,9,378,11,219,124,53,20,427,805,16,377,270,113,29
GUJARAT,2003,Ideological Causes/Hero Worshipping,0,3,3,3,0,9,0,4,2,0,0,6,15,0,7,5,3,0
GUJARAT,2003,Illegitimate Pregnancy,0,0,0,0,0,0,0,1,0,0,0,1,1,0,1,0,0,0
GUJARAT,2003,Love Affairs,1,56,18,1,0,76,2,63,17,3,0,85,161,3,119,35,4,0
GUJARAT,2003,"Physical Abuse (Rape,Incest Etc.)",0,3,9,7,3,22,1,9,6,7,4,27,49,1,12,15,14,7
GUJARAT,2003,Poverty,0,22,39,25,7,93,1,14,22,4,3,44,137,1,36,61,29,10
GUJARAT,2003,Professional/Career Problem,0,17,24,15,1,57,0,1,3,1,0,5,62,0,18,27,16,1
GUJARAT,2003,Property Dispute,0,2,15,11,0,28,0,0,2,9,0,11,39,0,2,17,20,0
GUJARAT,2003,Unemployment,0,73,89,37,3,202,0,9,9,1,1,20,222,0,82,98,38,4
GUJARAT,2003,Causes Not known,5,226,211,94,19,555,11,167,96,23,11,308,863,16,393,307,117,30
GUJARAT,2003,Other Causes,4,97,98,36,20,255,9,90,48,14,12,173,428,13,187,146,50,32
GUJARAT,2003,Total,22,931,996,523,178,2650,43,873,581,260,159,1916,4566,65,1804,1577,783,337
GUJARAT,2003,Total Illness,2,140,226,175,101,644,6,164,185,130,102,587,1231,8,304,411,305,203
GUJARAT,2004,Bankruptcy,0,17,41,34,4,96,0,6,8,5,1,20,116,0,23,49,39,5
GUJARAT,2004,Suspected/Illicit Relation,0,15,13,0,0,28,0,24,12,0,0,36,64,0,39,25,0,0
GUJARAT,2004,Cancellation/Non-Settlement of Marriage,0,35,18,5,0,58,0,34,7,0,0,41,99,0,69,25,5,0
GUJARAT,2004,Infertility,0,4,6,10,0,20,0,25,22,3,1,51,71,0,29,28,13,1
GUJARAT,2004,Illness (Aids/STD),0,1,3,4,2,10,0,1,2,1,0,4,14,0,2,5,5,2
GUJARAT,2004,Cancer,0,1,6,5,3,15,0,0,4,1,1,6,21,0,1,10,6,4
GUJARAT,2004,Paralysis,0,1,2,9,3,15,0,0,0,1,0,1,16,0,1,2,10,3
GUJARAT,2004,Insanity/Mental Illness,3,68,103,76,27,277,2,57,89,67,29,244,521,5,125,192,143,56
GUJARAT,2004,Other Prolonged Illness,1,53,114,107,60,335,0,65,79,72,40,256,591,1,118,193,179,100
GUJARAT,2004,Death of Dear Person,0,12,7,6,2,27,0,8,13,3,3,27,54,0,20,20,9,5
GUJARAT,2004,Dowry Dispute,0,0,0,0,0,0,0,37,19,1,0,57,57,0,37,19,1,0
GUJARAT,2004,Divorce,0,3,5,7,0,15,0,12,5,0,0,17,32,0,15,10,7,0
GUJARAT,2004,Drug Abuse/Addiction,0,2,10,5,1,18,0,0,1,1,0,2,20,0,2,11,6,1
GUJARAT,2004,Failure in Examination,9,31,1,0,0,41,2,33,1,0,0,36,77,11,64,2,0,0
GUJARAT,2004,Fall in Social Reputation,0,25,25,17,6,73,0,24,8,4,1,37,110,0,49,33,21,7
GUJARAT,2004,Family Problems,6,179,115,66,20,386,3,250,145,39,14,451,837,9,429,260,105,34
GUJARAT,2004,Ideological Causes/Hero Worshipping,0,1,2,0,0,3,0,0,0,0,0,0,3,0,1,2,0,0
GUJARAT,2004,Illegitimate Pregnancy,0,0,0,0,0,0,0,8,0,0,0,8,8,0,8,0,0,0
GUJARAT,2004,Love Affairs,0,70,36,3,1,110,2,55,17,2,0,76,186,2,125,53,5,1
GUJARAT,2004,"Physical Abuse (Rape,Incest Etc.)",0,6,3,0,0,9,0,15,5,2,0,22,31,0,21,8,2,0
GUJARAT,2004,Poverty,0,21,32,24,8,85,0,15,20,6,2,43,128,0,36,52,30,10
GUJARAT,2004,Professional/Career Problem,0,17,33,19,0,69,0,3,6,1,0,10,79,0,20,39,20,0
GUJARAT,2004,Property Dispute,0,3,12,8,0,23,0,1,2,8,0,11,34,0,4,14,16,0
GUJARAT,2004,Unemployment,0,81,105,32,3,221,0,12,15,3,0,30,251,0,93,120,35,3
GUJARAT,2004,Causes Not known,7,219,203,106,23,558,15,140,79,24,12,270,828,22,359,282,130,35
GUJARAT,2004,Other Causes,8,123,142,68,17,358,5,102,45,13,5,170,528,13,225,187,81,22
GUJARAT,2004,Total,34,988,1037,611,180,2850,29,927,604,257,109,1926,4776,63,1915,1641,868,289
GUJARAT,2004,Total Illness,4,124,228,201,95,652,2,123,174,142,70,511,1163,6,247,402,343,165
GUJARAT,2005,Bankruptcy,0,19,50,29,5,103,0,10,12,1,0,23,126,0,29,62,30,5
GUJARAT,2005,Suspected/Illicit Relation,0,9,3,1,0,13,0,14,9,1,0,24,37,0,23,12,2,0
GUJARAT,2005,Cancellation/Non-Settlement of Marriage,0,26,12,2,0,40,0,27,9,0,0,36,76,0,53,21,2,0
GUJARAT,2005,Infertility,0,3,5,3,1,12,0,17,26,3,0,46,58,0,20,31,6,1
GUJARAT,2005,Illness (Aids/STD),0,1,3,3,0,7,0,2,1,0,1,4,11,0,3,4,3,1
GUJARAT,2005,Cancer,0,5,9,7,7,28,0,1,1,3,2,7,35,0,6,10,10,9
GUJARAT,2005,Paralysis,0,1,13,7,2,23,0,0,7,6,1,14,37,0,1,20,13,3
GUJARAT,2005,Insanity/Mental Illness,0,78,117,92,26,313,2,47,78,47,28,202,515,2,125,195,139,54
GUJARAT,2005,Other Prolonged Illness,0,86,117,104,65,372,3,83,82,74,43,285,657,3,169,199,178,108
GUJARAT,2005,Death of Dear Person,0,10,15,6,3,34,0,9,15,7,2,33,67,0,19,30,13,5
GUJARAT,2005,Dowry Dispute,0,0,0,0,0,0,0,22,7,0,0,29,29,0,22,7,0,0
GUJARAT,2005,Divorce,0,3,5,2,0,10,0,13,6,0,0,19,29,0,16,11,2,0
GUJARAT,2005,Drug Abuse/Addiction,0,1,12,3,1,17,0,2,0,0,0,2,19,0,3,12,3,1
GUJARAT,2005,Failure in Examination,2,36,2,0,0,40,6,30,0,0,0,36,76,8,66,2,0,0
GUJARAT,2005,Fall in Social Reputation,0,22,22,14,7,65,3,15,23,5,0,46,111,3,37,45,19,7
GUJARAT,2005,Family Problems,5,170,189,89,22,475,3,207,118,51,15,394,869,8,377,307,140,37
GUJARAT,2005,Ideological Causes/Hero Worshipping,0,3,3,0,0,6,0,2,0,0,1,3,9,0,5,3,0,1
GUJARAT,2005,Illegitimate Pregnancy,0,0,0,0,0,0,0,5,0,0,0,5,5,0,5,0,0,0
GUJARAT,2005,Love Affairs,0,61,36,13,0,110,1,54,25,1,0,81,191,1,115,61,14,0
GUJARAT,2005,"Physical Abuse (Rape,Incest Etc.)",0,6,6,3,0,15,0,10,2,1,0,13,28,0,16,8,4,0
GUJARAT,2005,Poverty,0,10,22,20,3,55,0,8,3,5,0,16,71,0,18,25,25,3
GUJARAT,2005,Professional/Career Problem,0,15,27,13,0,55,0,1,1,1,0,3,58,0,16,28,14,0
GUJARAT,2005,Property Dispute,0,0,12,9,0,21,0,0,1,7,0,8,29,0,0,13,16,0
GUJARAT,2005,Unemployment,0,82,93,38,0,213,0,15,11,0,0,26,239,0,97,104,38,0
GUJARAT,2005,Causes Not known,7,224,203,93,30,557,10,145,85,24,14,278,835,17,369,288,117,44
GUJARAT,2005,Other Causes,11,109,106,72,20,318,5,112,79,22,12,230,548,16,221,185,94,32
GUJARAT,2005,Total,25,980,1082,623,192,2902,33,851,601,259,119,1863,4765,58,1831,1683,882,311
GUJARAT,2005,Total Illness,0,171,259,213,100,743,5,133,169,130,75,512,1255,5,304,428,343,175
GUJARAT,2006,Bankruptcy,0,18,49,35,6,108,0,3,13,5,0,21,129,0,21,62,40,6
GUJARAT,2006,Suspected/Illicit Relation,0,14,8,2,0,24,1,13,6,0,0,20,44,1,27,14,2,0
GUJARAT,2006,Cancellation/Non-Settlement of Marriage,0,34,8,0,0,42,0,31,9,2,0,42,84,0,65,17,2,0
GUJARAT,2006,Infertility,0,2,4,3,0,9,0,21,24,3,0,48,57,0,23,28,6,0
GUJARAT,2006,Illness (Aids/STD),0,1,5,1,0,7,0,1,2,1,0,4,11,0,2,7,2,0
GUJARAT,2006,Cancer,0,1,11,7,5,24,0,4,6,4,3,17,41,0,5,17,11,8
GUJARAT,2006,Paralysis,0,3,1,8,2,14,0,2,1,1,1,5,19,0,5,2,9,3
GUJARAT,2006,Insanity/Mental Illness,0,67,105,89,31,292,1,65,75,53,29,223,515,1,132,180,142,60
GUJARAT,2006,Other Prolonged Illness,4,60,116,109,55,344,4,84,81,58,43,270,614,8,144,197,167,98
GUJARAT,2006,Death of Dear Person,0,4,14,15,5,38,1,6,12,16,6,41,79,1,10,26,31,11
GUJARAT,2006,Dowry Dispute,0,10,9,0,0,19,0,22,18,1,0,41,60,0,32,27,1,0
GUJARAT,2006,Divorce,0,5,7,5,1,18,0,11,4,2,0,17,35,0,16,11,7,1
GUJARAT,2006,Drug Abuse/Addiction,0,3,10,3,0,16,0,0,3,0,0,3,19,0,3,13,3,0
GUJARAT,2006,Failure in Examination,6,37,2,0,0,45,3,29,1,0,0,33,78,9,66,3,0,0
GUJARAT,2006,Fall in Social Reputation,0,17,19,24,2,62,0,14,10,4,0,28,90,0,31,29,28,2
GUJARAT,2006,Family Problems,3,175,186,107,16,487,2,219,130,70,14,435,922,5,394,316,177,30
GUJARAT,2006,Ideological Causes/Hero Worshipping,0,1,4,1,0,6,0,0,0,0,0,0,6,0,1,4,1,0
GUJARAT,2006,Illegitimate Pregnancy,0,0,0,0,0,0,0,2,0,0,0,2,2,0,2,0,0,0
GUJARAT,2006,Love Affairs,0,64,26,0,0,90,1,68,14,4,0,87,177,1,132,40,4,0
GUJARAT,2006,"Physical Abuse (Rape,Incest Etc.)",0,1,8,4,0,13,0,18,1,0,1,20,33,0,19,9,4,1
GUJARAT,2006,Poverty,1,15,26,18,3,63,0,8,4,5,0,17,80,1,23,30,23,3
GUJARAT,2006,Professional/Career Problem,0,15,29,18,1,63,0,2,4,2,0,8,71,0,17,33,20,1
GUJARAT,2006,Property Dispute,0,11,24,7,2,44,0,3,5,6,0,14,58,0,14,29,13,2
GUJARAT,2006,Unemployment,0,98,100,35,3,236,0,5,11,1,0,17,253,0,103,111,36,3
GUJARAT,2006,Causes Not known,11,239,265,151,55,721,8,205,123,39,21,396,1117,19,444,388,190,76
GUJARAT,2006,Other Causes,5,91,98,52,17,263,7,89,57,21,4,178,441,12,180,155,73,21
GUJARAT,2006,Total,30,986,1134,694,204,3048,28,925,614,298,122,1987,5035,58,1911,1748,992,326
GUJARAT,2006,Total Illness,4,132,238,214,93,681,5,156,165,117,76,519,1200,9,288,403,331,169
GUJARAT,2007,Bankruptcy,1,18,29,23,3,74,0,9,6,4,0,19,93,1,27,35,27,3
GUJARAT,2007,Suspected/Illicit Relation,0,21,9,4,0,34,0,24,17,2,1,44,78,0,45,26,6,1
GUJARAT,2007,Cancellation/Non-Settlement of Marriage,0,32,12,2,0,46,0,35,9,0,0,44,90,0,67,21,2,0
GUJARAT,2007,Infertility,0,0,3,1,0,4,0,16,23,3,0,42,46,0,16,26,4,0
GUJARAT,2007,Illness (Aids/STD),0,2,6,8,5,21,0,0,6,3,2,11,32,0,2,12,11,7
GUJARAT,2007,Cancer,0,7,8,13,6,34,0,1,1,8,6,16,50,0,8,9,21,12
GUJARAT,2007,Paralysis,0,0,5,10,4,19,1,0,1,2,2,6,25,1,0,6,12,6
GUJARAT,2007,Insanity/Mental Illness,1,107,137,103,28,376,1,79,100,47,29,256,632,2,186,237,150,57
GUJARAT,2007,Other Prolonged Illness,1,109,174,130,80,494,4,84,91,78,61,318,812,5,193,265,208,141
GUJARAT,2007,Death of Dear Person,0,3,10,4,5,22,0,4,11,9,0,24,46,0,7,21,13,5
GUJARAT,2007,Dowry Dispute,0,0,0,0,0,0,0,39,8,0,0,47,47,0,39,8,0,0
GUJARAT,2007,Divorce,0,5,5,2,0,12,0,11,3,1,0,15,27,0,16,8,3,0
GUJARAT,2007,Drug Abuse/Addiction,0,6,13,9,1,29,0,0,4,0,0,4,33,0,6,17,9,1
GUJARAT,2007,Failure in Examination,7,24,2,1,0,34,7,28,0,0,0,35,69,14,52,2,1,0
GUJARAT,2007,Fall in Social Reputation,0,17,19,9,2,47,0,19,13,4,0,36,83,0,36,32,13,2
GUJARAT,2007,Family Problems,4,195,214,88,19,520,2,251,167,62,14,496,1016,6,446,381,150,33
GUJARAT,2007,Ideological Causes/Hero Worshipping,0,2,5,2,1,10,0,4,3,1,0,8,18,0,6,8,3,1
GUJARAT,2007,Illegitimate Pregnancy,0,0,0,0,0,0,0,2,1,0,0,3,3,0,2,1,0,0
GUJARAT,2007,Love Affairs,0,59,21,1,0,81,3,54,11,1,0,69,150,3,113,32,2,0
GUJARAT,2007,"Physical Abuse (Rape,Incest Etc.)",0,2,3,0,1,6,0,9,7,1,1,18,24,0,11,10,1,2
GUJARAT,2007,Poverty,0,17,39,24,3,83,0,16,22,4,0,42,125,0,33,61,28,3
GUJARAT,2007,Professional/Career Problem,0,25,38,16,1,80,0,1,0,1,0,2,82,0,26,38,17,1
GUJARAT,2007,Property Dispute,1,1,9,9,2,22,0,0,0,1,0,1,23,1,1,9,10,2
GUJARAT,2007,Unemployment,0,76,90,15,1,182,0,10,6,0,0,16,198,0,86,96,15,1
GUJARAT,2007,Causes Not known,6,291,294,134,39,764,12,201,124,55,28,420,1184,18,492,418,189,67
GUJARAT,2007,Other Causes,12,170,121,65,13,381,5,115,54,24,15,213,594,17,285,175,89,28
GUJARAT,2007,Total,33,1189,1266,673,214,3375,35,1012,688,311,159,2205,5580,68,2201,1954,984,373
GUJARAT,2007,Total Illness,2,225,330,264,123,944,6,164,199,138,100,607,1551,8,389,529,402,223
GUJARAT,2008,Bankruptcy,0,33,70,36,4,143,0,16,13,11,0,40,183,0,49,83,47,4
GUJARAT,2008,Suspected/Illicit Relation,0,14,16,7,1,38,0,30,17,4,0,51,89,0,44,33,11,1
GUJARAT,2008,Cancellation/Non-Settlement of Marriage,0,47,18,3,0,68,0,44,14,0,0,58,126,0,91,32,3,0
GUJARAT,2008,Infertility,0,4,6,5,1,16,0,14,25,5,0,44,60,0,18,31,10,1
GUJARAT,2008,Illness (Aids/STD),0,6,9,5,3,23,0,6,5,2,2,15,38,0,12,14,7,5
GUJARAT,2008,Cancer,0,3,6,16,7,32,0,2,1,4,5,12,44,0,5,7,20,12
GUJARAT,2008,Paralysis,0,6,6,16,5,33,0,7,8,4,5,24,57,0,13,14,20,10
GUJARAT,2008,Insanity/Mental Illness,0,98,124,108,39,369,3,83,93,66,35,280,649,3,181,217,174,74
GUJARAT,2008,Other Prolonged Illness,1,82,137,106,69,395,1,76,104,74,46,301,696,2,158,241,180,115
GUJARAT,2008,Death of Dear Person,0,6,9,9,4,28,0,5,17,9,3,34,62,0,11,26,18,7
GUJARAT,2008,Dowry Dispute,0,0,0,0,0,0,0,34,13,0,0,47,47,0,34,13,0,0
GUJARAT,2008,Divorce,0,10,5,2,0,17,0,13,7,2,0,22,39,0,23,12,4,0
GUJARAT,2008,Drug Abuse/Addiction,0,17,17,6,0,40,0,2,10,0,5,17,57,0,19,27,6,5
GUJARAT,2008,Failure in Examination,3,54,2,0,0,59,3,40,3,0,0,46,105,6,94,5,0,0
GUJARAT,2008,Fall in Social Reputation,0,16,21,15,4,56,0,11,11,7,0,29,85,0,27,32,22,4
GUJARAT,2008,Family Problems,2,207,296,127,35,667,6,264,179,80,24,553,1220,8,471,475,207,59
GUJARAT,2008,Ideological Causes/Hero Worshipping,0,5,2,0,0,7,0,4,0,0,0,4,11,0,9,2,0,0
GUJARAT,2008,Illegitimate Pregnancy,0,0,0,0,0,0,0,0,0,0,0,0,0,0,0,0,0,0
GUJARAT,2008,Love Affairs,0,56,34,11,0,101,4,60,19,0,0,83,184,4,116,53,11,0
GUJARAT,2008,"Physical Abuse (Rape,Incest Etc.)",0,1,1,0,0,2,0,10,6,0,0,16,18,0,11,7,0,0
GUJARAT,2008,Poverty,0,17,36,35,4,92,1,6,16,6,2,31,123,1,23,52,41,6
GUJARAT,2008,Professional/Career Problem,0,28,40,16,5,89,0,2,6,1,0,9,98,0,30,46,17,5
GUJARAT,2008,Property Dispute,0,4,7,8,1,20,0,3,3,1,0,7,27,0,7,10,9,1
GUJARAT,2008,Unemployment,0,93,113,21,3,230,0,9,11,1,0,21,251,0,102,124,22,3
GUJARAT,2008,Causes Not known,4,276,267,137,39,723,13,197,130,43,22,405,1128,17,473,397,180,61
GUJARAT,2008,Other Causes,15,167,180,98,27,487,8,152,75,27,19,281,768,23,319,255,125,46
GUJARAT,2008,Total,25,1250,1422,787,251,3735,39,1090,786,347,168,2430,6165,64,2340,2208,1134,419
GUJARAT,2008,Total Illness,1,195,282,251,123,852,4,174,211,150,93,632,1484,5,369,493,401,216
GUJARAT,2009,Bankruptcy,1,32,54,35,6,128,0,25,16,10,1,52,180,1,57,70,45,7
GUJARAT,2009,Suspected/Illicit Relation,0,10,16,4,0,30,0,35,16,2,0,53,83,0,45,32,6,0
GUJARAT,2009,Cancellation/Non-Settlement of Marriage,0,43,25,5,1,74,0,48,13,4,3,68,142,0,91,38,9,4
GUJARAT,2009,Infertility,0,1,8,4,0,13,0,21,26,1,0,48,61,0,22,34,5,0
GUJARAT,2009,Illness (Aids/STD),0,3,7,4,1,15,2,2,3,1,1,9,24,2,5,10,5,2
GUJARAT,2009,Cancer,0,6,15,13,8,42,0,1,4,6,5,16,58,0,7,19,19,13
GUJARAT,2009,Paralysis,0,10,12,6,5,33,0,0,3,4,3,10,43,0,10,15,10,8
GUJARAT,2009,Insanity/Mental Illness,3,87,135,78,39,342,0,94,112,65,33,304,646,3,181,247,143,72
GUJARAT,2009,Other Prolonged Illness,0,113,163,132,70,478,1,94,91,66,51,303,781,1,207,254,198,121
GUJARAT,2009,Death of Dear Person,0,8,5,7,2,22,0,7,7,2,2,18,40,0,15,12,9,4
GUJARAT,2009,Dowry Dispute,0,0,0,0,0,0,0,41,8,1,0,50,50,0,41,8,1,0
GUJARAT,2009,Divorce,0,11,4,2,0,17,0,8,8,1,1,18,35,0,19,12,3,1
GUJARAT,2009,Drug Abuse/Addiction,0,11,7,6,1,25,0,0,6,0,1,7,32,0,11,13,6,2
GUJARAT,2009,Failure in Examination,3,43,0,0,0,46,8,45,0,0,0,53,99,11,88,0,0,0
GUJARAT,2009,Fall in Social Reputation,0,19,42,17,6,84,1,32,33,11,2,79,163,1,51,75,28,8
GUJARAT,2009,Family Problems,6,235,321,120,33,715,7,297,206,97,39,646,1361,13,532,527,217,72
GUJARAT,2009,Ideological Causes/Hero Worshipping,0,0,2,1,0,3,0,0,0,0,0,0,3,0,0,2,1,0
GUJARAT,2009,Illegitimate Pregnancy,0,0,0,0,0,0,0,10,0,0,0,10,10,0,10,0,0,0
GUJARAT,2009,Love Affairs,0,67,19,3,0,89,0,81,29,1,0,111,200,0,148,48,4,0
GUJARAT,2009,"Physical Abuse (Rape,Incest Etc.)",0,2,1,0,0,3,0,2,2,0,0,4,7,0,4,3,0,0
GUJARAT,2009,Poverty,2,37,34,21,5,99,0,18,13,7,0,38,137,2,55,47,28,5
GUJARAT,2009,Professional/Career Problem,0,24,31,19,3,77,0,1,7,0,0,8,85,0,25,38,19,3
GUJARAT,2009,Property Dispute,0,4,6,3,0,13,0,2,5,1,0,8,21,0,6,11,4,0
GUJARAT,2009,Unemployment,0,130,115,33,4,282,0,7,4,2,0,13,295,0,137,119,35,4
GUJARAT,2009,Causes Not known,9,242,256,150,40,697,6,172,110,51,22,361,1058,15,414,366,201,62
GUJARAT,2009,Other Causes,3,117,126,74,24,344,5,116,49,15,13,198,542,8,233,175,89,37
GUJARAT,2009,Total,27,1255,1404,737,248,3671,30,1159,771,348,177,2485,6156,57,2414,2175,1085,425
GUJARAT,2009,Total Illness,3,219,332,233,123,910,3,191,213,142,93,642,1552,6,410,545,375,216
GUJARAT,2010,Bankruptcy,0,40,37,29,2,108,3,5,5,3,0,16,124,3,45,42,32,2
GUJARAT,2010,Suspected/Illicit Relation,0,19,22,6,0,47,0,34,24,4,0,62,109,0,53,46,10,0
GUJARAT,2010,Cancellation/Non-Settlement of Marriage,0,25,27,9,0,61,0,37,12,6,0,55,116,0,62,39,15,0
GUJARAT,2010,Infertility,0,0,6,4,0,10,0,22,19,5,0,46,56,0,22,25,9,0
GUJARAT,2010,Illness (Aids/STD),0,6,10,6,2,24,0,1,4,2,0,7,31,0,7,14,8,2
GUJARAT,2010,Cancer,0,3,12,19,6,40,0,1,3,3,1,8,48,0,4,15,22,7
GUJARAT,2010,Paralysis,0,2,8,9,2,21,0,1,1,2,2,6,27,0,3,9,11,4
GUJARAT,2010,Insanity/Mental Illness,3,105,134,72,41,355,5,86,78,53,31,253,608,8,191,212,125,72
GUJARAT,2010,Other Prolonged Illness,0,81,152,123,72,428,3,76,82,81,63,305,733,3,157,234,204,135
GUJARAT,2010,Death of Dear Person,0,8,8,10,5,31,0,5,10,6,4,25,56,0,13,18,16,9
GUJARAT,2010,Dowry Dispute,0,1,5,0,0,6,0,31,6,0,0,37,43,0,32,11,0,0
GUJARAT,2010,Divorce,0,5,4,0,0,9,0,7,6,1,0,14,23,0,12,10,1,0
GUJARAT,2010,Drug Abuse/Addiction,0,5,13,5,2,25,1,1,0,2,0,4,29,1,6,13,7,2
GUJARAT,2010,Failure in Examination,2,41,0,0,0,43,1,40,1,0,0,42,85,3,81,1,0,0
GUJARAT,2010,Fall in Social Reputation,0,9,14,14,2,39,0,4,1,1,1,7,46,0,13,15,15,3
GUJARAT,2010,Family Problems,7,221,195,115,20,558,10,284,175,84,16,569,1127,17,505,370,199,36
GUJARAT,2010,Ideological Causes/Hero Worshipping,0,1,1,0,0,2,0,2,1,1,0,4,6,0,3,2,1,0
GUJARAT,2010,Illegitimate Pregnancy,0,0,0,0,0,0,0,2,0,0,0,2,2,0,2,0,0,0
GUJARAT,2010,Love Affairs,0,66,18,4,0,88,1,73,17,1,0,92,180,1,139,35,5,0
GUJARAT,2010,"Physical Abuse (Rape,Incest Etc.)",0,0,2,0,0,2,0,5,2,0,0,7,9,0,5,4,0,0
GUJARAT,2010,Poverty,0,14,22,6,7,49,0,4,6,3,1,14,63,0,18,28,9,8
GUJARAT,2010,Professional/Career Problem,0,23,38,23,1,85,0,1,1,0,0,2,87,0,24,39,23,1
GUJARAT,2010,Property Dispute,0,8,9,3,0,20,0,0,1,0,0,1,21,0,8,10,3,0
GUJARAT,2010,Unemployment,0,100,112,36,7,255,0,6,14,7,1,28,283,0,106,126,43,8
GUJARAT,2010,Causes Not known,8,297,314,150,52,821,6,223,127,50,19,425,1246,14,520,441,200,71
GUJARAT,2010,Other Causes,17,263,249,115,42,686,12,154,126,52,19,363,1049,29,417,375,167,61
GUJARAT,2010,Total,37,1343,1412,758,263,3813,42,1105,722,367,158,2394,6207,79,2448,2134,1125,421
GUJARAT,2010,Total Illness,3,197,316,229,123,868,8,165,168,141,97,579,1447,11,362,484,370,220
GUJARAT,2011,Bankruptcy,0,46,46,29,2,123,0,4,4,3,0,11,134,0,50,50,32,2
GUJARAT,2011,Suspected/Illicit Relation,0,21,17,6,0,44,2,37,17,3,0,59,103,2,58,34,9,0
GUJARAT,2011,Cancellation/Non-Settlement of Marriage,0,32,22,5,1,60,0,35,14,14,1,64,124,0,67,36,19,2
GUJARAT,2011,Infertility,0,4,0,2,0,6,0,12,15,3,0,30,36,0,16,15,5,0
GUJARAT,2011,Illness (Aids/STD),0,2,11,8,2,23,2,3,5,4,2,16,39,2,5,16,12,4
GUJARAT,2011,Cancer,0,4,19,26,17,66,0,1,1,3,2,7,73,0,5,20,29,19
GUJARAT,2011,Paralysis,1,3,12,8,1,25,0,1,3,1,4,9,34,1,4,15,9,5
GUJARAT,2011,Insanity/Mental Illness,0,107,113,101,38,359,3,57,82,69,35,246,605,3,164,195,170,73
GUJARAT,2011,Other Prolonged Illness,0,104,160,128,77,469,2,83,114,77,56,332,801,2,187,274,205,133
GUJARAT,2011,Death of Dear Person,1,18,12,7,2,40,1,9,10,5,3,28,68,2,27,22,12,5
GUJARAT,2011,Dowry Dispute,0,0,0,0,0,0,0,7,8,0,0,15,15,0,7,8,0,0
GUJARAT,2011,Divorce,0,6,9,2,0,17,0,1,3,0,0,4,21,0,7,12,2,0
GUJARAT,2011,Drug Abuse/Addiction,0,6,6,5,0,17,0,0,1,1,0,2,19,0,6,7,6,0
GUJARAT,2011,Failure in Examination,2,42,4,0,0,48,9,43,0,0,0,52,100,11,85,4,0,0
GUJARAT,2011,Fall in Social Reputation,0,13,17,10,0,40,0,11,6,4,4,25,65,0,24,23,14,4
GUJARAT,2011,Family Problems,5,270,293,138,29,735,10,340,224,90,23,687,1422,15,610,517,228,52
GUJARAT,2011,Ideological Causes/Hero Worshipping,0,0,0,0,1,1,0,0,1,0,0,1,2,0,0,1,0,1
GUJARAT,2011,Illegitimate Pregnancy,0,0,0,0,0,0,0,2,1,0,0,3,3,0,2,1,0,0
GUJARAT,2011,Love Affairs,0,80,37,2,0,119,1,78,21,7,0,107,226,1,158,58,9,0
GUJARAT,2011,"Physical Abuse (Rape,Incest Etc.)",0,1,3,2,1,7,0,5,4,0,0,9,16,0,6,7,2,1
GUJARAT,2011,Poverty,0,29,24,15,4,72,0,7,12,7,3,29,101,0,36,36,22,7
GUJARAT,2011,Professional/Career Problem,0,27,33,13,3,76,0,3,2,0,0,5,81,0,30,35,13,3
GUJARAT,2011,Property Dispute,0,5,17,11,0,33,0,1,3,2,0,6,39,0,6,20,13,0
GUJARAT,2011,Unemployment,0,74,68,22,1,165,0,8,9,4,1,22,187,0,82,77,26,2
GUJARAT,2011,Causes Not known,17,306,284,165,47,819,13,217,122,71,21,444,1263,30,523,406,236,68
GUJARAT,2011,Other Causes,9,224,191,95,29,548,10,128,73,31,15,257,805,19,352,264,126,44
GUJARAT,2011,Total,35,1424,1398,800,255,3912,53,1093,755,399,170,2470,6382,88,2517,2153,1199,425
GUJARAT,2011,Total Illness,1,220,315,271,135,942,7,145,205,154,99,610,1552,8,365,520,425,234
GUJARAT,2012,Bankruptcy,0,33,58,30,6,127,0,4,5,5,0,14,141,0,37,63,35,6
GUJARAT,2012,Suspected/Illicit Relation,0,14,21,8,0,43,0,19,19,7,0,45,88,0,33,40,15,0
GUJARAT,2012,Cancellation/Non-Settlement of Marriage,0,32,25,5,0,62,0,38,15,6,2,61,123,0,70,40,11,2
GUJARAT,2012,Infertility,0,1,8,2,1,12,0,25,18,4,0,47,59,0,26,26,6,1
GUJARAT,2012,Illness (Aids/STD),0,6,13,6,0,25,0,2,2,7,0,11,36,0,8,15,13,0
GUJARAT,2012,Cancer,0,2,10,14,11,37,0,3,5,4,5,17,54,0,5,15,18,16
GUJARAT,2012,Paralysis,0,2,6,11,4,23,0,6,9,4,5,24,47,0,8,15,15,9
GUJARAT,2012,Insanity/Mental Illness,1,115,164,116,38,434,5,87,82,76,29,279,713,6,202,246,192,67
GUJARAT,2012,Other Prolonged Illness,2,98,177,137,72,486,0,96,105,68,43,312,798,2,194,282,205,115
GUJARAT,2012,Death of Dear Person,0,7,13,7,2,29,0,10,16,9,1,36,65,0,17,29,16,3
GUJARAT,2012,Dowry Dispute,0,0,0,0,0,0,0,9,4,6,0,19,19,0,9,4,6,0
GUJARAT,2012,Divorce,0,10,14,7,0,31,0,6,9,2,1,18,49,0,16,23,9,1
GUJARAT,2012,Drug Abuse/Addiction,0,19,19,10,0,48,0,3,1,1,0,5,53,0,22,20,11,0
GUJARAT,2012,Failure in Examination,7,59,2,0,0,68,6,53,10,0,0,69,137,13,112,12,0,0
GUJARAT,2012,Fall in Social Reputation,0,9,18,16,1,44,0,9,4,1,1,15,59,0,18,22,17,2
GUJARAT,2012,Family Problems,5,216,285,129,19,654,9,277,181,87,21,575,1229,14,493,466,216,40
GUJARAT,2012,Ideological Causes/Hero Worshipping,0,1,0,1,0,2,0,0,1,0,0,1,3,0,1,1,1,0
GUJARAT,2012,Illegitimate Pregnancy,0,0,0,0,0,0,0,6,1,0,0,7,7,0,6,1,0,0
GUJARAT,2012,Love Affairs,0,119,22,0,0,141,0,92,41,4,0,137,278,0,211,63,4,0
GUJARAT,2012,"Physical Abuse (Rape,Incest Etc.)",0,2,3,0,0,5,0,5,4,0,0,9,14,0,7,7,0,0
GUJARAT,2012,Poverty,0,20,16,9,0,45,0,9,9,0,1,19,64,0,29,25,9,1
GUJARAT,2012,Professional/Career Problem,0,35,47,16,7,105,0,8,3,0,0,11,116,0,43,50,16,7
GUJARAT,2012,Property Dispute,0,4,9,10,1,24,0,2,7,1,1,11,35,0,6,16,11,2
GUJARAT,2012,Unemployment,0,94,76,21,4,195,0,14,8,5,2,29,224,0,108,84,26,6
GUJARAT,2012,Causes Not known,16,435,409,200,59,1119,15,267,162,79,24,547,1666,31,702,571,279,83
GUJARAT,2012,Other Causes,21,221,173,127,61,603,22,196,123,73,16,430,1033,43,417,296,200,77
GUJARAT,2012,Total,52,1554,1588,882,286,4362,57,1246,844,449,152,2748,7110,109,2800,2432,1331,438
GUJARAT,2012,Total Illness,3,223,370,284,125,1005,5,194,203,159,82,643,1648,8,417,573,443,207
HARYANA,2001,Bankruptcy,0,2,3,2,0,7,0,2,0,0,0,2,9,0,4,3,2,0
HARYANA,2001,Suspected/Illicit Relation,0,11,9,1,0,21,0,7,4,1,0,12,33,0,18,13,2,0
HARYANA,2001,Cancellation/Non-Settlement of Marriage,0,6,1,0,0,7,1,4,0,0,0,5,12,1,10,1,0,0
HARYANA,2001,Infertility,0,1,1,0,0,2,0,9,6,1,0,16,18,0,10,7,1,0
HARYANA,2001,Illness (Aids/STD),0,4,1,2,1,8,0,1,1,0,0,2,10,0,5,2,2,1
HARYANA,2001,Cancer,0,0,0,0,0,0,0,0,1,0,0,1,1,0,0,1,0,0
HARYANA,2001,Paralysis,0,0,0,1,0,1,0,1,0,1,0,2,3,0,1,0,2,0
HARYANA,2001,Insanity/Mental Illness,1,10,17,7,0,35,2,3,5,1,2,13,48,3,13,22,8,2
HARYANA,2001,Other Prolonged Illness,0,27,32,18,11,88,0,9,10,5,3,27,115,0,36,42,23,14
HARYANA,2001,Death of Dear Person,1,12,9,7,8,37,0,6,6,3,2,17,54,1,18,15,10,10
HARYANA,2001,Dowry Dispute,0,1,0,0,0,1,0,45,21,3,0,69,70,0,46,21,3,0
HARYANA,2001,Divorce,0,1,2,0,0,3,0,2,0,0,0,2,5,0,3,2,0,0
HARYANA,2001,Drug Abuse/Addiction,0,7,8,4,0,19,0,0,0,0,0,0,19,0,7,8,4,0
HARYANA,2001,Failure in Examination,5,20,1,0,0,26,5,11,3,0,0,19,45,10,31,4,0,0
HARYANA,2001,Fall in Social Reputation,1,26,17,13,7,64,1,31,15,3,1,51,115,2,57,32,16,8
HARYANA,2001,Family Problems,3,74,63,28,7,175,0,50,36,9,3,98,273,3,124,99,37,10
HARYANA,2001,Ideological Causes/Hero Worshipping,0,0,0,0,0,0,0,0,0,0,0,0,0,0,0,0,0,0
HARYANA,2001,Illegitimate Pregnancy,0,0,0,0,0,0,0,3,1,0,0,4,4,0,3,1,0,0
HARYANA,2001,Love Affairs,0,22,2,0,0,24,0,15,2,0,0,17,41,0,37,4,0,0
HARYANA,2001,"Physical Abuse (Rape,Incest Etc.)",0,0,0,0,0,0,0,2,3,0,0,5,5,0,2,3,0,0
HARYANA,2001,Poverty,0,4,3,0,0,7,0,0,0,0,0,0,7,0,4,3,0,0
HARYANA,2001,Professional/Career Problem,0,7,8,13,0,28,0,0,0,0,0,0,28,0,7,8,13,0
HARYANA,2001,Property Dispute,0,23,19,9,1,52,0,5,6,4,0,15,67,0,28,25,13,1
HARYANA,2001,Unemployment,0,18,28,14,2,62,0,6,7,1,0,14,76,0,24,35,15,2
HARYANA,2001,Causes Not known,2,52,48,30,5,137,1,24,23,4,2,54,191,3,76,71,34,7
HARYANA,2001,Other Causes,21,191,227,87,34,560,10,86,70,20,12,198,758,31,277,297,107,46
HARYANA,2001,Total,34,519,499,236,76,1364,20,322,220,56,25,643,2007,54,841,719,292,101
HARYANA,2001,Total Illness,1,41,50,28,12,132,2,14,17,7,5,45,177,3,55,67,35,17
HARYANA,2002,Bankruptcy,0,1,3,0,0,4,0,0,0,0,0,0,4,0,1,3,0,0
HARYANA,2002,Suspected/Illicit Relation,0,7,7,1,0,15,0,7,8,1,0,16,31,0,14,15,2,0
HARYANA,2002,Cancellation/Non-Settlement of Marriage,0,4,1,0,0,5,0,4,0,0,0,4,9,0,8,1,0,0
HARYANA,2002,Infertility,0,0,0,0,0,0,0,6,1,0,0,7,7,0,6,1,0,0
HARYANA,2002,Illness (Aids/STD),0,3,3,0,4,10,0,0,3,0,0,3,13,0,3,6,0,4
HARYANA,2002,Cancer,0,0,0,5,2,7,0,0,2,0,0,2,9,0,0,2,5,2
HARYANA,2002,Paralysis,0,1,2,0,0,3,0,0,0,0,0,0,3,0,1,2,0,0
HARYANA,2002,Insanity/Mental Illness,0,17,23,8,2,50,0,5,5,0,0,10,60,0,22,28,8,2
HARYANA,2002,Other Prolonged Illness,0,29,34,20,16,99,0,20,18,9,4,51,150,0,49,52,29,20
HARYANA,2002,Death of Dear Person,0,6,7,11,3,27,0,2,3,0,0,5,32,0,8,10,11,3
HARYANA,2002,Dowry Dispute,0,0,1,0,0,1,0,18,6,0,0,24,25,0,18,7,0,0
HARYANA,2002,Divorce,0,1,3,0,1,5,0,38,19,0,0,57,62,0,39,22,0,1
HARYANA,2002,Drug Abuse/Addiction,0,12,11,3,0,26,0,0,0,0,0,0,26,0,12,11,3,0
HARYANA,2002,Failure in Examination,4,17,1,0,0,22,2,9,0,0,0,11,33,6,26,1,0,0
HARYANA,2002,Fall in Social Reputation,0,5,5,8,0,18,0,0,1,0,0,1,19,0,5,6,8,0
HARYANA,2002,Family Problems,1,71,73,34,5,184,1,48,37,14,0,100,284,2,119,110,48,5
HARYANA,2002,Ideological Causes/Hero Worshipping,0,0,0,0,0,0,0,0,0,0,0,0,0,0,0,0,0,0
HARYANA,2002,Illegitimate Pregnancy,0,0,0,0,0,0,0,0,0,0,0,0,0,0,0,0,0,0
HARYANA,2002,Love Affairs,0,22,2,1,0,25,0,14,2,0,0,16,41,0,36,4,1,0
HARYANA,2002,"Physical Abuse (Rape,Incest Etc.)",0,1,0,1,0,2,0,0,0,0,0,0,2,0,1,0,1,0
HARYANA,2002,Poverty,0,6,23,26,3,58,0,0,2,2,5,9,67,0,6,25,28,8
HARYANA,2002,Professional/Career Problem,0,1,3,4,0,8,0,0,0,0,0,0,8,0,1,3,4,0
HARYANA,2002,Property Dispute,0,5,16,13,1,35,0,3,1,0,0,4,39,0,8,17,13,1
HARYANA,2002,Unemployment,0,31,7,8,0,46,0,0,0,0,0,0,46,0,31,7,8,0
HARYANA,2002,Causes Not known,5,57,43,11,4,120,1,27,11,5,2,46,166,6,84,54,16,6
HARYANA,2002,Other Causes,26,233,355,142,44,800,16,136,84,22,6,264,1064,42,369,439,164,50
HARYANA,2002,Total,36,530,623,296,85,1570,20,337,203,53,17,630,2200,56,867,826,349,102
HARYANA,2002,Total Illness,0,50,62,33,24,169,0,25,28,9,4,66,235,0,75,90,42,28
HARYANA,2003,Bankruptcy,0,3,7,2,1,13,0,0,0,0,1,1,14,0,3,7,2,2
HARYANA,2003,Suspected/Illicit Relation,0,4,4,0,0,8,0,5,4,0,0,9,17,0,9,8,0,0
HARYANA,2003,Cancellation/Non-Settlement of Marriage,0,9,17,8,0,34,0,22,11,3,1,37,71,0,31,28,11,1
HARYANA,2003,Infertility,0,0,1,0,0,1,0,7,3,0,0,10,11,0,7,4,0,0
HARYANA,2003,Illness (Aids/STD),0,18,28,13,3,62,0,5,6,1,0,12,74,0,23,34,14,3
HARYANA,2003,Cancer,0,1,0,4,3,8,0,2,2,1,1,6,14,0,3,2,5,4
HARYANA,2003,Paralysis,0,0,2,0,0,2,0,0,0,0,0,0,2,0,0,2,0,0
HARYANA,2003,Insanity/Mental Illness,0,47,71,43,6,167,1,27,26,10,5,69,236,1,74,97,53,11
HARYANA,2003,Other Prolonged Illness,1,24,20,15,15,75,2,12,18,4,1,37,112,3,36,38,19,16
HARYANA,2003,Death of Dear Person,0,4,9,7,2,22,0,4,3,0,1,8,30,0,8,12,7,3
HARYANA,2003,Dowry Dispute,0,1,0,0,0,1,0,9,5,0,0,14,15,0,10,5,0,0
HARYANA,2003,Divorce,0,0,1,0,0,1,0,0,0,0,0,0,1,0,0,1,0,0
HARYANA,2003,Drug Abuse/Addiction,2,11,16,5,3,37,0,26,14,1,0,41,78,2,37,30,6,3
HARYANA,2003,Failure in Examination,4,14,5,0,0,23,3,8,1,0,0,12,35,7,22,6,0,0
HARYANA,2003,Fall in Social Reputation,0,7,6,6,0,19,1,1,0,1,0,3,22,1,8,6,7,0
HARYANA,2003,Family Problems,4,88,56,28,5,181,2,56,34,13,0,105,286,6,144,90,41,5
HARYANA,2003,Ideological Causes/Hero Worshipping,0,4,18,3,0,25,0,5,3,1,0,9,34,0,9,21,4,0
HARYANA,2003,Illegitimate Pregnancy,0,0,0,0,0,0,0,0,0,0,0,0,0,0,0,0,0,0
HARYANA,2003,Love Affairs,0,10,9,2,0,21,0,9,0,1,0,10,31,0,19,9,3,0
HARYANA,2003,"Physical Abuse (Rape,Incest Etc.)",0,5,3,2,0,10,0,4,0,0,0,4,14,0,9,3,2,0
HARYANA,2003,Poverty,0,8,9,4,0,21,0,3,1,1,0,5,26,0,11,10,5,0
HARYANA,2003,Professional/Career Problem,0,3,5,4,0,12,0,1,0,0,0,1,13,0,4,5,4,0
HARYANA,2003,Property Dispute,0,27,30,15,1,73,0,11,7,1,0,19,92,0,38,37,16,1
HARYANA,2003,Unemployment,0,21,16,7,0,44,0,2,1,1,1,5,49,0,23,17,8,1
HARYANA,2003,Causes Not known,5,78,54,29,13,179,4,33,13,5,1,56,235,9,111,67,34,14
HARYANA,2003,Other Causes,18,189,215,101,51,574,12,62,33,22,12,141,715,30,251,248,123,63
HARYANA,2003,Total,34,576,602,298,103,1613,25,314,185,66,24,614,2227,59,890,787,364,127
HARYANA,2003,Total Illness,1,90,121,75,27,314,3,46,52,16,7,124,438,4,136,173,91,34
HARYANA,2004,Bankruptcy,0,2,6,4,0,12,0,0,2,0,0,2,14,0,2,8,4,0
HARYANA,2004,Suspected/Illicit Relation,0,7,5,0,0,12,0,6,3,0,0,9,21,0,13,8,0,0
HARYANA,2004,Cancellation/Non-Settlement of Marriage,0,4,1,0,0,5,0,2,0,0,0,2,7,0,6,1,0,0
HARYANA,2004,Infertility,0,3,0,0,0,3,0,2,2,2,0,6,9,0,5,2,2,0
HARYANA,2004,Illness (Aids/STD),0,0,3,1,4,8,0,0,2,1,0,3,11,0,0,5,2,4
HARYANA,2004,Cancer,0,3,5,7,3,18,0,5,2,2,0,9,27,0,8,7,9,3
HARYANA,2004,Paralysis,0,0,2,0,0,2,0,1,1,1,0,3,5,0,1,3,1,0
HARYANA,2004,Insanity/Mental Illness,0,8,13,6,1,28,0,6,3,3,0,12,40,0,14,16,9,1
HARYANA,2004,Other Prolonged Illness,0,17,19,9,23,68,0,5,7,8,2,22,90,0,22,26,17,25
HARYANA,2004,Death of Dear Person,0,3,10,4,3,20,1,3,3,0,0,7,27,1,6,13,4,3
HARYANA,2004,Dowry Dispute,0,0,0,0,0,0,0,13,7,3,0,23,23,0,13,7,3,0
HARYANA,2004,Divorce,0,0,0,0,0,0,0,1,0,0,0,1,1,0,1,0,0,0
HARYANA,2004,Drug Abuse/Addiction,4,16,12,5,1,38,0,18,9,1,0,28,66,4,34,21,6,1
HARYANA,2004,Failure in Examination,2,13,0,0,0,15,4,6,0,0,0,10,25,6,19,0,0,0
HARYANA,2004,Fall in Social Reputation,0,4,6,2,1,13,0,1,0,1,0,2,15,0,5,6,3,1
HARYANA,2004,Family Problems,2,96,90,46,18,252,4,76,48,15,3,146,398,6,172,138,61,21
HARYANA,2004,Ideological Causes/Hero Worshipping,0,0,0,0,0,0,0,0,0,0,0,0,0,0,0,0,0,0
HARYANA,2004,Illegitimate Pregnancy,0,0,0,0,0,0,0,0,0,0,0,0,0,0,0,0,0,0
HARYANA,2004,Love Affairs,0,16,5,2,0,23,0,12,2,0,0,14,37,0,28,7,2,0
HARYANA,2004,"Physical Abuse (Rape,Incest Etc.)",0,0,0,0,0,0,0,0,0,0,1,1,1,0,0,0,0,1
HARYANA,2004,Poverty,0,3,15,21,7,46,0,0,0,1,4,5,51,0,3,15,22,11
HARYANA,2004,Professional/Career Problem,0,3,7,5,0,15,0,0,2,1,0,3,18,0,3,9,6,0
HARYANA,2004,Property Dispute,0,31,34,13,2,80,0,13,9,2,0,24,104,0,44,43,15,2
HARYANA,2004,Unemployment,0,29,11,10,0,50,0,0,0,0,0,0,50,0,29,11,10,0
HARYANA,2004,Causes Not known,10,40,33,20,13,116,3,10,14,8,5,40,156,13,50,47,28,18
HARYANA,2004,Other Causes,16,218,267,100,29,630,10,127,88,23,8,256,886,26,345,355,123,37
HARYANA,2004,Total,34,516,544,255,105,1454,22,307,204,72,23,628,2082,56,823,748,327,128
HARYANA,2004,Total Illness,0,28,42,23,31,124,0,17,15,15,2,49,173,0,45,57,38,33
HARYANA,2005,Bankruptcy,0,4,1,1,0,6,0,12,8,3,3,26,32,0,16,9,4,3
HARYANA,2005,Suspected/Illicit Relation,0,6,9,3,0,18,0,4,1,0,0,5,23,0,10,10,3,0
HARYANA,2005,Cancellation/Non-Settlement of Marriage,0,6,4,0,0,10,0,4,2,0,0,6,16,0,10,6,0,0
HARYANA,2005,Infertility,0,18,32,7,0,57,0,20,4,1,0,25,82,0,38,36,8,0
HARYANA,2005,Illness (Aids/STD),0,5,28,5,4,42,0,4,7,2,0,13,55,0,9,35,7,4
HARYANA,2005,Cancer,0,2,0,1,2,5,0,0,0,0,0,0,5,0,2,0,1,2
HARYANA,2005,Paralysis,0,15,24,10,0,49,0,2,2,4,0,8,57,0,17,26,14,0
HARYANA,2005,Insanity/Mental Illness,0,27,19,16,0,62,1,6,7,2,0,16,78,1,33,26,18,0
HARYANA,2005,Other Prolonged Illness,3,46,40,22,14,125,1,10,7,5,1,24,149,4,56,47,27,15
HARYANA,2005,Death of Dear Person,0,4,6,14,3,27,0,0,0,1,0,1,28,0,4,6,15,3
HARYANA,2005,Dowry Dispute,0,2,2,1,0,5,0,7,12,2,2,23,28,0,9,14,3,2
HARYANA,2005,Divorce,0,0,0,0,7,7,0,0,0,0,0,0,7,0,0,0,0,7
HARYANA,2005,Drug Abuse/Addiction,0,14,22,14,0,50,0,0,0,0,0,0,50,0,14,22,14,0
HARYANA,2005,Failure in Examination,0,7,0,0,0,7,1,6,0,0,0,7,14,1,13,0,0,0
HARYANA,2005,Fall in Social Reputation,1,3,3,1,0,8,0,4,3,0,0,7,15,1,7,6,1,0
HARYANA,2005,Family Problems,5,95,101,36,11,248,0,57,44,19,0,120,368,5,152,145,55,11
HARYANA,2005,Ideological Causes/Hero Worshipping,0,0,0,0,0,0,0,0,0,0,0,0,0,0,0,0,0,0
HARYANA,2005,Illegitimate Pregnancy,0,0,0,0,0,0,0,0,0,0,0,0,0,0,0,0,0,0
HARYANA,2005,Love Affairs,0,12,2,0,0,14,0,8,1,0,0,9,23,0,20,3,0,0
HARYANA,2005,"Physical Abuse (Rape,Incest Etc.)",0,1,0,0,0,1,0,1,0,0,0,1,2,0,2,0,0,0
HARYANA,2005,Poverty,0,2,1,3,1,7,2,0,1,0,0,3,10,2,2,2,3,1
HARYANA,2005,Professional/Career Problem,0,1,2,2,0,5,0,0,0,0,0,0,5,0,1,2,2,0
HARYANA,2005,Property Dispute,0,28,21,11,2,62,0,9,5,2,0,16,78,0,37,26,13,2
HARYANA,2005,Unemployment,7,9,18,7,4,45,4,4,5,3,2,18,63,11,13,23,10,6
HARYANA,2005,Causes Not known,2,46,46,19,6,119,0,22,9,5,1,37,156,2,68,55,24,7
HARYANA,2005,Other Causes,10,157,227,101,19,514,6,77,69,27,9,188,702,16,234,296,128,28
HARYANA,2005,Total,28,510,608,274,73,1493,15,257,187,76,18,553,2046,43,767,795,350,91
HARYANA,2005,Total Illness,3,95,111,54,20,283,2,22,23,13,1,61,344,5,117,134,67,21
HARYANA,2006,Bankruptcy,0,2,0,3,0,5,0,0,1,0,0,1,6,0,2,1,3,0
HARYANA,2006,Suspected/Illicit Relation,0,6,3,0,0,9,0,1,2,0,0,3,12,0,7,5,0,0
HARYANA,2006,Cancellation/Non-Settlement of Marriage,0,1,4,1,0,6,0,1,0,0,0,1,7,0,2,4,1,0
HARYANA,2006,Infertility,0,0,0,0,0,0,0,3,0,0,0,3,3,0,3,0,0,0
HARYANA,2006,Illness (Aids/STD),1,3,3,4,0,11,1,2,1,0,0,4,15,2,5,4,4,0
HARYANA,2006,Cancer,0,1,0,0,0,1,0,0,0,0,0,0,1,0,1,0,0,0
HARYANA,2006,Paralysis,0,0,0,0,0,0,0,0,0,0,0,0,0,0,0,0,0,0
HARYANA,2006,Insanity/Mental Illness,0,28,26,12,0,66,0,9,7,4,0,20,86,0,37,33,16,0
HARYANA,2006,Other Prolonged Illness,5,52,54,51,27,189,1,12,11,15,7,46,235,6,64,65,66,34
HARYANA,2006,Death of Dear Person,0,2,2,0,0,4,0,6,1,0,0,7,11,0,8,3,0,0
HARYANA,2006,Dowry Dispute,0,0,0,0,0,0,0,7,0,0,0,7,7,0,7,0,0,0
HARYANA,2006,Divorce,0,0,0,0,0,0,0,0,0,0,0,0,0,0,0,0,0,0
HARYANA,2006,Drug Abuse/Addiction,0,12,24,4,1,41,0,0,0,0,0,0,41,0,12,24,4,1
HARYANA,2006,Failure in Examination,6,25,0,0,0,31,0,16,0,0,0,16,47,6,41,0,0,0
HARYANA,2006,Fall in Social Reputation,0,0,2,3,0,5,0,0,0,0,0,0,5,0,0,2,3,0
HARYANA,2006,Family Problems,5,117,123,41,8,294,1,67,55,16,5,144,438,6,184,178,57,13
HARYANA,2006,Ideological Causes/Hero Worshipping,0,0,0,0,1,1,0,1,0,0,0,1,2,0,1,0,0,1
HARYANA,2006,Illegitimate Pregnancy,0,0,0,0,0,0,0,0,0,0,0,0,0,0,0,0,0,0
HARYANA,2006,Love Affairs,0,28,11,0,0,39,0,15,0,0,0,15,54,0,43,11,0,0
HARYANA,2006,"Physical Abuse (Rape,Incest Etc.)",0,0,0,0,0,0,0,0,1,0,0,1,1,0,0,1,0,0
HARYANA,2006,Poverty,0,1,20,16,3,40,0,0,2,3,5,10,50,0,1,22,19,8
HARYANA,2006,Professional/Career Problem,0,13,15,9,1,38,0,1,0,0,0,1,39,0,14,15,9,1
HARYANA,2006,Property Dispute,0,30,34,26,6,96,0,13,9,6,0,28,124,0,43,43,32,6
HARYANA,2006,Unemployment,0,44,37,0,0,81,0,2,0,0,0,2,83,0,46,37,0,0
HARYANA,2006,Causes Not known,4,137,117,80,28,366,3,33,34,12,7,89,455,7,170,151,92,35
HARYANA,2006,Other Causes,4,108,226,88,17,443,15,63,53,15,5,151,594,19,171,279,103,22
HARYANA,2006,Total,25,610,701,338,92,1766,21,252,177,71,29,550,2316,46,862,878,409,121
HARYANA,2006,Total Illness,6,84,83,67,27,267,2,23,19,19,7,70,337,8,107,102,86,34
HARYANA,2007,Bankruptcy,0,2,6,2,2,12,0,4,0,0,0,4,16,0,6,6,2,2
HARYANA,2007,Suspected/Illicit Relation,0,7,6,0,0,13,0,9,2,0,0,11,24,0,16,8,0,0
HARYANA,2007,Cancellation/Non-Settlement of Marriage,0,6,1,0,0,7,0,7,0,0,0,7,14,0,13,1,0,0
HARYANA,2007,Infertility,0,2,1,0,0,3,0,5,4,0,0,9,12,0,7,5,0,0
HARYANA,2007,Illness (Aids/STD),0,1,0,1,0,2,0,0,0,0,0,0,2,0,1,0,1,0
HARYANA,2007,Cancer,0,0,0,1,0,1,0,0,0,0,0,0,1,0,0,0,1,0
HARYANA,2007,Paralysis,0,0,0,0,0,0,0,0,0,0,0,0,0,0,0,0,0,0
HARYANA,2007,Insanity/Mental Illness,0,46,24,8,2,80,0,13,9,5,1,28,108,0,59,33,13,3
HARYANA,2007,Other Prolonged Illness,3,54,60,46,33,196,1,20,15,11,4,51,247,4,74,75,57,37
HARYANA,2007,Death of Dear Person,0,0,1,0,0,1,0,1,0,0,0,1,2,0,1,1,0,0
HARYANA,2007,Dowry Dispute,0,0,0,0,0,0,0,53,5,1,0,59,59,0,53,5,1,0
HARYANA,2007,Divorce,0,1,0,0,0,1,0,0,0,0,0,0,1,0,1,0,0,0
HARYANA,2007,Drug Abuse/Addiction,0,13,16,12,2,43,0,0,0,0,0,0,43,0,13,16,12,2
HARYANA,2007,Failure in Examination,2,14,1,1,0,18,2,10,1,0,0,13,31,4,24,2,1,0
HARYANA,2007,Fall in Social Reputation,0,1,2,2,0,5,0,0,0,0,0,0,5,0,1,2,2,0
HARYANA,2007,Family Problems,2,104,143,50,19,318,1,58,52,24,2,137,455,3,162,195,74,21
HARYANA,2007,Ideological Causes/Hero Worshipping,0,0,0,0,0,0,0,1,0,0,0,1,1,0,1,0,0,0
HARYANA,2007,Illegitimate Pregnancy,0,0,0,0,0,0,0,0,0,0,0,0,0,0,0,0,0,0
HARYANA,2007,Love Affairs,0,14,11,0,0,25,0,10,0,0,0,10,35,0,24,11,0,0
HARYANA,2007,"Physical Abuse (Rape,Incest Etc.)",0,0,0,0,0,0,0,1,0,0,0,1,1,0,1,0,0,0
HARYANA,2007,Poverty,1,1,25,15,1,43,2,4,3,3,2,14,57,3,5,28,18,3
HARYANA,2007,Professional/Career Problem,0,13,10,4,0,27,0,4,0,0,0,4,31,0,17,10,4,0
HARYANA,2007,Property Dispute,0,32,34,20,3,89,0,11,10,8,0,29,118,0,43,44,28,3
HARYANA,2007,Unemployment,0,75,24,1,0,100,0,2,0,0,0,2,102,0,77,24,1,0
HARYANA,2007,Causes Not known,4,92,61,30,10,197,0,29,12,5,4,50,247,4,121,73,35,14
HARYANA,2007,Other Causes,16,182,294,147,32,671,2,71,59,8,10,150,821,18,253,353,155,42
HARYANA,2007,Total,28,660,720,340,104,1852,8,313,172,65,23,581,2433,36,973,892,405,127
HARYANA,2007,Total Illness,3,101,84,56,35,279,1,33,24,16,5,79,358,4,134,108,72,40
HARYANA,2008,Bankruptcy,1,1,2,1,0,5,0,0,1,0,0,1,6,1,1,3,1,0
HARYANA,2008,Suspected/Illicit Relation,0,1,1,0,0,2,0,0,0,0,0,0,2,0,1,1,0,0
HARYANA,2008,Cancellation/Non-Settlement of Marriage,0,0,0,0,0,0,0,1,0,0,0,1,1,0,1,0,0,0
HARYANA,2008,Infertility,0,1,1,0,0,2,0,3,1,0,0,4,6,0,4,2,0,0
HARYANA,2008,Illness (Aids/STD),0,1,0,0,0,1,0,0,0,0,0,0,1,0,1,0,0,0
HARYANA,2008,Cancer,0,0,0,0,0,0,0,0,0,0,0,0,0,0,0,0,0,0
HARYANA,2008,Paralysis,0,0,0,0,0,0,0,0,0,0,0,0,0,0,0,0,0,0
HARYANA,2008,Insanity/Mental Illness,0,32,25,16,8,81,1,7,8,2,3,21,102,1,39,33,18,11
HARYANA,2008,Other Prolonged Illness,6,65,70,44,22,207,4,17,13,8,3,45,252,10,82,83,52,25
HARYANA,2008,Death of Dear Person,0,1,0,1,1,3,0,1,0,0,1,2,5,0,2,0,1,2
HARYANA,2008,Dowry Dispute,0,4,5,0,0,9,0,10,4,1,1,16,25,0,14,9,1,1
HARYANA,2008,Divorce,0,0,0,0,0,0,0,0,0,0,0,0,0,0,0,0,0,0
HARYANA,2008,Drug Abuse/Addiction,0,13,19,5,0,37,0,0,2,0,0,2,39,0,13,21,5,0
HARYANA,2008,Failure in Examination,3,45,0,0,0,48,4,19,2,0,0,25,73,7,64,2,0,0
HARYANA,2008,Fall in Social Reputation,0,1,2,0,1,4,0,0,0,0,0,0,4,0,1,2,0,1
HARYANA,2008,Family Problems,3,109,143,37,21,313,3,38,35,11,1,88,401,6,147,178,48,22
HARYANA,2008,Ideological Causes/Hero Worshipping,0,16,39,19,3,77,0,18,24,13,2,57,134,0,34,63,32,5
HARYANA,2008,Illegitimate Pregnancy,0,0,0,0,0,0,0,0,0,0,0,0,0,0,0,0,0,0
HARYANA,2008,Love Affairs,0,35,5,0,0,40,1,15,0,0,0,16,56,1,50,5,0,0
HARYANA,2008,"Physical Abuse (Rape,Incest Etc.)",0,6,6,1,0,13,0,0,3,0,0,3,16,0,6,9,1,0
HARYANA,2008,Poverty,0,7,4,0,0,11,0,1,0,0,0,1,12,0,8,4,0,0
HARYANA,2008,Professional/Career Problem,0,0,9,0,0,9,0,1,2,0,1,4,13,0,1,11,0,1
HARYANA,2008,Property Dispute,0,26,21,4,2,53,0,20,13,6,3,42,95,0,46,34,10,5
HARYANA,2008,Unemployment,0,6,10,0,0,16,0,0,0,0,0,0,16,0,6,10,0,0
HARYANA,2008,Causes Not known,9,144,159,58,47,417,8,41,35,9,4,97,514,17,185,194,67,51
HARYANA,2008,Other Causes,25,173,253,136,39,626,18,82,112,35,10,257,883,43,255,365,171,49
HARYANA,2008,Total,47,687,774,322,144,1974,39,274,255,85,29,682,2656,86,961,1029,407,173
HARYANA,2008,Total Illness,6,98,95,60,30,289,5,24,21,10,6,66,355,11,122,116,70,36
HARYANA,2009,Bankruptcy,0,5,5,3,0,13,0,0,0,0,0,0,13,0,5,5,3,0
HARYANA,2009,Suspected/Illicit Relation,0,0,0,0,0,0,0,2,0,0,0,2,2,0,2,0,0,0
HARYANA,2009,Cancellation/Non-Settlement of Marriage,0,4,1,0,0,5,0,1,0,0,0,1,6,0,5,1,0,0
HARYANA,2009,Infertility,0,0,2,1,0,3,0,2,1,0,0,3,6,0,2,3,1,0
HARYANA,2009,Illness (Aids/STD),0,0,0,0,0,0,0,0,0,0,0,0,0,0,0,0,0,0
HARYANA,2009,Cancer,0,0,2,0,2,4,0,0,0,0,0,0,4,0,0,2,0,2
HARYANA,2009,Paralysis,3,11,8,11,5,38,0,0,2,3,0,5,43,3,11,10,14,5
HARYANA,2009,Insanity/Mental Illness,0,44,26,23,10,103,0,14,13,6,2,35,138,0,58,39,29,12
HARYANA,2009,Other Prolonged Illness,3,30,29,26,13,101,4,13,21,5,2,45,146,7,43,50,31,15
HARYANA,2009,Death of Dear Person,0,1,2,2,1,6,0,1,1,1,0,3,9,0,2,3,3,1
HARYANA,2009,Dowry Dispute,0,3,6,0,0,9,0,7,0,0,0,7,16,0,10,6,0,0
HARYANA,2009,Divorce,1,1,1,0,0,3,2,0,0,0,0,2,5,3,1,1,0,0
HARYANA,2009,Drug Abuse/Addiction,0,15,26,4,1,46,0,0,0,0,0,0,46,0,15,26,4,1
HARYANA,2009,Failure in Examination,3,22,0,0,0,25,4,15,0,0,0,19,44,7,37,0,0,0
HARYANA,2009,Fall in Social Reputation,0,4,3,5,2,14,0,4,2,1,0,7,21,0,8,5,6,2
HARYANA,2009,Family Problems,5,182,195,78,18,478,3,99,79,24,5,210,688,8,281,274,102,23
HARYANA,2009,Ideological Causes/Hero Worshipping,0,0,0,0,0,0,0,0,0,0,0,0,0,0,0,0,0,0
HARYANA,2009,Illegitimate Pregnancy,0,0,0,0,0,0,0,0,0,0,0,0,0,0,0,0,0,0
HARYANA,2009,Love Affairs,0,29,4,0,0,33,2,11,0,0,0,13,46,2,40,4,0,0
HARYANA,2009,"Physical Abuse (Rape,Incest Etc.)",0,0,0,0,0,0,0,2,0,0,0,2,2,0,2,0,0,0
HARYANA,2009,Poverty,0,1,2,1,0,4,0,0,1,0,0,1,5,0,1,3,1,0
HARYANA,2009,Professional/Career Problem,0,0,1,0,0,1,0,0,0,0,0,0,1,0,0,1,0,0
HARYANA,2009,Property Dispute,0,19,12,5,2,38,0,9,7,0,0,16,54,0,28,19,5,2
HARYANA,2009,Unemployment,0,11,9,0,3,23,0,3,0,0,1,4,27,0,14,9,0,4
HARYANA,2009,Causes Not known,13,150,139,79,16,397,11,53,26,11,3,104,501,24,203,165,90,19
HARYANA,2009,Other Causes,10,160,186,100,15,471,8,58,92,44,7,209,680,18,218,278,144,22
HARYANA,2009,Total,38,692,659,338,88,1815,34,294,245,95,20,688,2503,72,986,904,433,108
HARYANA,2009,Total Illness,6,85,65,60,30,246,4,27,36,14,4,85,331,10,112,101,74,34
HARYANA,2010,Bankruptcy,0,0,2,4,0,6,0,0,0,0,0,0,6,0,0,2,4,0
HARYANA,2010,Suspected/Illicit Relation,0,1,0,0,0,1,0,0,0,0,0,0,1,0,1,0,0,0
HARYANA,2010,Cancellation/Non-Settlement of Marriage,0,0,0,0,0,0,0,1,0,0,0,1,1,0,1,0,0,0
HARYANA,2010,Infertility,0,2,0,0,0,2,0,1,4,0,0,5,7,0,3,4,0,0
HARYANA,2010,Illness (Aids/STD),0,0,0,1,0,1,0,0,0,0,0,0,1,0,0,0,1,0
HARYANA,2010,Cancer,0,0,0,0,0,0,0,0,0,0,0,0,0,0,0,0,0,0
HARYANA,2010,Paralysis,0,0,0,1,0,1,0,0,0,0,0,0,1,0,0,0,1,0
HARYANA,2010,Insanity/Mental Illness,0,55,36,23,6,120,0,27,12,6,2,47,167,0,82,48,29,8
HARYANA,2010,Other Prolonged Illness,2,26,24,22,16,90,0,12,14,3,3,32,122,2,38,38,25,19
HARYANA,2010,Death of Dear Person,0,2,1,0,0,3,0,2,0,0,0,2,5,0,4,1,0,0
HARYANA,2010,Dowry Dispute,0,0,0,0,0,0,0,4,2,0,0,6,6,0,4,2,0,0
HARYANA,2010,Divorce,0,0,0,0,0,0,0,0,0,0,0,0,0,0,0,0,0,0
HARYANA,2010,Drug Abuse/Addiction,0,19,24,7,1,51,0,0,0,0,0,0,51,0,19,24,7,1
HARYANA,2010,Failure in Examination,1,20,0,0,0,21,2,15,0,0,0,17,38,3,35,0,0,0
HARYANA,2010,Fall in Social Reputation,0,0,1,1,0,2,0,0,0,0,0,0,2,0,0,1,1,0
HARYANA,2010,Family Problems,2,162,170,68,16,418,0,111,58,21,8,198,616,2,273,228,89,24
HARYANA,2010,Ideological Causes/Hero Worshipping,0,0,0,0,0,0,0,0,0,0,0,0,0,0,0,0,0,0
HARYANA,2010,Illegitimate Pregnancy,0,0,0,0,0,0,0,1,0,0,0,1,1,0,1,0,0,0
HARYANA,2010,Love Affairs,0,13,3,1,0,17,0,11,0,0,0,11,28,0,24,3,1,0
HARYANA,2010,"Physical Abuse (Rape,Incest Etc.)",0,1,2,2,0,5,0,2,0,0,0,2,7,0,3,2,2,0
HARYANA,2010,Poverty,0,3,2,6,0,11,0,0,4,0,0,4,15,0,3,6,6,0
HARYANA,2010,Professional/Career Problem,0,4,3,6,0,13,0,1,0,0,0,1,14,0,5,3,6,0
HARYANA,2010,Property Dispute,0,31,23,8,5,67,0,9,8,4,1,22,89,0,40,31,12,6
HARYANA,2010,Unemployment,0,44,29,1,0,74,0,1,1,0,0,2,76,0,45,30,1,0
HARYANA,2010,Causes Not known,6,172,158,95,35,466,7,38,35,12,6,98,564,13,210,193,107,41
HARYANA,2010,Other Causes,13,284,260,209,43,809,8,84,104,63,9,268,1077,21,368,364,272,52
HARYANA,2010,Total,24,839,738,455,122,2178,17,320,242,109,29,717,2895,41,1159,980,564,151
HARYANA,2010,Total Illness,2,81,60,47,22,212,0,39,26,9,5,79,291,2,120,86,56,27
HARYANA,2011,Bankruptcy,0,2,10,5,0,17,0,0,2,0,0,2,19,0,2,12,5,0
HARYANA,2011,Suspected/Illicit Relation,0,0,0,0,0,0,0,1,0,0,0,1,1,0,1,0,0,0
HARYANA,2011,Cancellation/Non-Settlement of Marriage,0,3,0,0,0,3,0,2,1,0,0,3,6,0,5,1,0,0
HARYANA,2011,Infertility,0,1,4,0,0,5,0,4,3,0,0,7,12,0,5,7,0,0
HARYANA,2011,Illness (Aids/STD),1,4,17,2,10,34,1,2,3,0,0,6,40,2,6,20,2,10
HARYANA,2011,Cancer,0,1,1,0,1,3,0,0,1,0,0,1,4,0,1,2,0,1
HARYANA,2011,Paralysis,0,1,0,1,0,2,0,0,0,0,0,0,2,0,1,0,1,0
HARYANA,2011,Insanity/Mental Illness,0,42,25,21,4,92,0,21,12,3,2,38,130,0,63,37,24,6
HARYANA,2011,Other Prolonged Illness,1,22,31,32,13,99,0,13,7,5,2,27,126,1,35,38,37,15
HARYANA,2011,Death of Dear Person,0,1,2,0,0,3,0,2,0,0,0,2,5,0,3,2,0,0
HARYANA,2011,Dowry Dispute,0,0,0,0,0,0,0,0,0,0,0,0,0,0,0,0,0,0
HARYANA,2011,Divorce,0,1,2,0,0,3,0,0,0,0,0,0,3,0,1,2,0,0
HARYANA,2011,Drug Abuse/Addiction,0,23,41,14,1,79,0,4,2,0,0,6,85,0,27,43,14,1
HARYANA,2011,Failure in Examination,0,22,0,0,0,22,0,17,0,0,0,17,39,0,39,0,0,0
HARYANA,2011,Fall in Social Reputation,0,0,2,0,0,2,0,0,1,0,0,1,3,0,0,3,0,0
HARYANA,2011,Family Problems,9,108,142,75,13,347,0,78,52,22,3,155,502,9,186,194,97,16
HARYANA,2011,Ideological Causes/Hero Worshipping,0,0,0,0,0,0,0,0,0,0,0,0,0,0,0,0,0,0
HARYANA,2011,Illegitimate Pregnancy,0,0,0,0,0,0,0,0,0,0,0,0,0,0,0,0,0,0
HARYANA,2011,Love Affairs,0,10,1,0,0,11,0,5,1,0,0,6,17,0,15,2,0,0
HARYANA,2011,"Physical Abuse (Rape,Incest Etc.)",0,2,0,0,0,2,0,0,0,0,0,0,2,0,2,0,0,0
HARYANA,2011,Poverty,0,1,4,5,1,11,0,0,0,0,0,0,11,0,1,4,5,1
HARYANA,2011,Professional/Career Problem,2,37,25,26,3,93,0,4,7,12,0,23,116,2,41,32,38,3
HARYANA,2011,Property Dispute,0,30,24,7,3,64,0,13,8,7,2,30,94,0,43,32,14,5
HARYANA,2011,Unemployment,0,26,14,0,0,40,0,1,0,0,0,1,41,0,27,14,0,0
HARYANA,2011,Causes Not known,7,60,49,23,7,146,0,31,14,4,0,49,195,7,91,63,27,7
HARYANA,2011,Other Causes,50,564,491,230,51,1386,24,182,138,54,8,406,1792,74,746,629,284,59
HARYANA,2011,Total,70,961,885,441,107,2464,25,380,252,107,17,781,3245,95,1341,1137,548,124
HARYANA,2011,Total Illness,2,70,74,56,28,230,1,36,23,8,4,72,302,3,106,97,64,32
HARYANA,2012,Bankruptcy,0,3,4,0,1,8,0,2,2,0,0,4,12,0,5,6,0,1
HARYANA,2012,Suspected/Illicit Relation,0,3,1,0,0,4,0,1,0,0,0,1,5,0,4,1,0,0
HARYANA,2012,Cancellation/Non-Settlement of Marriage,0,7,1,1,0,9,0,3,0,0,0,3,12,0,10,1,1,0
HARYANA,2012,Infertility,0,3,1,0,0,4,0,3,6,0,0,9,13,0,6,7,0,0
HARYANA,2012,Illness (Aids/STD),0,0,1,0,0,1,0,0,0,0,0,0,1,0,0,1,0,0
HARYANA,2012,Cancer,0,1,0,2,1,4,0,0,0,0,0,0,4,0,1,0,2,1
HARYANA,2012,Paralysis,0,0,0,0,0,0,0,0,0,0,0,0,0,0,0,0,0,0
HARYANA,2012,Insanity/Mental Illness,0,34,28,23,7,92,0,22,15,3,2,42,134,0,56,43,26,9
HARYANA,2012,Other Prolonged Illness,1,28,52,40,20,141,3,19,11,4,3,40,181,4,47,63,44,23
HARYANA,2012,Death of Dear Person,0,0,1,0,0,1,0,4,0,0,0,4,5,0,4,1,0,0
HARYANA,2012,Dowry Dispute,0,0,0,0,0,0,0,1,0,0,0,1,1,0,1,0,0,0
HARYANA,2012,Divorce,0,1,0,1,0,2,0,0,0,0,0,0,2,0,1,0,1,0
HARYANA,2012,Drug Abuse/Addiction,0,20,32,17,2,71,0,0,1,0,0,1,72,0,20,33,17,2
HARYANA,2012,Failure in Examination,3,32,2,0,0,37,0,15,0,0,0,15,52,3,47,2,0,0
HARYANA,2012,Fall in Social Reputation,0,0,1,1,0,2,0,0,0,0,0,0,2,0,0,1,1,0
HARYANA,2012,Family Problems,2,76,100,40,4,222,0,62,37,9,6,114,336,2,138,137,49,10
HARYANA,2012,Ideological Causes/Hero Worshipping,4,23,10,10,2,49,1,17,15,5,3,41,90,5,40,25,15,5
HARYANA,2012,Illegitimate Pregnancy,0,0,0,0,0,0,0,0,0,0,0,0,0,0,0,0,0,0
HARYANA,2012,Love Affairs,0,14,2,0,0,16,0,3,0,1,0,4,20,0,17,2,1,0
HARYANA,2012,"Physical Abuse (Rape,Incest Etc.)",0,0,0,0,0,0,0,4,0,0,0,4,4,0,4,0,0,0
HARYANA,2012,Poverty,0,2,3,3,0,8,0,0,0,0,0,0,8,0,2,3,3,0
HARYANA,2012,Professional/Career Problem,0,11,19,5,0,35,0,4,3,0,0,7,42,0,15,22,5,0
HARYANA,2012,Property Dispute,0,22,21,12,1,56,0,17,11,2,1,31,87,0,39,32,14,2
HARYANA,2012,Unemployment,0,50,29,9,2,90,1,14,0,0,0,15,105,1,64,29,9,2
HARYANA,2012,Causes Not known,14,233,191,89,49,576,14,69,41,16,3,143,719,28,302,232,105,52
HARYANA,2012,Other Causes,19,203,238,144,39,643,9,97,92,63,16,277,920,28,300,330,207,55
HARYANA,2012,Total,43,766,737,397,128,2071,28,357,234,103,34,756,2827,71,1123,971,500,162
HARYANA,2012,Total Illness,1,63,81,65,28,238,3,41,26,7,5,82,320,4,104,107,72,33
HIMACHAL PRADESH,2001,Bankruptcy,0,0,0,0,0,0,0,0,0,0,0,0,0,0,0,0,0,0
HIMACHAL PRADESH,2001,Suspected/Illicit Relation,0,0,1,0,0,1,0,2,0,0,0,2,3,0,2,1,0,0
HIMACHAL PRADESH,2001,Cancellation/Non-Settlement of Marriage,0,0,0,0,0,0,0,1,1,0,0,2,2,0,1,1,0,0
HIMACHAL PRADESH,2001,Infertility,0,0,1,0,0,1,0,0,2,0,0,2,3,0,0,3,0,0
HIMACHAL PRADESH,2001,Illness (Aids/STD),0,0,0,1,0,1,0,0,0,0,0,0,1,0,0,0,1,0
HIMACHAL PRADESH,2001,Cancer,0,0,0,0,0,0,0,0,0,0,0,0,0,0,0,0,0,0
HIMACHAL PRADESH,2001,Paralysis,0,0,0,0,0,0,0,0,0,0,0,0,0,0,0,0,0,0
HIMACHAL PRADESH,2001,Insanity/Mental Illness,0,0,5,4,0,9,0,4,5,0,0,9,18,0,4,10,4,0
HIMACHAL PRADESH,2001,Other Prolonged Illness,0,2,1,9,2,14,0,3,2,3,0,8,22,0,5,3,12,2
HIMACHAL PRADESH,2001,Death of Dear Person,0,1,0,0,0,1,0,2,0,1,0,3,4,0,3,0,1,0
HIMACHAL PRADESH,2001,Dowry Dispute,0,1,0,0,0,1,0,9,1,0,0,10,11,0,10,1,0,0
HIMACHAL PRADESH,2001,Divorce,0,0,0,0,0,0,0,0,0,0,0,0,0,0,0,0,0,0
HIMACHAL PRADESH,2001,Drug Abuse/Addiction,0,0,0,0,0,0,0,0,0,0,0,0,0,0,0,0,0,0
HIMACHAL PRADESH,2001,Failure in Examination,1,5,0,0,0,6,1,4,0,0,0,5,11,2,9,0,0,0
HIMACHAL PRADESH,2001,Fall in Social Reputation,0,0,1,0,0,1,0,0,0,0,0,0,1,0,0,1,0,0
HIMACHAL PRADESH,2001,Family Problems,0,13,25,11,2,51,0,25,11,2,0,38,89,0,38,36,13,2
HIMACHAL PRADESH,2001,Ideological Causes/Hero Worshipping,0,0,0,0,0,0,0,0,0,0,0,0,0,0,0,0,0,0
HIMACHAL PRADESH,2001,Illegitimate Pregnancy,0,0,0,0,0,0,0,0,0,0,0,0,0,0,0,0,0,0
HIMACHAL PRADESH,2001,Love Affairs,0,1,3,0,0,4,0,7,1,0,0,8,12,0,8,4,0,0
HIMACHAL PRADESH,2001,"Physical Abuse (Rape,Incest Etc.)",0,0,0,0,0,0,0,0,0,0,0,0,0,0,0,0,0,0
HIMACHAL PRADESH,2001,Poverty,0,2,1,4,2,9,0,0,0,3,4,7,16,0,2,1,7,6
HIMACHAL PRADESH,2001,Professional/Career Problem,0,1,0,0,0,1,0,1,1,0,0,2,3,0,2,1,0,0
HIMACHAL PRADESH,2001,Property Dispute,0,0,1,0,0,1,0,0,3,0,0,3,4,0,0,4,0,0
HIMACHAL PRADESH,2001,Unemployment,0,4,2,0,0,6,0,0,0,0,0,0,6,0,4,2,0,0
HIMACHAL PRADESH,2001,Causes Not known,0,12,13,10,3,38,1,6,8,2,1,18,56,1,18,21,12,4
HIMACHAL PRADESH,2001,Other Causes,0,12,10,10,0,32,1,6,3,3,0,13,45,1,18,13,13,0
HIMACHAL PRADESH,2001,Total,1,54,64,49,9,177,3,70,38,14,5,130,307,4,124,102,63,14
HIMACHAL PRADESH,2001,Total Illness,0,2,6,14,2,24,0,7,7,3,0,17,41,0,9,13,17,2
HIMACHAL PRADESH,2002,Bankruptcy,0,2,0,0,0,2,0,0,0,0,0,0,2,0,2,0,0,0
HIMACHAL PRADESH,2002,Suspected/Illicit Relation,0,1,2,0,0,3,0,1,0,0,0,1,4,0,2,2,0,0
HIMACHAL PRADESH,2002,Cancellation/Non-Settlement of Marriage,0,3,0,0,0,3,0,3,1,0,0,4,7,0,6,1,0,0
HIMACHAL PRADESH,2002,Infertility,0,1,1,0,0,2,0,1,1,0,0,2,4,0,2,2,0,0
HIMACHAL PRADESH,2002,Illness (Aids/STD),0,0,0,3,2,5,0,1,3,0,0,4,9,0,1,3,3,2
HIMACHAL PRADESH,2002,Cancer,0,0,0,0,0,0,0,0,0,0,0,0,0,0,0,0,0,0
HIMACHAL PRADESH,2002,Paralysis,0,0,0,0,0,0,0,0,0,0,0,0,0,0,0,0,0,0
HIMACHAL PRADESH,2002,Insanity/Mental Illness,0,5,4,6,1,16,0,2,3,2,1,8,24,0,7,7,8,2
HIMACHAL PRADESH,2002,Other Prolonged Illness,0,4,6,2,0,12,0,5,1,1,1,8,20,0,9,7,3,1
HIMACHAL PRADESH,2002,Death of Dear Person,0,0,0,0,0,0,0,0,0,0,0,0,0,0,0,0,0,0
HIMACHAL PRADESH,2002,Dowry Dispute,0,0,0,0,0,0,0,6,0,0,0,6,6,0,6,0,0,0
HIMACHAL PRADESH,2002,Divorce,0,0,0,0,0,0,0,0,1,0,0,1,1,0,0,1,0,0
HIMACHAL PRADESH,2002,Drug Abuse/Addiction,0,0,5,1,0,6,0,0,0,0,0,0,6,0,0,5,1,0
HIMACHAL PRADESH,2002,Failure in Examination,1,6,0,0,0,7,0,5,0,0,0,5,12,1,11,0,0,0
HIMACHAL PRADESH,2002,Fall in Social Reputation,0,0,0,0,0,0,0,0,0,0,0,0,0,0,0,0,0,0
HIMACHAL PRADESH,2002,Family Problems,1,7,26,6,0,40,2,22,14,3,0,41,81,3,29,40,9,0
HIMACHAL PRADESH,2002,Ideological Causes/Hero Worshipping,0,0,0,1,0,1,0,0,0,0,0,0,1,0,0,0,1,0
HIMACHAL PRADESH,2002,Illegitimate Pregnancy,0,0,0,0,0,0,0,2,0,0,0,2,2,0,2,0,0,0
HIMACHAL PRADESH,2002,Love Affairs,0,7,1,0,0,8,0,5,0,0,0,5,13,0,12,1,0,0
HIMACHAL PRADESH,2002,"Physical Abuse (Rape,Incest Etc.)",0,1,0,0,0,1,0,0,0,0,0,0,1,0,1,0,0,0
HIMACHAL PRADESH,2002,Poverty,0,0,3,2,0,5,0,0,1,1,0,2,7,0,0,4,3,0
HIMACHAL PRADESH,2002,Professional/Career Problem,0,0,0,0,0,0,0,2,0,0,0,2,2,0,2,0,0,0
HIMACHAL PRADESH,2002,Property Dispute,0,0,0,0,0,0,0,0,0,0,0,0,0,0,0,0,0,0
HIMACHAL PRADESH,2002,Unemployment,0,0,0,0,0,0,0,0,0,0,0,0,0,0,0,0,0,0
HIMACHAL PRADESH,2002,Causes Not known,0,16,13,3,2,34,0,6,2,1,0,9,43,0,22,15,4,2
HIMACHAL PRADESH,2002,Other Causes,2,34,21,5,1,63,1,15,10,0,0,26,89,3,49,31,5,1
HIMACHAL PRADESH,2002,Total,4,87,82,29,6,208,3,76,37,8,2,126,334,7,163,119,37,8
HIMACHAL PRADESH,2002,Total Illness,0,9,10,11,3,33,0,8,7,3,2,20,53,0,17,17,14,5
HIMACHAL PRADESH,2003,Bankruptcy,0,0,2,2,0,4,0,0,0,0,0,0,4,0,0,2,2,0
HIMACHAL PRADESH,2003,Suspected/Illicit Relation,0,4,2,1,0,7,0,2,3,0,0,5,12,0,6,5,1,0
HIMACHAL PRADESH,2003,Cancellation/Non-Settlement of Marriage,0,2,1,0,0,3,0,2,0,0,0,2,5,0,4,1,0,0
HIMACHAL PRADESH,2003,Infertility,0,0,0,2,0,2,0,1,0,1,0,2,4,0,1,0,3,0
HIMACHAL PRADESH,2003,Illness (Aids/STD),0,0,0,0,0,0,0,0,0,0,0,0,0,0,0,0,0,0
HIMACHAL PRADESH,2003,Cancer,0,0,0,1,0,1,0,0,0,0,0,0,1,0,0,0,1,0
HIMACHAL PRADESH,2003,Paralysis,0,0,0,0,0,0,0,0,0,0,0,0,0,0,0,0,0,0
HIMACHAL PRADESH,2003,Insanity/Mental Illness,0,7,5,9,7,28,0,2,3,7,2,14,42,0,9,8,16,9
HIMACHAL PRADESH,2003,Other Prolonged Illness,0,2,6,9,2,19,0,1,2,1,0,4,23,0,3,8,10,2
HIMACHAL PRADESH,2003,Death of Dear Person,0,1,0,0,0,1,0,0,0,0,0,0,1,0,1,0,0,0
HIMACHAL PRADESH,2003,Dowry Dispute,0,0,0,0,0,0,0,5,0,0,0,5,5,0,5,0,0,0
HIMACHAL PRADESH,2003,Divorce,0,0,0,0,0,0,0,0,0,0,0,0,0,0,0,0,0,0
HIMACHAL PRADESH,2003,Drug Abuse/Addiction,0,0,1,0,0,1,0,0,0,0,0,0,1,0,0,1,0,0
HIMACHAL PRADESH,2003,Failure in Examination,2,1,0,0,0,3,2,5,1,0,0,8,11,4,6,1,0,0
HIMACHAL PRADESH,2003,Fall in Social Reputation,0,0,0,0,0,0,0,1,0,0,0,1,1,0,1,0,0,0
HIMACHAL PRADESH,2003,Family Problems,0,8,17,7,2,34,0,15,14,1,0,30,64,0,23,31,8,2
HIMACHAL PRADESH,2003,Ideological Causes/Hero Worshipping,0,0,0,0,0,0,0,0,0,0,0,0,0,0,0,0,0,0
HIMACHAL PRADESH,2003,Illegitimate Pregnancy,0,0,0,0,0,0,0,0,0,0,0,0,0,0,0,0,0,0
HIMACHAL PRADESH,2003,Love Affairs,0,7,2,0,0,9,0,12,0,0,0,12,21,0,19,2,0,0
HIMACHAL PRADESH,2003,"Physical Abuse (Rape,Incest Etc.)",0,0,0,0,0,0,0,0,0,0,0,0,0,0,0,0,0,0
HIMACHAL PRADESH,2003,Poverty,0,0,1,1,0,2,0,0,1,0,0,1,3,0,0,2,1,0
HIMACHAL PRADESH,2003,Professional/Career Problem,0,3,3,0,0,6,0,0,0,0,0,0,6,0,3,3,0,0
HIMACHAL PRADESH,2003,Property Dispute,0,1,2,4,0,7,0,0,2,1,0,3,10,0,1,4,5,0
HIMACHAL PRADESH,2003,Unemployment,0,1,0,0,0,1,0,1,0,0,0,1,2,0,2,0,0,0
HIMACHAL PRADESH,2003,Causes Not known,0,18,13,16,0,47,3,10,6,1,0,20,67,3,28,19,17,0
HIMACHAL PRADESH,2003,Other Causes,0,23,26,11,5,65,0,15,14,9,0,38,103,0,38,40,20,5
HIMACHAL PRADESH,2003,Total,2,78,81,63,16,240,5,72,46,21,2,146,386,7,150,127,84,18
HIMACHAL PRADESH,2003,Total Illness,0,9,11,19,9,48,0,3,5,8,2,18,66,0,12,16,27,11
HIMACHAL PRADESH,2004,Bankruptcy,0,0,0,0,0,0,1,0,1,0,0,2,2,1,0,1,0,0
HIMACHAL PRADESH,2004,Suspected/Illicit Relation,0,0,1,1,0,2,0,1,3,0,0,4,6,0,1,4,1,0
HIMACHAL PRADESH,2004,Cancellation/Non-Settlement of Marriage,0,3,0,0,0,3,0,6,0,0,0,6,9,0,9,0,0,0
HIMACHAL PRADESH,2004,Infertility,0,1,0,0,0,1,0,1,0,0,0,1,2,0,2,0,0,0
HIMACHAL PRADESH,2004,Illness (Aids/STD),0,0,0,0,0,0,0,0,0,0,0,0,0,0,0,0,0,0
HIMACHAL PRADESH,2004,Cancer,0,0,0,0,0,0,0,0,0,0,0,0,0,0,0,0,0,0
HIMACHAL PRADESH,2004,Paralysis,0,0,1,0,0,1,0,0,0,0,0,0,1,0,0,1,0,0
HIMACHAL PRADESH,2004,Insanity/Mental Illness,0,4,7,3,0,14,0,4,0,3,1,8,22,0,8,7,6,1
HIMACHAL PRADESH,2004,Other Prolonged Illness,0,4,7,6,2,19,0,2,1,3,1,7,26,0,6,8,9,3
HIMACHAL PRADESH,2004,Death of Dear Person,0,0,0,0,0,0,0,0,0,0,0,0,0,0,0,0,0,0
HIMACHAL PRADESH,2004,Dowry Dispute,0,0,0,0,0,0,0,4,0,0,0,4,4,0,4,0,0,0
HIMACHAL PRADESH,2004,Divorce,0,0,0,0,0,0,0,0,0,0,0,0,0,0,0,0,0,0
HIMACHAL PRADESH,2004,Drug Abuse/Addiction,0,3,0,1,0,4,0,0,0,0,0,0,4,0,3,0,1,0
HIMACHAL PRADESH,2004,Failure in Examination,1,1,0,0,0,2,0,5,0,0,0,5,7,1,6,0,0,0
HIMACHAL PRADESH,2004,Fall in Social Reputation,0,2,0,4,0,6,0,0,0,0,0,0,6,0,2,0,4,0
HIMACHAL PRADESH,2004,Family Problems,0,26,26,9,3,64,1,15,17,2,0,35,99,1,41,43,11,3
HIMACHAL PRADESH,2004,Ideological Causes/Hero Worshipping,0,0,0,0,0,0,0,0,0,0,0,0,0,0,0,0,0,0
HIMACHAL PRADESH,2004,Illegitimate Pregnancy,0,0,0,0,0,0,0,0,0,0,0,0,0,0,0,0,0,0
HIMACHAL PRADESH,2004,Love Affairs,0,7,0,0,0,7,0,7,1,0,0,8,15,0,14,1,0,0
HIMACHAL PRADESH,2004,"Physical Abuse (Rape,Incest Etc.)",0,0,0,0,0,0,0,1,0,0,0,1,1,0,1,0,0,0
HIMACHAL PRADESH,2004,Poverty,0,0,1,0,0,1,0,0,0,0,0,0,1,0,0,1,0,0
HIMACHAL PRADESH,2004,Professional/Career Problem,0,2,1,0,0,3,0,1,0,0,0,1,4,0,3,1,0,0
HIMACHAL PRADESH,2004,Property Dispute,0,2,2,0,0,4,0,0,0,0,0,0,4,0,2,2,0,0
HIMACHAL PRADESH,2004,Unemployment,0,2,2,0,0,4,0,1,0,0,0,1,5,0,3,2,0,0
HIMACHAL PRADESH,2004,Causes Not known,0,16,23,11,7,57,0,13,9,3,0,25,82,0,29,32,14,7
HIMACHAL PRADESH,2004,Other Causes,4,4,11,19,6,44,2,10,10,3,2,27,71,6,14,21,22,8
HIMACHAL PRADESH,2004,Total,5,77,82,54,18,236,4,71,42,14,4,135,371,9,148,124,68,22
HIMACHAL PRADESH,2004,Total Illness,0,8,15,9,2,34,0,6,1,6,2,15,49,0,14,16,15,4
HIMACHAL PRADESH,2005,Bankruptcy,0,1,1,0,0,2,0,0,0,0,0,0,2,0,1,1,0,0
HIMACHAL PRADESH,2005,Suspected/Illicit Relation,0,1,4,0,0,5,0,2,2,0,0,4,9,0,3,6,0,0
HIMACHAL PRADESH,2005,Cancellation/Non-Settlement of Marriage,0,3,1,0,0,4,0,4,3,0,0,7,11,0,7,4,0,0
HIMACHAL PRADESH,2005,Infertility,0,0,1,0,1,2,0,0,0,0,0,0,2,0,0,1,0,1
HIMACHAL PRADESH,2005,Illness (Aids/STD),0,1,1,0,0,2,0,0,0,0,0,0,2,0,1,1,0,0
HIMACHAL PRADESH,2005,Cancer,0,0,0,0,0,0,0,0,0,0,0,0,0,0,0,0,0,0
HIMACHAL PRADESH,2005,Paralysis,0,0,0,0,0,0,1,1,0,0,0,2,2,1,1,0,0,0
HIMACHAL PRADESH,2005,Insanity/Mental Illness,0,3,3,3,2,11,0,5,1,0,0,6,17,0,8,4,3,2
HIMACHAL PRADESH,2005,Other Prolonged Illness,0,3,6,5,2,16,0,6,7,2,0,15,31,0,9,13,7,2
HIMACHAL PRADESH,2005,Death of Dear Person,0,0,0,0,0,0,0,1,0,0,0,1,1,0,1,0,0,0
HIMACHAL PRADESH,2005,Dowry Dispute,0,0,0,0,0,0,0,2,3,1,0,6,6,0,2,3,1,0
HIMACHAL PRADESH,2005,Divorce,0,0,0,0,0,0,0,0,0,0,0,0,0,0,0,0,0,0
HIMACHAL PRADESH,2005,Drug Abuse/Addiction,0,1,1,0,3,5,0,0,0,0,0,0,5,0,1,1,0,3
HIMACHAL PRADESH,2005,Failure in Examination,0,5,0,0,0,5,0,8,0,0,0,8,13,0,13,0,0,0
HIMACHAL PRADESH,2005,Fall in Social Reputation,0,0,2,1,0,3,0,0,0,0,0,0,3,0,0,2,1,0
HIMACHAL PRADESH,2005,Family Problems,0,12,26,15,4,57,0,25,18,4,0,47,104,0,37,44,19,4
HIMACHAL PRADESH,2005,Ideological Causes/Hero Worshipping,0,0,0,0,0,0,0,0,0,0,0,0,0,0,0,0,0,0
HIMACHAL PRADESH,2005,Illegitimate Pregnancy,0,0,0,0,0,0,0,0,0,0,0,0,0,0,0,0,0,0
HIMACHAL PRADESH,2005,Love Affairs,0,10,1,0,0,11,0,9,1,0,0,10,21,0,19,2,0,0
HIMACHAL PRADESH,2005,"Physical Abuse (Rape,Incest Etc.)",0,0,0,0,0,0,0,0,0,0,0,0,0,0,0,0,0,0
HIMACHAL PRADESH,2005,Poverty,0,0,0,2,0,2,0,0,0,1,0,1,3,0,0,0,3,0
HIMACHAL PRADESH,2005,Professional/Career Problem,0,0,0,0,0,0,0,0,0,0,0,0,0,0,0,0,0,0
HIMACHAL PRADESH,2005,Property Dispute,0,0,2,0,0,2,0,0,0,0,0,0,2,0,0,2,0,0
HIMACHAL PRADESH,2005,Unemployment,0,1,7,0,0,8,0,1,1,0,0,2,10,0,2,8,0,0
HIMACHAL PRADESH,2005,Causes Not known,0,8,9,6,3,26,0,3,2,3,1,9,35,0,11,11,9,4
HIMACHAL PRADESH,2005,Other Causes,2,20,21,10,0,53,0,14,9,2,2,27,80,2,34,30,12,2
HIMACHAL PRADESH,2005,Total,2,69,86,42,15,214,1,81,47,13,3,145,359,3,150,133,55,18
HIMACHAL PRADESH,2005,Total Illness,0,7,10,8,4,29,1,12,8,2,0,23,52,1,19,18,10,4
HIMACHAL PRADESH,2006,Bankruptcy,0,0,1,1,0,2,0,0,0,0,0,0,2,0,0,1,1,0
HIMACHAL PRADESH,2006,Suspected/Illicit Relation,0,1,1,0,0,2,0,2,1,0,0,3,5,0,3,2,0,0
HIMACHAL PRADESH,2006,Cancellation/Non-Settlement of Marriage,0,2,2,0,0,4,0,1,2,1,0,4,8,0,3,4,1,0
HIMACHAL PRADESH,2006,Infertility,0,0,0,0,0,0,0,0,0,0,0,0,0,0,0,0,0,0
HIMACHAL PRADESH,2006,Illness (Aids/STD),0,0,0,0,0,0,0,0,0,0,0,0,0,0,0,0,0,0
HIMACHAL PRADESH,2006,Cancer,0,0,0,0,0,0,0,0,0,0,0,0,0,0,0,0,0,0
HIMACHAL PRADESH,2006,Paralysis,0,0,2,1,0,3,0,1,1,0,0,2,5,0,1,3,1,0
HIMACHAL PRADESH,2006,Insanity/Mental Illness,0,10,12,6,1,29,0,1,2,3,3,9,38,0,11,14,9,4
HIMACHAL PRADESH,2006,Other Prolonged Illness,0,7,20,7,8,42,0,2,7,7,2,18,60,0,9,27,14,10
HIMACHAL PRADESH,2006,Death of Dear Person,0,0,0,0,0,0,0,1,0,0,0,1,1,0,1,0,0,0
HIMACHAL PRADESH,2006,Dowry Dispute,0,0,0,0,0,0,0,2,1,3,0,6,6,0,2,1,3,0
HIMACHAL PRADESH,2006,Divorce,0,0,0,0,0,0,0,0,0,0,0,0,0,0,0,0,0,0
HIMACHAL PRADESH,2006,Drug Abuse/Addiction,0,4,6,1,0,11,0,1,0,1,0,2,13,0,5,6,2,0
HIMACHAL PRADESH,2006,Failure in Examination,1,5,0,0,0,6,0,4,0,0,0,4,10,1,9,0,0,0
HIMACHAL PRADESH,2006,Fall in Social Reputation,0,1,2,0,0,3,0,0,0,0,0,0,3,0,1,2,0,0
HIMACHAL PRADESH,2006,Family Problems,0,17,30,26,8,81,0,21,11,12,2,46,127,0,38,41,38,10
HIMACHAL PRADESH,2006,Ideological Causes/Hero Worshipping,0,0,0,0,0,0,0,0,0,0,0,0,0,0,0,0,0,0
HIMACHAL PRADESH,2006,Illegitimate Pregnancy,0,0,0,0,0,0,0,0,0,0,0,0,0,0,0,0,0,0
HIMACHAL PRADESH,2006,Love Affairs,0,9,1,0,0,10,0,8,2,0,0,10,20,0,17,3,0,0
HIMACHAL PRADESH,2006,"Physical Abuse (Rape,Incest Etc.)",0,0,0,0,0,0,0,0,0,0,0,0,0,0,0,0,0,0
HIMACHAL PRADESH,2006,Poverty,0,0,2,2,0,4,0,0,0,0,0,0,4,0,0,2,2,0
HIMACHAL PRADESH,2006,Professional/Career Problem,0,0,0,1,0,1,0,0,0,0,0,0,1,0,0,0,1,0
HIMACHAL PRADESH,2006,Property Dispute,0,0,0,0,0,0,0,0,0,0,0,0,0,0,0,0,0,0
HIMACHAL PRADESH,2006,Unemployment,0,0,3,1,0,4,0,1,1,0,0,2,6,0,1,4,1,0
HIMACHAL PRADESH,2006,Causes Not known,0,15,19,7,2,43,0,12,7,6,1,26,69,0,27,26,13,3
HIMACHAL PRADESH,2006,Other Causes,3,19,20,12,2,56,1,10,8,4,0,23,79,4,29,28,16,2
HIMACHAL PRADESH,2006,Total,4,90,121,65,21,301,1,67,43,37,8,156,457,5,157,164,102,29
HIMACHAL PRADESH,2006,Total Illness,0,17,34,14,9,74,0,4,10,10,5,29,103,0,21,44,24,14
HIMACHAL PRADESH,2007,Bankruptcy,0,0,0,0,0,0,0,0,0,0,0,0,0,0,0,0,0,0
HIMACHAL PRADESH,2007,Suspected/Illicit Relation,0,2,1,0,0,3,0,1,1,0,0,2,5,0,3,2,0,0
HIMACHAL PRADESH,2007,Cancellation/Non-Settlement of Marriage,0,4,3,0,0,7,0,4,2,0,0,6,13,0,8,5,0,0
HIMACHAL PRADESH,2007,Infertility,0,0,0,0,0,0,0,0,0,0,0,0,0,0,0,0,0,0
HIMACHAL PRADESH,2007,Illness (Aids/STD),0,0,0,0,0,0,0,0,0,0,0,0,0,0,0,0,0,0
HIMACHAL PRADESH,2007,Cancer,0,0,0,0,0,0,0,0,0,0,0,0,0,0,0,0,0,0
HIMACHAL PRADESH,2007,Paralysis,0,0,1,0,0,1,0,0,0,0,0,0,1,0,0,1,0,0
HIMACHAL PRADESH,2007,Insanity/Mental Illness,0,9,14,6,2,31,0,3,7,0,1,11,42,0,12,21,6,3
HIMACHAL PRADESH,2007,Other Prolonged Illness,0,1,9,7,7,24,0,1,3,3,6,13,37,0,2,12,10,13
HIMACHAL PRADESH,2007,Death of Dear Person,0,0,0,0,0,0,0,0,0,0,0,0,0,0,0,0,0,0
HIMACHAL PRADESH,2007,Dowry Dispute,0,0,0,0,0,0,0,3,0,0,0,3,3,0,3,0,0,0
HIMACHAL PRADESH,2007,Divorce,0,0,0,0,0,0,0,0,0,0,0,0,0,0,0,0,0,0
HIMACHAL PRADESH,2007,Drug Abuse/Addiction,0,0,0,0,0,0,0,0,0,0,0,0,0,0,0,0,0,0
HIMACHAL PRADESH,2007,Failure in Examination,0,4,1,0,0,5,0,10,1,0,0,11,16,0,14,2,0,0
HIMACHAL PRADESH,2007,Fall in Social Reputation,0,0,0,0,0,0,0,0,0,0,0,0,0,0,0,0,0,0
HIMACHAL PRADESH,2007,Family Problems,0,18,36,7,11,72,0,18,17,5,2,42,114,0,36,53,12,13
HIMACHAL PRADESH,2007,Ideological Causes/Hero Worshipping,0,0,0,0,0,0,0,0,0,0,0,0,0,0,0,0,0,0
HIMACHAL PRADESH,2007,Illegitimate Pregnancy,0,0,0,0,0,0,0,0,0,0,0,0,0,0,0,0,0,0
HIMACHAL PRADESH,2007,Love Affairs,0,7,1,0,0,8,0,4,1,0,0,5,13,0,11,2,0,0
HIMACHAL PRADESH,2007,"Physical Abuse (Rape,Incest Etc.)",0,0,0,1,0,1,0,0,0,0,1,1,2,0,0,0,1,1
HIMACHAL PRADESH,2007,Poverty,0,0,0,0,0,0,0,0,0,0,0,0,0,0,0,0,0,0
HIMACHAL PRADESH,2007,Professional/Career Problem,0,0,3,2,0,5,0,0,1,0,0,1,6,0,0,4,2,0
HIMACHAL PRADESH,2007,Property Dispute,0,1,1,1,2,5,0,0,0,0,1,1,6,0,1,1,1,3
HIMACHAL PRADESH,2007,Unemployment,0,2,2,1,0,5,0,0,0,0,0,0,5,0,2,2,1,0
HIMACHAL PRADESH,2007,Causes Not known,2,25,19,9,4,59,0,13,6,1,2,22,81,2,38,25,10,6
HIMACHAL PRADESH,2007,Other Causes,0,19,7,4,2,32,0,15,7,2,2,26,58,0,34,14,6,4
HIMACHAL PRADESH,2007,Total,2,92,98,38,28,258,0,72,46,11,15,144,402,2,164,144,49,43
HIMACHAL PRADESH,2007,Total Illness,0,10,24,13,9,56,0,4,10,3,7,24,80,0,14,34,16,16
HIMACHAL PRADESH,2008,Bankruptcy,0,4,0,0,0,4,0,3,0,0,0,3,7,0,7,0,0,0
HIMACHAL PRADESH,2008,Suspected/Illicit Relation,0,3,1,0,0,4,0,3,2,1,0,6,10,0,6,3,1,0
HIMACHAL PRADESH,2008,Cancellation/Non-Settlement of Marriage,0,1,1,0,0,2,0,0,1,0,0,1,3,0,1,2,0,0
HIMACHAL PRADESH,2008,Infertility,0,0,1,0,1,2,0,0,1,0,0,1,3,0,0,2,0,1
HIMACHAL PRADESH,2008,Illness (Aids/STD),0,0,0,0,0,0,0,0,0,0,0,0,0,0,0,0,0,0
HIMACHAL PRADESH,2008,Cancer,0,1,2,0,0,3,0,0,1,2,1,4,7,0,1,3,2,1
HIMACHAL PRADESH,2008,Paralysis,0,0,2,1,0,3,0,0,0,1,1,2,5,0,0,2,2,1
HIMACHAL PRADESH,2008,Insanity/Mental Illness,0,19,9,8,4,40,1,6,4,2,4,17,57,1,25,13,10,8
HIMACHAL PRADESH,2008,Other Prolonged Illness,0,3,3,11,4,21,0,2,1,2,1,6,27,0,5,4,13,5
HIMACHAL PRADESH,2008,Death of Dear Person,0,0,0,0,0,0,0,0,0,0,0,0,0,0,0,0,0,0
HIMACHAL PRADESH,2008,Dowry Dispute,0,0,0,0,0,0,0,2,0,0,0,2,2,0,2,0,0,0
HIMACHAL PRADESH,2008,Divorce,0,0,0,0,0,0,0,0,0,0,0,0,0,0,0,0,0,0
HIMACHAL PRADESH,2008,Drug Abuse/Addiction,0,1,1,3,4,9,0,0,0,0,0,0,9,0,1,1,3,4
HIMACHAL PRADESH,2008,Failure in Examination,1,5,0,0,0,6,3,3,0,0,0,6,12,4,8,0,0,0
HIMACHAL PRADESH,2008,Fall in Social Reputation,0,9,4,3,1,17,0,6,2,1,0,9,26,0,15,6,4,1
HIMACHAL PRADESH,2008,Family Problems,0,19,22,18,8,67,1,26,16,3,4,50,117,1,45,38,21,12
HIMACHAL PRADESH,2008,Ideological Causes/Hero Worshipping,0,0,0,0,0,0,0,0,0,0,0,0,0,0,0,0,0,0
HIMACHAL PRADESH,2008,Illegitimate Pregnancy,0,0,0,0,0,0,0,1,0,0,0,1,1,0,1,0,0,0
HIMACHAL PRADESH,2008,Love Affairs,0,7,0,1,0,8,0,6,1,0,0,7,15,0,13,1,1,0
HIMACHAL PRADESH,2008,"Physical Abuse (Rape,Incest Etc.)",0,0,0,0,0,0,0,0,0,0,0,0,0,0,0,0,0,0
HIMACHAL PRADESH,2008,Poverty,0,0,0,0,0,0,0,0,0,0,0,0,0,0,0,0,0,0
HIMACHAL PRADESH,2008,Professional/Career Problem,0,1,0,0,1,2,0,0,0,0,0,0,2,0,1,0,0,1
HIMACHAL PRADESH,2008,Property Dispute,0,1,4,2,0,7,0,1,0,0,0,1,8,0,2,4,2,0
HIMACHAL PRADESH,2008,Unemployment,1,1,0,0,0,2,1,0,0,0,0,1,3,2,1,0,0,0
HIMACHAL PRADESH,2008,Causes Not known,3,34,29,17,2,85,3,17,8,5,1,34,119,6,51,37,22,3
HIMACHAL PRADESH,2008,Other Causes,1,31,36,52,15,135,1,27,20,8,6,62,197,2,58,56,60,21
HIMACHAL PRADESH,2008,Total,6,140,115,116,40,417,10,103,57,25,18,213,630,16,243,172,141,58
HIMACHAL PRADESH,2008,Total Illness,0,23,16,20,8,67,1,8,6,7,7,29,96,1,31,22,27,15
HIMACHAL PRADESH,2009,Bankruptcy,0,0,0,0,0,0,0,0,0,0,0,0,0,0,0,0,0,0
HIMACHAL PRADESH,2009,Suspected/Illicit Relation,0,1,1,0,0,2,0,2,1,0,0,3,5,0,3,2,0,0
HIMACHAL PRADESH,2009,Cancellation/Non-Settlement of Marriage,0,3,0,0,0,3,0,5,0,0,0,5,8,0,8,0,0,0
HIMACHAL PRADESH,2009,Infertility,0,0,0,0,0,0,0,0,0,0,0,0,0,0,0,0,0,0
HIMACHAL PRADESH,2009,Illness (Aids/STD),0,0,0,0,0,0,0,0,0,0,0,0,0,0,0,0,0,0
HIMACHAL PRADESH,2009,Cancer,0,0,2,1,0,3,0,0,1,1,0,2,5,0,0,3,2,0
HIMACHAL PRADESH,2009,Paralysis,0,0,0,1,0,1,0,0,0,0,0,0,1,0,0,0,1,0
HIMACHAL PRADESH,2009,Insanity/Mental Illness,0,5,6,2,0,13,0,3,3,0,2,8,21,0,8,9,2,2
HIMACHAL PRADESH,2009,Other Prolonged Illness,0,4,7,16,7,34,0,2,1,3,3,9,43,0,6,8,19,10
HIMACHAL PRADESH,2009,Death of Dear Person,0,0,0,0,0,0,1,0,0,0,0,1,1,1,0,0,0,0
HIMACHAL PRADESH,2009,Dowry Dispute,0,0,0,0,0,0,0,0,0,0,0,0,0,0,0,0,0,0
HIMACHAL PRADESH,2009,Divorce,0,0,0,0,0,0,0,0,0,0,0,0,0,0,0,0,0,0
HIMACHAL PRADESH,2009,Drug Abuse/Addiction,0,0,1,0,0,1,0,0,0,0,0,0,1,0,0,1,0,0
HIMACHAL PRADESH,2009,Failure in Examination,1,2,0,0,0,3,1,2,0,0,0,3,6,2,4,0,0,0
HIMACHAL PRADESH,2009,Fall in Social Reputation,0,0,0,0,0,0,0,0,0,0,0,0,0,0,0,0,0,0
HIMACHAL PRADESH,2009,Family Problems,0,12,26,12,1,51,1,18,19,8,3,49,100,1,30,45,20,4
HIMACHAL PRADESH,2009,Ideological Causes/Hero Worshipping,0,0,0,0,0,0,0,0,0,0,0,0,0,0,0,0,0,0
HIMACHAL PRADESH,2009,Illegitimate Pregnancy,0,0,0,0,0,0,0,0,0,0,0,0,0,0,0,0,0,0
HIMACHAL PRADESH,2009,Love Affairs,0,13,2,0,0,15,0,10,2,0,0,12,27,0,23,4,0,0
HIMACHAL PRADESH,2009,"Physical Abuse (Rape,Incest Etc.)",0,0,0,0,0,0,0,0,1,0,0,1,1,0,0,1,0,0
HIMACHAL PRADESH,2009,Poverty,0,0,0,0,0,0,0,0,0,0,0,0,0,0,0,0,0,0
HIMACHAL PRADESH,2009,Professional/Career Problem,0,0,0,0,0,0,0,0,0,0,0,0,0,0,0,0,0,0
HIMACHAL PRADESH,2009,Property Dispute,0,0,3,1,2,6,0,0,1,2,1,4,10,0,0,4,3,3
HIMACHAL PRADESH,2009,Unemployment,0,2,0,0,0,2,0,0,0,0,0,0,2,0,2,0,0,0
HIMACHAL PRADESH,2009,Causes Not known,2,18,20,6,4,50,1,11,3,2,5,22,72,3,29,23,8,9
HIMACHAL PRADESH,2009,Other Causes,2,66,60,33,21,182,7,31,23,10,4,75,257,9,97,83,43,25
HIMACHAL PRADESH,2009,Total,5,126,128,72,35,366,11,84,55,26,18,194,560,16,210,183,98,53
HIMACHAL PRADESH,2009,Total Illness,0,9,15,20,7,51,0,5,5,4,5,19,70,0,14,20,24,12
HIMACHAL PRADESH,2010,Bankruptcy,0,0,0,0,0,0,0,0,0,0,0,0,0,0,0,0,0,0
HIMACHAL PRADESH,2010,Suspected/Illicit Relation,0,0,2,0,0,2,1,1,2,0,0,4,6,1,1,4,0,0
HIMACHAL PRADESH,2010,Cancellation/Non-Settlement of Marriage,0,1,2,0,0,3,0,1,1,0,0,2,5,0,2,3,0,0
HIMACHAL PRADESH,2010,Infertility,0,0,0,0,0,0,0,0,0,0,0,0,0,0,0,0,0,0
HIMACHAL PRADESH,2010,Illness (Aids/STD),0,0,0,0,0,0,0,0,0,0,0,0,0,0,0,0,0,0
HIMACHAL PRADESH,2010,Cancer,0,0,3,1,1,5,0,0,2,1,1,4,9,0,0,5,2,2
HIMACHAL PRADESH,2010,Paralysis,0,0,0,0,1,1,0,0,0,0,0,0,1,0,0,0,0,1
HIMACHAL PRADESH,2010,Insanity/Mental Illness,0,6,7,8,2,23,0,5,4,3,1,13,36,0,11,11,11,3
HIMACHAL PRADESH,2010,Other Prolonged Illness,0,2,4,5,4,15,0,3,0,1,2,6,21,0,5,4,6,6
HIMACHAL PRADESH,2010,Death of Dear Person,0,0,0,0,0,0,0,1,0,0,0,1,1,0,1,0,0,0
HIMACHAL PRADESH,2010,Dowry Dispute,0,0,0,0,0,0,0,1,0,0,0,1,1,0,1,0,0,0
HIMACHAL PRADESH,2010,Divorce,0,1,0,0,0,1,0,0,0,0,0,0,1,0,1,0,0,0
HIMACHAL PRADESH,2010,Drug Abuse/Addiction,0,2,2,1,0,5,0,0,0,0,0,0,5,0,2,2,1,0
HIMACHAL PRADESH,2010,Failure in Examination,0,2,0,0,0,2,0,6,0,0,0,6,8,0,8,0,0,0
HIMACHAL PRADESH,2010,Fall in Social Reputation,0,0,1,0,0,1,0,1,0,0,0,1,2,0,1,1,0,0
HIMACHAL PRADESH,2010,Family Problems,0,13,19,10,1,43,0,14,15,8,0,37,80,0,27,34,18,1
HIMACHAL PRADESH,2010,Ideological Causes/Hero Worshipping,0,0,0,0,0,0,0,0,0,0,0,0,0,0,0,0,0,0
HIMACHAL PRADESH,2010,Illegitimate Pregnancy,0,0,0,0,0,0,0,0,0,0,0,0,0,0,0,0,0,0
HIMACHAL PRADESH,2010,Love Affairs,0,8,2,0,0,10,0,9,1,0,0,10,20,0,17,3,0,0
HIMACHAL PRADESH,2010,"Physical Abuse (Rape,Incest Etc.)",0,1,0,0,0,1,0,0,1,0,0,1,2,0,1,1,0,0
HIMACHAL PRADESH,2010,Poverty,0,0,0,0,0,0,0,0,0,0,0,0,0,0,0,0,0,0
HIMACHAL PRADESH,2010,Professional/Career Problem,0,0,0,0,0,0,0,0,0,0,0,0,0,0,0,0,0,0
HIMACHAL PRADESH,2010,Property Dispute,0,0,0,2,1,3,0,0,1,1,0,2,5,0,0,1,3,1
HIMACHAL PRADESH,2010,Unemployment,0,2,0,0,0,2,0,0,0,0,0,0,2,0,2,0,0,0
HIMACHAL PRADESH,2010,Causes Not known,2,18,12,9,2,43,2,14,7,8,2,33,76,4,32,19,17,4
HIMACHAL PRADESH,2010,Other Causes,6,61,71,37,13,188,1,41,17,9,5,73,261,7,102,88,46,18
HIMACHAL PRADESH,2010,Total,8,117,125,73,25,348,4,97,51,31,11,194,542,12,214,176,104,36
HIMACHAL PRADESH,2010,Total Illness,0,8,14,14,8,44,0,8,6,5,4,23,67,0,16,20,19,12
HIMACHAL PRADESH,2011,Bankruptcy,0,2,1,0,0,3,0,0,0,0,0,0,3,0,2,1,0,0
HIMACHAL PRADESH,2011,Suspected/Illicit Relation,0,1,3,0,0,4,0,1,3,0,0,4,8,0,2,6,0,0
HIMACHAL PRADESH,2011,Cancellation/Non-Settlement of Marriage,0,0,2,0,0,2,0,2,2,0,0,4,6,0,2,4,0,0
HIMACHAL PRADESH,2011,Infertility,0,0,0,0,0,0,0,0,1,0,0,1,1,0,0,1,0,0
HIMACHAL PRADESH,2011,Illness (Aids/STD),0,0,0,0,0,0,0,0,0,0,0,0,0,0,0,0,0,0
HIMACHAL PRADESH,2011,Cancer,0,0,5,1,1,7,0,0,3,1,2,6,13,0,0,8,2,3
HIMACHAL PRADESH,2011,Paralysis,0,0,0,0,2,2,0,0,0,0,0,0,2,0,0,0,0,2
HIMACHAL PRADESH,2011,Insanity/Mental Illness,0,4,7,5,2,18,0,5,4,1,2,12,30,0,9,11,6,4
HIMACHAL PRADESH,2011,Other Prolonged Illness,0,2,4,6,8,20,0,0,2,2,3,7,27,0,2,6,8,11
HIMACHAL PRADESH,2011,Death of Dear Person,0,0,0,0,0,0,0,0,0,0,0,0,0,0,0,0,0,0
HIMACHAL PRADESH,2011,Dowry Dispute,0,0,0,0,0,0,0,0,0,0,0,0,0,0,0,0,0,0
HIMACHAL PRADESH,2011,Divorce,0,0,0,0,0,0,0,0,0,0,0,0,0,0,0,0,0,0
HIMACHAL PRADESH,2011,Drug Abuse/Addiction,0,1,2,2,0,5,0,0,0,0,0,0,5,0,1,2,2,0
HIMACHAL PRADESH,2011,Failure in Examination,0,4,0,0,0,4,0,9,0,0,0,9,13,0,13,0,0,0
HIMACHAL PRADESH,2011,Fall in Social Reputation,0,0,0,1,0,1,0,0,0,0,0,0,1,0,0,0,1,0
HIMACHAL PRADESH,2011,Family Problems,0,15,13,9,2,39,0,9,19,10,2,40,79,0,24,32,19,4
HIMACHAL PRADESH,2011,Ideological Causes/Hero Worshipping,0,0,0,0,0,0,0,0,0,0,0,0,0,0,0,0,0,0
HIMACHAL PRADESH,2011,Illegitimate Pregnancy,0,0,0,0,0,0,0,0,0,0,0,0,0,0,0,0,0,0
HIMACHAL PRADESH,2011,Love Affairs,0,7,2,0,0,9,0,8,1,0,0,9,18,0,15,3,0,0
HIMACHAL PRADESH,2011,"Physical Abuse (Rape,Incest Etc.)",0,0,0,0,0,0,0,0,0,0,0,0,0,0,0,0,0,0
HIMACHAL PRADESH,2011,Poverty,0,0,0,0,0,0,0,0,0,0,0,0,0,0,0,0,0,0
HIMACHAL PRADESH,2011,Professional/Career Problem,0,0,0,0,0,0,0,0,0,0,0,0,0,0,0,0,0,0
HIMACHAL PRADESH,2011,Property Dispute,0,0,0,2,2,4,0,0,1,1,0,2,6,0,0,1,3,2
HIMACHAL PRADESH,2011,Unemployment,0,0,0,2,0,2,0,0,0,0,0,0,2,0,0,0,2,0
HIMACHAL PRADESH,2011,Causes Not known,1,23,16,8,6,54,1,18,15,10,1,45,99,2,41,31,18,7
HIMACHAL PRADESH,2011,Other Causes,4,39,33,10,9,95,4,14,11,5,1,35,130,8,53,44,15,10
HIMACHAL PRADESH,2011,Total,5,98,88,46,32,269,5,66,62,30,11,174,443,10,164,150,76,43
HIMACHAL PRADESH,2011,Total Illness,0,6,16,12,13,47,0,5,9,4,7,25,72,0,11,25,16,20
HIMACHAL PRADESH,2012,Bankruptcy,0,0,1,0,0,1,0,0,0,0,0,0,1,0,0,1,0,0
HIMACHAL PRADESH,2012,Suspected/Illicit Relation,0,3,3,2,0,8,0,3,3,1,0,7,15,0,6,6,3,0
HIMACHAL PRADESH,2012,Cancellation/Non-Settlement of Marriage,0,2,2,1,0,5,0,3,2,2,0,7,12,0,5,4,3,0
HIMACHAL PRADESH,2012,Infertility,0,0,0,0,0,0,0,1,1,0,0,2,2,0,1,1,0,0
HIMACHAL PRADESH,2012,Illness (Aids/STD),0,0,0,0,0,0,0,0,0,0,0,0,0,0,0,0,0,0
HIMACHAL PRADESH,2012,Cancer,0,0,4,1,2,7,0,0,3,1,2,6,13,0,0,7,2,4
HIMACHAL PRADESH,2012,Paralysis,0,0,0,0,3,3,0,0,0,0,1,1,4,0,0,0,0,4
HIMACHAL PRADESH,2012,Insanity/Mental Illness,0,7,3,7,5,22,0,2,2,1,3,8,30,0,9,5,8,8
HIMACHAL PRADESH,2012,Other Prolonged Illness,0,2,4,5,7,18,0,1,3,1,3,8,26,0,3,7,6,10
HIMACHAL PRADESH,2012,Death of Dear Person,0,0,0,0,0,0,0,0,0,0,0,0,0,0,0,0,0,0
HIMACHAL PRADESH,2012,Dowry Dispute,0,0,0,0,0,0,0,1,0,0,0,1,1,0,1,0,0,0
HIMACHAL PRADESH,2012,Divorce,0,0,1,0,0,1,0,0,0,0,0,0,1,0,0,1,0,0
HIMACHAL PRADESH,2012,Drug Abuse/Addiction,0,2,2,3,1,8,0,0,0,0,0,0,8,0,2,2,3,1
HIMACHAL PRADESH,2012,Failure in Examination,1,5,0,0,0,6,0,9,0,0,0,9,15,1,14,0,0,0
HIMACHAL PRADESH,2012,Fall in Social Reputation,0,0,0,0,0,0,0,1,0,0,0,1,1,0,1,0,0,0
HIMACHAL PRADESH,2012,Family Problems,0,12,22,10,1,45,2,23,13,6,1,45,90,2,35,35,16,2
HIMACHAL PRADESH,2012,Ideological Causes/Hero Worshipping,0,0,0,0,0,0,0,0,0,0,0,0,0,0,0,0,0,0
HIMACHAL PRADESH,2012,Illegitimate Pregnancy,0,0,0,0,0,0,0,0,0,0,0,0,0,0,0,0,0,0
HIMACHAL PRADESH,2012,Love Affairs,0,7,3,1,0,11,0,8,1,1,0,10,21,0,15,4,2,0
HIMACHAL PRADESH,2012,"Physical Abuse (Rape,Incest Etc.)",0,0,0,0,0,0,0,0,0,0,0,0,0,0,0,0,0,0
HIMACHAL PRADESH,2012,Poverty,0,0,0,1,0,1,0,0,1,0,0,1,2,0,0,1,1,0
HIMACHAL PRADESH,2012,Professional/Career Problem,0,0,0,0,0,0,0,0,0,0,0,0,0,0,0,0,0,0
HIMACHAL PRADESH,2012,Property Dispute,0,0,2,3,2,7,0,0,1,2,0,3,10,0,0,3,5,2
HIMACHAL PRADESH,2012,Unemployment,0,4,2,1,0,7,0,0,0,0,0,0,7,0,4,2,1,0
HIMACHAL PRADESH,2012,Causes Not known,5,17,20,13,9,64,4,8,5,3,4,24,88,9,25,25,16,13
HIMACHAL PRADESH,2012,Other Causes,4,51,50,24,11,140,0,15,17,8,1,41,181,4,66,67,32,12
HIMACHAL PRADESH,2012,Total,10,112,119,72,41,354,6,75,52,26,15,174,528,16,187,171,98,56
HIMACHAL PRADESH,2012,Total Illness,0,9,11,13,17,50,0,3,8,3,9,23,73,0,12,19,16,26
JAMMU & KASHMIR,2001,Bankruptcy,0,0,0,2,0,2,0,0,0,0,0,0,2,0,0,0,2,0
JAMMU & KASHMIR,2001,Suspected/Illicit Relation,0,0,0,0,0,0,0,0,0,0,0,0,0,0,0,0,0,0
JAMMU & KASHMIR,2001,Cancellation/Non-Settlement of Marriage,0,3,0,0,0,3,0,1,2,0,0,3,6,0,4,2,0,0
JAMMU & KASHMIR,2001,Infertility,0,0,0,0,0,0,0,0,0,0,0,0,0,0,0,0,0,0
JAMMU & KASHMIR,2001,Illness (Aids/STD),0,0,0,0,0,0,0,0,0,0,0,0,0,0,0,0,0,0
JAMMU & KASHMIR,2001,Cancer,0,0,0,0,0,0,0,0,0,0,0,0,0,0,0,0,0,0
JAMMU & KASHMIR,2001,Paralysis,0,0,0,0,0,0,0,0,0,0,0,0,0,0,0,0,0,0
JAMMU & KASHMIR,2001,Insanity/Mental Illness,0,0,0,0,0,0,1,0,0,0,0,1,1,1,0,0,0,0
JAMMU & KASHMIR,2001,Other Prolonged Illness,0,0,0,3,0,3,0,0,0,0,2,2,5,0,0,0,3,2
JAMMU & KASHMIR,2001,Death of Dear Person,0,0,0,0,0,0,0,0,0,0,0,0,0,0,0,0,0,0
JAMMU & KASHMIR,2001,Dowry Dispute,0,0,0,0,0,0,0,5,4,0,0,9,9,0,5,4,0,0
JAMMU & KASHMIR,2001,Divorce,0,0,1,0,0,1,0,0,0,0,0,0,1,0,0,1,0,0
JAMMU & KASHMIR,2001,Drug Abuse/Addiction,0,1,0,0,0,1,0,0,0,0,0,0,1,0,1,0,0,0
JAMMU & KASHMIR,2001,Failure in Examination,0,3,0,0,0,3,0,0,0,0,0,0,3,0,3,0,0,0
JAMMU & KASHMIR,2001,Fall in Social Reputation,0,2,0,0,0,2,0,0,0,0,0,0,2,0,2,0,0,0
JAMMU & KASHMIR,2001,Family Problems,0,3,10,5,10,28,0,6,6,3,1,16,44,0,9,16,8,11
JAMMU & KASHMIR,2001,Ideological Causes/Hero Worshipping,0,0,0,0,0,0,0,0,0,0,0,0,0,0,0,0,0,0
JAMMU & KASHMIR,2001,Illegitimate Pregnancy,0,0,0,0,0,0,0,0,0,0,0,0,0,0,0,0,0,0
JAMMU & KASHMIR,2001,Love Affairs,0,1,1,0,0,2,0,2,0,0,0,2,4,0,3,1,0,0
JAMMU & KASHMIR,2001,"Physical Abuse (Rape,Incest Etc.)",0,0,0,0,0,0,0,0,0,0,0,0,0,0,0,0,0,0
JAMMU & KASHMIR,2001,Poverty,0,0,0,0,0,0,0,0,0,0,0,0,0,0,0,0,0,0
JAMMU & KASHMIR,2001,Professional/Career Problem,0,0,0,0,0,0,0,0,0,0,0,0,0,0,0,0,0,0
JAMMU & KASHMIR,2001,Property Dispute,0,0,0,0,0,0,0,0,0,0,0,0,0,0,0,0,0,0
JAMMU & KASHMIR,2001,Unemployment,0,1,2,0,0,3,0,0,0,0,0,0,3,0,1,2,0,0
JAMMU & KASHMIR,2001,Causes Not known,2,15,15,7,1,40,1,13,8,1,0,23,63,3,28,23,8,1
JAMMU & KASHMIR,2001,Other Causes,0,0,2,1,0,3,0,4,1,1,0,6,9,0,4,3,2,0
JAMMU & KASHMIR,2001,Total,2,29,31,18,11,91,2,31,21,5,3,62,153,4,60,52,23,14
JAMMU & KASHMIR,2001,Total Illness,0,0,0,3,0,3,1,0,0,0,2,3,6,1,0,0,3,2
JAMMU & KASHMIR,2002,Bankruptcy,0,0,0,0,0,0,0,0,0,0,0,0,0,0,0,0,0,0
JAMMU & KASHMIR,2002,Suspected/Illicit Relation,0,0,1,0,0,1,0,2,0,0,0,2,3,0,2,1,0,0
JAMMU & KASHMIR,2002,Cancellation/Non-Settlement of Marriage,0,0,0,0,0,0,0,1,0,0,0,1,1,0,1,0,0,0
JAMMU & KASHMIR,2002,Infertility,0,0,0,0,0,0,0,0,0,0,0,0,0,0,0,0,0,0
JAMMU & KASHMIR,2002,Illness (Aids/STD),0,0,0,0,0,0,0,0,0,0,0,0,0,0,0,0,0,0
JAMMU & KASHMIR,2002,Cancer,0,0,0,0,0,0,0,0,0,0,0,0,0,0,0,0,0,0
JAMMU & KASHMIR,2002,Paralysis,0,0,0,0,0,0,0,0,0,0,0,0,0,0,0,0,0,0
JAMMU & KASHMIR,2002,Insanity/Mental Illness,0,0,0,0,0,0,0,0,0,0,0,0,0,0,0,0,0,0
JAMMU & KASHMIR,2002,Other Prolonged Illness,0,0,0,1,0,1,0,0,0,0,0,0,1,0,0,0,1,0
JAMMU & KASHMIR,2002,Death of Dear Person,0,0,0,0,0,0,0,0,0,0,0,0,0,0,0,0,0,0
JAMMU & KASHMIR,2002,Dowry Dispute,0,0,0,0,0,0,0,9,7,0,0,16,16,0,9,7,0,0
JAMMU & KASHMIR,2002,Divorce,0,0,0,0,0,0,0,0,0,0,0,0,0,0,0,0,0,0
JAMMU & KASHMIR,2002,Drug Abuse/Addiction,0,0,4,0,0,4,0,8,0,0,0,8,12,0,8,4,0,0
JAMMU & KASHMIR,2002,Failure in Examination,0,0,0,0,0,0,0,0,0,0,0,0,0,0,0,0,0,0
JAMMU & KASHMIR,2002,Fall in Social Reputation,0,0,0,0,0,0,0,1,0,0,0,1,1,0,1,0,0,0
JAMMU & KASHMIR,2002,Family Problems,0,6,4,1,0,11,0,5,6,5,0,16,27,0,11,10,6,0
JAMMU & KASHMIR,2002,Ideological Causes/Hero Worshipping,0,0,0,0,0,0,0,0,0,0,0,0,0,0,0,0,0,0
JAMMU & KASHMIR,2002,Illegitimate Pregnancy,0,0,0,0,0,0,0,1,0,0,0,1,1,0,1,0,0,0
JAMMU & KASHMIR,2002,Love Affairs,0,0,0,0,0,0,0,0,0,0,0,0,0,0,0,0,0,0
JAMMU & KASHMIR,2002,"Physical Abuse (Rape,Incest Etc.)",0,0,0,0,0,0,0,0,0,0,0,0,0,0,0,0,0,0
JAMMU & KASHMIR,2002,Poverty,0,4,0,0,0,4,0,2,0,0,0,2,6,0,6,0,0,0
JAMMU & KASHMIR,2002,Professional/Career Problem,0,0,0,0,0,0,0,0,0,0,0,0,0,0,0,0,0,0
JAMMU & KASHMIR,2002,Property Dispute,0,0,0,0,0,0,0,0,0,0,0,0,0,0,0,0,0,0
JAMMU & KASHMIR,2002,Unemployment,3,0,0,0,0,3,0,0,0,0,0,0,3,3,0,0,0,0
JAMMU & KASHMIR,2002,Causes Not known,1,25,18,12,2,58,0,21,2,0,0,23,81,1,46,20,12,2
JAMMU & KASHMIR,2002,Other Causes,0,3,9,0,2,14,0,11,6,1,0,18,32,0,14,15,1,2
JAMMU & KASHMIR,2002,Total,4,38,36,14,4,96,0,61,21,6,0,88,184,4,99,57,20,4
JAMMU & KASHMIR,2002,Total Illness,0,0,0,1,0,1,0,0,0,0,0,0,1,0,0,0,1,0
JAMMU & KASHMIR,2003,Bankruptcy,0,1,0,0,0,1,0,1,0,0,0,1,2,0,2,0,0,0
JAMMU & KASHMIR,2003,Suspected/Illicit Relation,0,1,1,0,0,2,1,0,0,0,0,1,3,1,1,1,0,0
JAMMU & KASHMIR,2003,Cancellation/Non-Settlement of Marriage,0,0,0,0,0,0,0,0,0,0,0,0,0,0,0,0,0,0
JAMMU & KASHMIR,2003,Infertility,0,1,2,1,0,4,0,0,0,1,0,1,5,0,1,2,2,0
JAMMU & KASHMIR,2003,Illness (Aids/STD),0,1,1,1,0,3,0,0,1,1,0,2,5,0,1,2,2,0
JAMMU & KASHMIR,2003,Cancer,0,0,0,0,0,0,0,0,0,0,0,0,0,0,0,0,0,0
JAMMU & KASHMIR,2003,Paralysis,1,1,3,1,1,7,2,0,1,1,2,6,13,3,1,4,2,3
JAMMU & KASHMIR,2003,Insanity/Mental Illness,0,0,0,0,0,0,0,0,0,0,0,0,0,0,0,0,0,0
JAMMU & KASHMIR,2003,Other Prolonged Illness,0,3,0,1,1,5,0,0,0,0,0,0,5,0,3,0,1,1
JAMMU & KASHMIR,2003,Death of Dear Person,0,0,0,0,0,0,0,0,0,0,0,0,0,0,0,0,0,0
JAMMU & KASHMIR,2003,Dowry Dispute,0,0,0,0,0,0,0,12,4,0,0,16,16,0,12,4,0,0
JAMMU & KASHMIR,2003,Divorce,0,0,0,0,0,0,0,0,0,0,0,0,0,0,0,0,0,0
JAMMU & KASHMIR,2003,Drug Abuse/Addiction,0,3,0,1,0,4,0,2,0,0,0,2,6,0,5,0,1,0
JAMMU & KASHMIR,2003,Failure in Examination,0,0,0,0,0,0,0,0,0,0,0,0,0,0,0,0,0,0
JAMMU & KASHMIR,2003,Fall in Social Reputation,0,0,0,0,0,0,0,0,1,0,0,1,1,0,0,1,0,0
JAMMU & KASHMIR,2003,Family Problems,0,7,3,1,1,12,0,8,1,0,0,9,21,0,15,4,1,1
JAMMU & KASHMIR,2003,Ideological Causes/Hero Worshipping,0,0,0,0,0,0,0,0,0,0,0,0,0,0,0,0,0,0
JAMMU & KASHMIR,2003,Illegitimate Pregnancy,0,0,2,0,1,3,0,0,0,0,0,0,3,0,0,2,0,1
JAMMU & KASHMIR,2003,Love Affairs,0,4,0,1,0,5,0,1,0,0,0,1,6,0,5,0,1,0
JAMMU & KASHMIR,2003,"Physical Abuse (Rape,Incest Etc.)",0,0,0,0,0,0,0,0,0,0,0,0,0,0,0,0,0,0
JAMMU & KASHMIR,2003,Poverty,0,0,0,0,0,0,0,0,0,0,0,0,0,0,0,0,0,0
JAMMU & KASHMIR,2003,Professional/Career Problem,0,0,0,0,0,0,0,0,0,0,0,0,0,0,0,0,0,0
JAMMU & KASHMIR,2003,Property Dispute,0,0,0,0,0,0,0,0,0,0,0,0,0,0,0,0,0,0
JAMMU & KASHMIR,2003,Unemployment,0,0,0,0,0,0,0,0,0,0,0,0,0,0,0,0,0,0
JAMMU & KASHMIR,2003,Causes Not known,0,5,4,2,0,11,1,2,4,0,1,8,19,1,7,8,2,1
JAMMU & KASHMIR,2003,Other Causes,0,3,3,0,0,6,1,17,9,0,0,27,33,1,20,12,0,0
JAMMU & KASHMIR,2003,Total,1,30,19,9,4,63,5,43,21,3,3,75,138,6,73,40,12,7
JAMMU & KASHMIR,2003,Total Illness,1,5,4,3,2,15,2,0,2,2,2,8,23,3,5,6,5,4
JAMMU & KASHMIR,2004,Bankruptcy,0,0,0,0,0,0,0,0,0,0,0,0,0,0,0,0,0,0
JAMMU & KASHMIR,2004,Suspected/Illicit Relation,0,0,0,0,0,0,0,0,0,0,0,0,0,0,0,0,0,0
JAMMU & KASHMIR,2004,Cancellation/Non-Settlement of Marriage,0,0,0,0,0,0,0,0,0,0,0,0,0,0,0,0,0,0
JAMMU & KASHMIR,2004,Infertility,0,0,0,0,0,0,0,0,0,0,0,0,0,0,0,0,0,0
JAMMU & KASHMIR,2004,Illness (Aids/STD),0,0,0,0,0,0,0,0,0,0,0,0,0,0,0,0,0,0
JAMMU & KASHMIR,2004,Cancer,0,0,0,0,0,0,0,0,0,0,0,0,0,0,0,0,0,0
JAMMU & KASHMIR,2004,Paralysis,0,0,0,0,0,0,0,0,0,0,0,0,0,0,0,0,0,0
JAMMU & KASHMIR,2004,Insanity/Mental Illness,0,0,0,1,0,1,0,0,0,0,0,0,1,0,0,0,1,0
JAMMU & KASHMIR,2004,Other Prolonged Illness,0,0,0,0,0,0,0,0,0,0,0,0,0,0,0,0,0,0
JAMMU & KASHMIR,2004,Death of Dear Person,0,0,0,0,0,0,0,0,0,0,0,0,0,0,0,0,0,0
JAMMU & KASHMIR,2004,Dowry Dispute,0,0,0,0,0,0,0,5,2,0,0,7,7,0,5,2,0,0
JAMMU & KASHMIR,2004,Divorce,0,0,0,0,0,0,0,0,0,0,0,0,0,0,0,0,0,0
JAMMU & KASHMIR,2004,Drug Abuse/Addiction,0,3,2,0,0,5,0,1,0,0,0,1,6,0,4,2,0,0
JAMMU & KASHMIR,2004,Failure in Examination,0,0,0,0,0,0,0,2,0,0,0,2,2,0,2,0,0,0
JAMMU & KASHMIR,2004,Fall in Social Reputation,0,0,0,0,0,0,0,0,0,0,0,0,0,0,0,0,0,0
JAMMU & KASHMIR,2004,Family Problems,0,3,1,0,0,4,0,6,4,0,0,10,14,0,9,5,0,0
JAMMU & KASHMIR,2004,Ideological Causes/Hero Worshipping,0,0,0,0,0,0,0,0,0,0,0,0,0,0,0,0,0,0
JAMMU & KASHMIR,2004,Illegitimate Pregnancy,0,0,0,0,0,0,0,0,0,0,0,0,0,0,0,0,0,0
JAMMU & KASHMIR,2004,Love Affairs,0,0,0,0,0,0,0,0,2,0,0,2,2,0,0,2,0,0
JAMMU & KASHMIR,2004,"Physical Abuse (Rape,Incest Etc.)",0,0,0,0,0,0,0,0,0,0,0,0,0,0,0,0,0,0
JAMMU & KASHMIR,2004,Poverty,0,0,0,0,0,0,0,0,0,0,0,0,0,0,0,0,0,0
JAMMU & KASHMIR,2004,Professional/Career Problem,0,1,0,0,0,1,0,0,1,0,0,1,2,0,1,1,0,0
JAMMU & KASHMIR,2004,Property Dispute,0,0,0,0,0,0,0,0,0,0,0,0,0,0,0,0,0,0
JAMMU & KASHMIR,2004,Unemployment,0,1,0,0,0,1,0,0,0,0,0,0,1,0,1,0,0,0
JAMMU & KASHMIR,2004,Causes Not known,0,4,1,1,0,6,0,3,9,1,0,13,19,0,7,10,2,0
JAMMU & KASHMIR,2004,Other Causes,0,15,12,6,0,33,0,12,11,2,0,25,58,0,27,23,8,0
JAMMU & KASHMIR,2004,Total,0,27,16,8,0,51,0,29,29,3,0,61,112,0,56,45,11,0
JAMMU & KASHMIR,2004,Total Illness,0,0,0,1,0,1,0,0,0,0,0,0,1,0,0,0,1,0
JAMMU & KASHMIR,2005,Bankruptcy,0,0,0,0,0,0,0,0,0,0,0,0,0,0,0,0,0,0
JAMMU & KASHMIR,2005,Suspected/Illicit Relation,0,7,1,0,0,8,0,2,0,0,0,2,10,0,9,1,0,0
JAMMU & KASHMIR,2005,Cancellation/Non-Settlement of Marriage,0,6,1,0,0,7,0,6,0,0,0,6,13,0,12,1,0,0
JAMMU & KASHMIR,2005,Infertility,0,0,0,0,0,0,0,0,0,0,0,0,0,0,0,0,0,0
JAMMU & KASHMIR,2005,Illness (Aids/STD),0,0,0,0,0,0,0,0,0,0,0,0,0,0,0,0,0,0
JAMMU & KASHMIR,2005,Cancer,0,0,0,0,0,0,0,0,0,0,0,0,0,0,0,0,0,0
JAMMU & KASHMIR,2005,Paralysis,0,0,0,0,0,0,0,0,0,0,0,0,0,0,0,0,0,0
JAMMU & KASHMIR,2005,Insanity/Mental Illness,0,0,0,0,0,0,0,0,0,0,0,0,0,0,0,0,0,0
JAMMU & KASHMIR,2005,Other Prolonged Illness,0,6,1,0,0,7,0,2,0,0,0,2,9,0,8,1,0,0
JAMMU & KASHMIR,2005,Death of Dear Person,0,0,0,0,0,0,0,0,0,0,0,0,0,0,0,0,0,0
JAMMU & KASHMIR,2005,Dowry Dispute,0,0,0,0,0,0,0,4,2,0,0,6,6,0,4,2,0,0
JAMMU & KASHMIR,2005,Divorce,0,0,0,0,0,0,0,3,0,0,0,3,3,0,3,0,0,0
JAMMU & KASHMIR,2005,Drug Abuse/Addiction,1,3,5,0,0,9,1,2,2,1,0,6,15,2,5,7,1,0
JAMMU & KASHMIR,2005,Failure in Examination,0,12,0,0,0,12,0,3,0,0,0,3,15,0,15,0,0,0
JAMMU & KASHMIR,2005,Fall in Social Reputation,0,2,3,0,0,5,0,2,10,0,0,12,17,0,4,13,0,0
JAMMU & KASHMIR,2005,Family Problems,0,3,4,2,0,9,0,6,3,0,0,9,18,0,9,7,2,0
JAMMU & KASHMIR,2005,Ideological Causes/Hero Worshipping,0,0,0,0,0,0,0,0,0,0,0,0,0,0,0,0,0,0
JAMMU & KASHMIR,2005,Illegitimate Pregnancy,0,0,0,0,0,0,0,2,0,0,0,2,2,0,2,0,0,0
JAMMU & KASHMIR,2005,Love Affairs,0,15,0,0,0,15,0,0,0,0,0,0,15,0,15,0,0,0
JAMMU & KASHMIR,2005,"Physical Abuse (Rape,Incest Etc.)",0,0,0,0,0,0,0,0,0,0,0,0,0,0,0,0,0,0
JAMMU & KASHMIR,2005,Poverty,0,0,0,0,0,0,0,0,0,0,0,0,0,0,0,0,0,0
JAMMU & KASHMIR,2005,Professional/Career Problem,0,0,0,0,0,0,0,0,0,0,0,0,0,0,0,0,0,0
JAMMU & KASHMIR,2005,Property Dispute,0,2,2,1,0,5,0,0,0,0,0,0,5,0,2,2,1,0
JAMMU & KASHMIR,2005,Unemployment,0,0,1,0,0,1,0,2,0,0,0,2,3,0,2,1,0,0
JAMMU & KASHMIR,2005,Causes Not known,0,32,14,3,0,49,0,2,3,0,0,5,54,0,34,17,3,0
JAMMU & KASHMIR,2005,Other Causes,2,25,27,11,4,69,3,18,16,0,3,40,109,5,43,43,11,7
JAMMU & KASHMIR,2005,Total,3,113,59,17,4,196,4,54,36,1,3,98,294,7,167,95,18,7
JAMMU & KASHMIR,2005,Total Illness,0,6,1,0,0,7,0,2,0,0,0,2,9,0,8,1,0,0
JAMMU & KASHMIR,2006,Bankruptcy,0,0,0,0,0,0,0,0,0,0,0,0,0,0,0,0,0,0
JAMMU & KASHMIR,2006,Suspected/Illicit Relation,0,5,2,0,0,7,0,2,1,0,0,3,10,0,7,3,0,0
JAMMU & KASHMIR,2006,Cancellation/Non-Settlement of Marriage,0,3,1,0,0,4,0,2,0,0,0,2,6,0,5,1,0,0
JAMMU & KASHMIR,2006,Infertility,0,0,0,0,0,0,0,0,0,0,0,0,0,0,0,0,0,0
JAMMU & KASHMIR,2006,Illness (Aids/STD),0,0,1,1,0,2,0,0,0,0,0,0,2,0,0,1,1,0
JAMMU & KASHMIR,2006,Cancer,0,1,2,2,0,5,0,0,1,0,0,1,6,0,1,3,2,0
JAMMU & KASHMIR,2006,Paralysis,0,1,1,0,0,2,0,0,0,0,0,0,2,0,1,1,0,0
JAMMU & KASHMIR,2006,Insanity/Mental Illness,0,1,1,0,0,2,0,0,0,0,0,0,2,0,1,1,0,0
JAMMU & KASHMIR,2006,Other Prolonged Illness,0,4,4,3,1,12,0,4,2,1,0,7,19,0,8,6,4,1
JAMMU & KASHMIR,2006,Death of Dear Person,0,0,0,0,0,0,0,0,0,0,0,0,0,0,0,0,0,0
JAMMU & KASHMIR,2006,Dowry Dispute,0,1,1,0,0,2,0,6,1,0,0,7,9,0,7,2,0,0
JAMMU & KASHMIR,2006,Divorce,0,1,0,0,0,1,0,0,1,0,0,1,2,0,1,1,0,0
JAMMU & KASHMIR,2006,Drug Abuse/Addiction,0,3,1,1,0,5,0,0,0,0,0,0,5,0,3,1,1,0
JAMMU & KASHMIR,2006,Failure in Examination,0,1,0,0,0,1,0,5,0,0,0,5,6,0,6,0,0,0
JAMMU & KASHMIR,2006,Fall in Social Reputation,0,0,1,0,0,1,0,0,0,0,0,0,1,0,0,1,0,0
JAMMU & KASHMIR,2006,Family Problems,0,6,9,3,1,19,0,7,9,0,0,16,35,0,13,18,3,1
JAMMU & KASHMIR,2006,Ideological Causes/Hero Worshipping,0,0,0,0,0,0,0,0,0,0,0,0,0,0,0,0,0,0
JAMMU & KASHMIR,2006,Illegitimate Pregnancy,0,0,0,0,0,0,0,1,0,0,0,1,1,0,1,0,0,0
JAMMU & KASHMIR,2006,Love Affairs,0,3,0,0,0,3,0,3,0,0,0,3,6,0,6,0,0,0
JAMMU & KASHMIR,2006,"Physical Abuse (Rape,Incest Etc.)",0,0,0,0,0,0,0,0,0,0,0,0,0,0,0,0,0,0
JAMMU & KASHMIR,2006,Poverty,0,0,0,0,0,0,0,0,0,1,0,1,1,0,0,0,1,0
JAMMU & KASHMIR,2006,Professional/Career Problem,0,1,0,0,0,1,0,0,0,0,0,0,1,0,1,0,0,0
JAMMU & KASHMIR,2006,Property Dispute,0,1,1,1,0,3,0,0,1,1,0,2,5,0,1,2,2,0
JAMMU & KASHMIR,2006,Unemployment,0,2,0,0,0,2,0,1,1,0,0,2,4,0,3,1,0,0
JAMMU & KASHMIR,2006,Causes Not known,1,8,13,8,1,31,0,11,7,4,0,22,53,1,19,20,12,1
JAMMU & KASHMIR,2006,Other Causes,0,22,18,6,3,49,0,26,9,2,0,37,86,0,48,27,8,3
JAMMU & KASHMIR,2006,Total,1,64,56,25,6,152,0,68,33,9,0,110,262,1,132,89,34,6
JAMMU & KASHMIR,2006,Total Illness,0,7,9,6,1,23,0,4,3,1,0,8,31,0,11,12,7,1
JAMMU & KASHMIR,2007,Bankruptcy,0,0,0,0,0,0,0,0,0,0,0,0,0,0,0,0,0,0
JAMMU & KASHMIR,2007,Suspected/Illicit Relation,0,0,1,0,0,1,0,0,0,0,0,0,1,0,0,1,0,0
JAMMU & KASHMIR,2007,Cancellation/Non-Settlement of Marriage,0,2,0,0,0,2,0,2,0,0,0,2,4,0,4,0,0,0
JAMMU & KASHMIR,2007,Infertility,0,1,0,2,0,3,0,0,2,0,0,2,5,0,1,2,2,0
JAMMU & KASHMIR,2007,Illness (Aids/STD),0,0,0,0,0,0,0,0,0,0,0,0,0,0,0,0,0,0
JAMMU & KASHMIR,2007,Cancer,0,0,0,0,0,0,0,0,0,0,0,0,0,0,0,0,0,0
JAMMU & KASHMIR,2007,Paralysis,0,0,0,0,0,0,0,0,1,0,0,1,1,0,0,1,0,0
JAMMU & KASHMIR,2007,Insanity/Mental Illness,0,0,0,0,1,1,0,1,1,0,0,2,3,0,1,1,0,1
JAMMU & KASHMIR,2007,Other Prolonged Illness,0,2,1,0,0,3,0,2,1,0,0,3,6,0,4,2,0,0
JAMMU & KASHMIR,2007,Death of Dear Person,0,0,0,1,0,1,0,0,0,0,0,0,1,0,0,0,1,0
JAMMU & KASHMIR,2007,Dowry Dispute,0,0,2,0,0,2,0,3,3,0,0,6,8,0,3,5,0,0
JAMMU & KASHMIR,2007,Divorce,0,0,0,0,0,0,0,0,0,0,0,0,0,0,0,0,0,0
JAMMU & KASHMIR,2007,Drug Abuse/Addiction,0,4,3,0,0,7,0,0,0,0,0,0,7,0,4,3,0,0
JAMMU & KASHMIR,2007,Failure in Examination,0,0,0,0,0,0,0,2,0,0,0,2,2,0,2,0,0,0
JAMMU & KASHMIR,2007,Fall in Social Reputation,0,0,0,0,0,0,0,0,0,0,0,0,0,0,0,0,0,0
JAMMU & KASHMIR,2007,Family Problems,0,8,5,3,0,16,0,10,4,1,0,15,31,0,18,9,4,0
JAMMU & KASHMIR,2007,Ideological Causes/Hero Worshipping,0,0,0,0,0,0,0,0,0,0,0,0,0,0,0,0,0,0
JAMMU & KASHMIR,2007,Illegitimate Pregnancy,0,0,0,0,0,0,0,0,0,0,0,0,0,0,0,0,0,0
JAMMU & KASHMIR,2007,Love Affairs,0,3,0,0,0,3,0,1,0,0,0,1,4,0,4,0,0,0
JAMMU & KASHMIR,2007,"Physical Abuse (Rape,Incest Etc.)",0,2,0,0,0,2,0,1,0,0,0,1,3,0,3,0,0,0
JAMMU & KASHMIR,2007,Poverty,0,2,4,2,0,8,0,1,0,0,1,2,10,0,3,4,2,1
JAMMU & KASHMIR,2007,Professional/Career Problem,0,0,0,0,0,0,0,0,0,0,0,0,0,0,0,0,0,0
JAMMU & KASHMIR,2007,Property Dispute,0,2,1,0,0,3,0,0,0,0,0,0,3,0,2,1,0,0
JAMMU & KASHMIR,2007,Unemployment,0,7,2,1,0,10,0,4,0,0,0,4,14,0,11,2,1,0
JAMMU & KASHMIR,2007,Causes Not known,0,12,16,8,5,41,0,12,5,1,1,19,60,0,24,21,9,6
JAMMU & KASHMIR,2007,Other Causes,0,20,22,6,2,50,0,12,7,2,0,21,71,0,32,29,8,2
JAMMU & KASHMIR,2007,Total,0,65,57,23,8,153,0,51,24,4,2,81,234,0,116,81,27,10
JAMMU & KASHMIR,2007,Total Illness,0,2,1,0,1,4,0,3,3,0,0,6,10,0,5,4,0,1
JAMMU & KASHMIR,2008,Bankruptcy,0,3,3,1,5,12,0,2,1,0,0,3,15,0,5,4,1,5
JAMMU & KASHMIR,2008,Suspected/Illicit Relation,0,0,0,0,1,1,1,3,0,0,0,4,5,1,3,0,0,1
JAMMU & KASHMIR,2008,Cancellation/Non-Settlement of Marriage,0,0,0,0,0,0,0,0,0,0,0,0,0,0,0,0,0,0
JAMMU & KASHMIR,2008,Infertility,0,0,0,0,0,0,0,0,2,0,0,2,2,0,0,2,0,0
JAMMU & KASHMIR,2008,Illness (Aids/STD),0,0,0,0,0,0,0,0,0,0,0,0,0,0,0,0,0,0
JAMMU & KASHMIR,2008,Cancer,0,0,0,0,0,0,0,0,0,0,0,0,0,0,0,0,0,0
JAMMU & KASHMIR,2008,Paralysis,0,0,0,0,0,0,0,0,0,0,0,0,0,0,0,0,0,0
JAMMU & KASHMIR,2008,Insanity/Mental Illness,0,0,0,0,0,0,0,0,0,0,0,0,0,0,0,0,0,0
JAMMU & KASHMIR,2008,Other Prolonged Illness,0,1,4,4,1,10,0,5,6,0,0,11,21,0,6,10,4,1
JAMMU & KASHMIR,2008,Death of Dear Person,0,0,0,0,0,0,0,2,0,0,0,2,2,0,2,0,0,0
JAMMU & KASHMIR,2008,Dowry Dispute,0,0,0,0,0,0,0,5,2,0,0,7,7,0,5,2,0,0
JAMMU & KASHMIR,2008,Divorce,0,0,0,0,0,0,0,0,0,0,0,0,0,0,0,0,0,0
JAMMU & KASHMIR,2008,Drug Abuse/Addiction,0,0,0,0,0,0,0,0,0,0,0,0,0,0,0,0,0,0
JAMMU & KASHMIR,2008,Failure in Examination,0,4,0,0,0,4,0,0,1,0,0,1,5,0,4,1,0,0
JAMMU & KASHMIR,2008,Fall in Social Reputation,0,0,1,0,1,2,0,0,3,0,0,3,5,0,0,4,0,1
JAMMU & KASHMIR,2008,Family Problems,0,6,3,3,1,13,0,18,10,0,0,28,41,0,24,13,3,1
JAMMU & KASHMIR,2008,Ideological Causes/Hero Worshipping,0,0,0,0,0,0,0,0,0,0,0,0,0,0,0,0,0,0
JAMMU & KASHMIR,2008,Illegitimate Pregnancy,0,0,0,0,0,0,0,0,0,0,0,0,0,0,0,0,0,0
JAMMU & KASHMIR,2008,Love Affairs,0,6,0,0,0,6,0,2,1,0,0,3,9,0,8,1,0,0
JAMMU & KASHMIR,2008,"Physical Abuse (Rape,Incest Etc.)",0,0,0,0,0,0,0,0,0,0,0,0,0,0,0,0,0,0
JAMMU & KASHMIR,2008,Poverty,0,0,0,0,0,0,0,1,0,0,0,1,1,0,1,0,0,0
JAMMU & KASHMIR,2008,Professional/Career Problem,0,0,0,0,0,0,0,0,0,0,0,0,0,0,0,0,0,0
JAMMU & KASHMIR,2008,Property Dispute,0,0,0,0,0,0,0,0,0,0,0,0,0,0,0,0,0,0
JAMMU & KASHMIR,2008,Unemployment,0,1,3,2,0,6,0,0,0,0,0,0,6,0,1,3,2,0
JAMMU & KASHMIR,2008,Causes Not known,1,17,30,24,5,77,0,7,7,1,0,15,92,1,24,37,25,5
JAMMU & KASHMIR,2008,Other Causes,0,18,19,7,2,46,0,35,18,0,0,53,99,0,53,37,7,2
JAMMU & KASHMIR,2008,Total,1,56,63,41,16,177,1,80,51,1,0,133,310,2,136,114,42,16
JAMMU & KASHMIR,2008,Total Illness,0,1,4,4,1,10,0,5,6,0,0,11,21,0,6,10,4,1
JAMMU & KASHMIR,2009,Bankruptcy,0,0,2,0,0,2,0,0,0,0,0,0,2,0,0,2,0,0
JAMMU & KASHMIR,2009,Suspected/Illicit Relation,0,2,0,0,0,2,0,1,1,0,0,2,4,0,3,1,0,0
JAMMU & KASHMIR,2009,Cancellation/Non-Settlement of Marriage,0,1,2,0,0,3,0,2,1,0,0,3,6,0,3,3,0,0
JAMMU & KASHMIR,2009,Infertility,0,0,0,0,0,0,0,0,0,0,0,0,0,0,0,0,0,0
JAMMU & KASHMIR,2009,Illness (Aids/STD),0,0,1,1,0,2,0,0,1,0,0,1,3,0,0,2,1,0
JAMMU & KASHMIR,2009,Cancer,0,0,0,1,0,1,0,1,0,2,0,3,4,0,1,0,3,0
JAMMU & KASHMIR,2009,Paralysis,0,0,0,1,1,2,0,0,1,1,2,4,6,0,0,1,2,3
JAMMU & KASHMIR,2009,Insanity/Mental Illness,0,0,6,2,0,8,0,0,1,1,0,2,10,0,0,7,3,0
JAMMU & KASHMIR,2009,Other Prolonged Illness,0,3,8,12,12,35,0,2,4,1,2,9,44,0,5,12,13,14
JAMMU & KASHMIR,2009,Death of Dear Person,0,0,0,0,0,0,0,0,1,0,0,1,1,0,0,1,0,0
JAMMU & KASHMIR,2009,Dowry Dispute,0,0,0,0,0,0,0,2,2,0,0,4,4,0,2,2,0,0
JAMMU & KASHMIR,2009,Divorce,0,0,0,0,0,0,0,2,2,0,0,4,4,0,2,2,0,0
JAMMU & KASHMIR,2009,Drug Abuse/Addiction,0,0,11,6,3,20,0,0,0,0,0,0,20,0,0,11,6,3
JAMMU & KASHMIR,2009,Failure in Examination,0,3,2,0,0,5,0,4,3,0,0,7,12,0,7,5,0,0
JAMMU & KASHMIR,2009,Fall in Social Reputation,0,0,1,0,0,1,0,1,1,1,0,3,4,0,1,2,1,0
JAMMU & KASHMIR,2009,Family Problems,0,11,7,1,0,19,0,22,12,2,1,37,56,0,33,19,3,1
JAMMU & KASHMIR,2009,Ideological Causes/Hero Worshipping,0,1,1,0,0,2,0,0,0,0,0,0,2,0,1,1,0,0
JAMMU & KASHMIR,2009,Illegitimate Pregnancy,0,0,0,0,0,0,0,2,1,0,0,3,3,0,2,1,0,0
JAMMU & KASHMIR,2009,Love Affairs,0,3,1,0,0,4,0,10,1,0,0,11,15,0,13,2,0,0
JAMMU & KASHMIR,2009,"Physical Abuse (Rape,Incest Etc.)",0,0,0,0,0,0,0,0,1,0,0,1,1,0,0,1,0,0
JAMMU & KASHMIR,2009,Poverty,0,0,0,3,0,3,0,0,1,2,1,4,7,0,0,1,5,1
JAMMU & KASHMIR,2009,Professional/Career Problem,0,0,1,0,0,1,0,0,1,0,0,1,2,0,0,2,0,0
JAMMU & KASHMIR,2009,Property Dispute,0,0,0,0,0,0,0,0,0,0,0,0,0,0,0,0,0,0
JAMMU & KASHMIR,2009,Unemployment,0,3,2,1,0,6,0,0,2,0,0,2,8,0,3,4,1,0
JAMMU & KASHMIR,2009,Causes Not known,0,2,14,3,0,19,2,16,8,0,0,26,45,2,18,22,3,0
JAMMU & KASHMIR,2009,Other Causes,0,15,15,3,0,33,0,16,9,0,0,25,58,0,31,24,3,0
JAMMU & KASHMIR,2009,Total,0,44,74,34,16,168,2,81,54,10,6,153,321,2,125,128,44,22
JAMMU & KASHMIR,2009,Total Illness,0,3,15,17,13,48,0,3,7,5,4,19,67,0,6,22,22,17
JAMMU & KASHMIR,2010,Bankruptcy,0,0,1,0,0,1,0,0,0,0,0,0,1,0,0,1,0,0
JAMMU & KASHMIR,2010,Suspected/Illicit Relation,0,1,0,0,0,1,0,1,0,0,0,1,2,0,2,0,0,0
JAMMU & KASHMIR,2010,Cancellation/Non-Settlement of Marriage,0,2,2,0,0,4,0,2,2,0,0,4,8,0,4,4,0,0
JAMMU & KASHMIR,2010,Infertility,0,0,0,1,0,1,0,0,1,0,0,1,2,0,0,1,1,0
JAMMU & KASHMIR,2010,Illness (Aids/STD),0,0,0,0,0,0,0,0,0,1,0,1,1,0,0,0,1,0
JAMMU & KASHMIR,2010,Cancer,0,0,0,0,0,0,0,0,0,0,0,0,0,0,0,0,0,0
JAMMU & KASHMIR,2010,Paralysis,0,0,0,0,0,0,0,0,0,0,0,0,0,0,0,0,0,0
JAMMU & KASHMIR,2010,Insanity/Mental Illness,0,2,1,0,0,3,0,2,0,1,0,3,6,0,4,1,1,0
JAMMU & KASHMIR,2010,Other Prolonged Illness,0,1,2,2,1,6,0,1,1,0,0,2,8,0,2,3,2,1
JAMMU & KASHMIR,2010,Death of Dear Person,0,0,0,0,0,0,0,0,0,0,0,0,0,0,0,0,0,0
JAMMU & KASHMIR,2010,Dowry Dispute,0,1,1,1,0,3,0,2,2,0,0,4,7,0,3,3,1,0
JAMMU & KASHMIR,2010,Divorce,0,0,0,0,0,0,0,1,0,0,0,1,1,0,1,0,0,0
JAMMU & KASHMIR,2010,Drug Abuse/Addiction,0,1,3,1,1,6,0,0,0,0,0,0,6,0,1,3,1,1
JAMMU & KASHMIR,2010,Failure in Examination,0,2,1,0,0,3,0,5,0,0,0,5,8,0,7,1,0,0
JAMMU & KASHMIR,2010,Fall in Social Reputation,0,0,1,0,0,1,0,1,0,0,0,1,2,0,1,1,0,0
JAMMU & KASHMIR,2010,Family Problems,0,6,4,2,1,13,0,13,13,4,0,30,43,0,19,17,6,1
JAMMU & KASHMIR,2010,Ideological Causes/Hero Worshipping,0,0,0,0,0,0,0,0,0,0,0,0,0,0,0,0,0,0
JAMMU & KASHMIR,2010,Illegitimate Pregnancy,0,0,0,0,0,0,1,3,0,0,0,4,4,1,3,0,0,0
JAMMU & KASHMIR,2010,Love Affairs,0,3,1,0,0,4,1,3,1,0,0,5,9,1,6,2,0,0
JAMMU & KASHMIR,2010,"Physical Abuse (Rape,Incest Etc.)",0,0,0,0,0,0,0,0,0,0,0,0,0,0,0,0,0,0
JAMMU & KASHMIR,2010,Poverty,0,0,1,0,1,2,0,0,1,0,0,1,3,0,0,2,0,1
JAMMU & KASHMIR,2010,Professional/Career Problem,0,0,0,0,0,0,0,0,0,0,0,0,0,0,0,0,0,0
JAMMU & KASHMIR,2010,Property Dispute,0,1,2,1,0,4,0,0,0,0,0,0,4,0,1,2,1,0
JAMMU & KASHMIR,2010,Unemployment,0,1,2,0,0,3,0,0,0,0,0,0,3,0,1,2,0,0
JAMMU & KASHMIR,2010,Causes Not known,0,9,6,11,1,27,0,22,7,0,0,29,56,0,31,13,11,1
JAMMU & KASHMIR,2010,Other Causes,3,16,12,7,2,40,1,30,11,2,1,45,85,4,46,23,9,3
JAMMU & KASHMIR,2010,Total,3,46,40,26,7,122,3,86,39,8,1,137,259,6,132,79,34,8
JAMMU & KASHMIR,2010,Total Illness,0,3,3,2,1,9,0,3,1,2,0,6,15,0,6,4,4,1
JAMMU & KASHMIR,2011,Bankruptcy,0,0,1,1,0,2,0,0,0,0,0,0,2,0,0,1,1,0
JAMMU & KASHMIR,2011,Suspected/Illicit Relation,0,1,0,1,0,2,0,1,0,0,0,1,3,0,2,0,1,0
JAMMU & KASHMIR,2011,Cancellation/Non-Settlement of Marriage,0,1,1,0,0,2,0,0,0,0,0,0,2,0,1,1,0,0
JAMMU & KASHMIR,2011,Infertility,0,0,1,2,0,3,0,0,1,0,0,1,4,0,0,2,2,0
JAMMU & KASHMIR,2011,Illness (Aids/STD),0,0,0,0,0,0,0,0,0,0,0,0,0,0,0,0,0,0
JAMMU & KASHMIR,2011,Cancer,0,0,0,0,1,1,0,0,0,0,0,0,1,0,0,0,0,1
JAMMU & KASHMIR,2011,Paralysis,0,0,0,1,1,2,0,0,0,1,0,1,3,0,0,0,2,1
JAMMU & KASHMIR,2011,Insanity/Mental Illness,0,0,3,2,0,5,0,1,0,0,0,1,6,0,1,3,2,0
JAMMU & KASHMIR,2011,Other Prolonged Illness,0,1,2,3,1,7,0,0,1,0,0,1,8,0,1,3,3,1
JAMMU & KASHMIR,2011,Death of Dear Person,0,0,0,0,0,0,0,0,0,0,0,0,0,0,0,0,0,0
JAMMU & KASHMIR,2011,Dowry Dispute,0,0,0,0,0,0,0,1,3,0,0,4,4,0,1,3,0,0
JAMMU & KASHMIR,2011,Divorce,0,0,0,0,0,0,0,1,1,0,0,2,2,0,1,1,0,0
JAMMU & KASHMIR,2011,Drug Abuse/Addiction,0,1,5,4,1,11,0,1,0,0,0,1,12,0,2,5,4,1
JAMMU & KASHMIR,2011,Failure in Examination,1,2,0,0,0,3,0,2,0,0,0,2,5,1,4,0,0,0
JAMMU & KASHMIR,2011,Fall in Social Reputation,0,2,2,2,0,6,0,0,1,0,0,1,7,0,2,3,2,0
JAMMU & KASHMIR,2011,Family Problems,0,2,10,5,1,18,1,15,8,5,1,30,48,1,17,18,10,2
JAMMU & KASHMIR,2011,Ideological Causes/Hero Worshipping,0,0,0,0,0,0,0,0,0,0,0,0,0,0,0,0,0,0
JAMMU & KASHMIR,2011,Illegitimate Pregnancy,0,0,0,0,0,0,0,0,0,0,0,0,0,0,0,0,0,0
JAMMU & KASHMIR,2011,Love Affairs,0,2,4,0,0,6,0,19,1,0,0,20,26,0,21,5,0,0
JAMMU & KASHMIR,2011,"Physical Abuse (Rape,Incest Etc.)",0,0,0,0,0,0,0,2,0,0,0,2,2,0,2,0,0,0
JAMMU & KASHMIR,2011,Poverty,0,0,2,1,0,3,0,0,0,0,0,0,3,0,0,2,1,0
JAMMU & KASHMIR,2011,Professional/Career Problem,0,1,1,0,0,2,0,0,0,0,0,0,2,0,1,1,0,0
JAMMU & KASHMIR,2011,Property Dispute,0,0,2,2,0,4,0,0,1,1,0,2,6,0,0,3,3,0
JAMMU & KASHMIR,2011,Unemployment,0,2,2,0,0,4,0,0,0,0,0,0,4,0,2,2,0,0
JAMMU & KASHMIR,2011,Causes Not known,2,16,9,6,2,35,3,20,4,3,0,30,65,5,36,13,9,2
JAMMU & KASHMIR,2011,Other Causes,1,9,8,9,1,28,1,24,18,1,0,44,72,2,33,26,10,1
JAMMU & KASHMIR,2011,Total,4,40,53,39,8,144,5,87,39,11,1,143,287,9,127,92,50,9
JAMMU & KASHMIR,2011,Total Illness,0,1,5,6,3,15,0,1,1,1,0,3,18,0,2,6,7,3
JAMMU & KASHMIR,2012,Bankruptcy,0,0,0,0,0,0,0,0,0,0,24,24,24,0,0,0,0,24
JAMMU & KASHMIR,2012,Suspected/Illicit Relation,0,1,2,0,0,3,0,1,1,0,0,2,5,0,2,3,0,0
JAMMU & KASHMIR,2012,Cancellation/Non-Settlement of Marriage,0,2,2,0,0,4,0,2,2,0,0,4,8,0,4,4,0,0
JAMMU & KASHMIR,2012,Infertility,0,0,1,1,0,2,0,0,1,1,0,2,4,0,0,2,2,0
JAMMU & KASHMIR,2012,Illness (Aids/STD),0,0,0,0,2,2,0,0,0,0,0,0,2,0,0,0,0,2
JAMMU & KASHMIR,2012,Cancer,0,0,2,3,4,9,0,1,2,2,0,5,14,0,1,4,5,4
JAMMU & KASHMIR,2012,Paralysis,0,0,0,0,0,0,0,0,0,1,2,3,3,0,0,0,1,2
JAMMU & KASHMIR,2012,Insanity/Mental Illness,0,1,1,0,0,2,0,3,0,0,0,3,5,0,4,1,0,0
JAMMU & KASHMIR,2012,Other Prolonged Illness,0,1,5,5,5,16,0,0,1,2,3,6,22,0,1,6,7,8
JAMMU & KASHMIR,2012,Death of Dear Person,0,0,0,0,0,0,0,0,1,0,0,1,1,0,0,1,0,0
JAMMU & KASHMIR,2012,Dowry Dispute,0,0,0,0,0,0,0,1,2,0,0,3,3,0,1,2,0,0
JAMMU & KASHMIR,2012,Divorce,0,0,0,0,0,0,0,2,1,1,0,4,4,0,2,1,1,0
JAMMU & KASHMIR,2012,Drug Abuse/Addiction,0,1,2,1,0,4,0,0,0,0,0,0,4,0,1,2,1,0
JAMMU & KASHMIR,2012,Failure in Examination,0,4,0,0,0,4,0,7,0,0,0,7,11,0,11,0,0,0
JAMMU & KASHMIR,2012,Fall in Social Reputation,0,0,1,2,0,3,0,0,0,1,1,2,5,0,0,1,3,1
JAMMU & KASHMIR,2012,Family Problems,1,5,11,1,0,18,0,13,15,2,0,30,48,1,18,26,3,0
JAMMU & KASHMIR,2012,Ideological Causes/Hero Worshipping,0,0,0,0,0,0,0,0,0,0,0,0,0,0,0,0,0,0
JAMMU & KASHMIR,2012,Illegitimate Pregnancy,0,0,0,0,0,0,0,4,1,0,0,5,5,0,4,1,0,0
JAMMU & KASHMIR,2012,Love Affairs,0,9,1,0,0,10,1,14,0,0,0,15,25,1,23,1,0,0
JAMMU & KASHMIR,2012,"Physical Abuse (Rape,Incest Etc.)",0,0,0,0,0,0,0,0,0,0,0,0,0,0,0,0,0,0
JAMMU & KASHMIR,2012,Poverty,0,0,1,1,0,2,0,0,2,0,0,2,4,0,0,3,1,0
JAMMU & KASHMIR,2012,Professional/Career Problem,0,0,1,2,0,3,0,2,0,0,0,2,5,0,2,1,2,0
JAMMU & KASHMIR,2012,Property Dispute,0,0,1,2,0,3,0,1,0,1,0,2,5,0,1,1,3,0
JAMMU & KASHMIR,2012,Unemployment,0,0,4,0,0,4,0,2,1,0,0,3,7,0,2,5,0,0
JAMMU & KASHMIR,2012,Causes Not known,0,26,22,12,7,67,0,35,22,5,1,63,130,0,61,44,17,8
JAMMU & KASHMIR,2012,Other Causes,1,6,17,10,2,36,1,13,16,3,1,34,70,2,19,33,13,3
JAMMU & KASHMIR,2012,Total,2,56,74,40,20,192,2,101,68,19,32,222,414,4,157,142,59,52
JAMMU & KASHMIR,2012,Total Illness,0,2,8,8,11,29,0,4,3,5,5,17,46,0,6,11,13,16
JHARKHAND,2001,Bankruptcy,0,0,17,5,0,22,0,0,0,0,0,0,22,0,0,17,5,0
JHARKHAND,2001,Suspected/Illicit Relation,0,0,0,0,0,0,0,0,0,0,0,0,0,0,0,0,0,0
JHARKHAND,2001,Cancellation/Non-Settlement of Marriage,0,0,0,0,0,0,0,0,0,0,0,0,0,0,0,0,0,0
JHARKHAND,2001,Infertility,0,0,0,0,0,0,0,0,0,0,0,0,0,0,0,0,0,0
JHARKHAND,2001,Illness (Aids/STD),0,0,0,0,0,0,0,0,0,0,0,0,0,0,0,0,0,0
JHARKHAND,2001,Cancer,0,0,0,0,0,0,0,0,0,0,0,0,0,0,0,0,0,0
JHARKHAND,2001,Paralysis,0,0,0,0,0,0,0,0,0,0,0,0,0,0,0,0,0,0
JHARKHAND,2001,Insanity/Mental Illness,0,0,0,0,0,0,0,0,0,0,0,0,0,0,0,0,0,0
JHARKHAND,2001,Other Prolonged Illness,0,0,0,0,0,0,0,0,0,0,0,0,0,0,0,0,0,0
JHARKHAND,2001,Death of Dear Person,0,0,3,0,0,3,0,0,0,8,0,8,11,0,0,3,8,0
JHARKHAND,2001,Dowry Dispute,0,0,0,0,0,0,0,0,0,0,0,0,0,0,0,0,0,0
JHARKHAND,2001,Divorce,0,0,0,0,0,0,0,9,0,0,0,9,9,0,9,0,0,0
JHARKHAND,2001,Drug Abuse/Addiction,0,0,0,0,0,0,0,0,0,0,0,0,0,0,0,0,0,0
JHARKHAND,2001,Failure in Examination,3,3,0,0,0,6,1,1,0,0,0,2,8,4,4,0,0,0
JHARKHAND,2001,Fall in Social Reputation,0,0,3,0,0,3,0,0,2,0,0,2,5,0,0,5,0,0
JHARKHAND,2001,Family Problems,0,0,0,1,0,1,0,0,21,0,0,21,22,0,0,21,1,0
JHARKHAND,2001,Ideological Causes/Hero Worshipping,0,0,0,0,0,0,0,0,0,0,0,0,0,0,0,0,0,0
JHARKHAND,2001,Illegitimate Pregnancy,0,0,0,0,0,0,0,0,0,0,0,0,0,0,0,0,0,0
JHARKHAND,2001,Love Affairs,0,0,0,0,0,0,0,20,0,0,0,20,20,0,20,0,0,0
JHARKHAND,2001,"Physical Abuse (Rape,Incest Etc.)",0,0,0,0,0,0,0,0,0,0,0,0,0,0,0,0,0,0
JHARKHAND,2001,Poverty,0,5,0,0,0,5,0,0,2,0,0,2,7,0,5,2,0,0
JHARKHAND,2001,Professional/Career Problem,0,3,2,1,0,6,0,0,0,0,0,0,6,0,3,2,1,0
JHARKHAND,2001,Property Dispute,0,0,1,0,0,1,0,0,0,0,0,0,1,0,0,1,0,0
JHARKHAND,2001,Unemployment,0,9,7,1,1,18,0,1,0,0,0,1,19,0,10,7,1,1
JHARKHAND,2001,Causes Not known,0,7,11,7,0,25,1,7,0,2,0,10,35,1,14,11,9,0
JHARKHAND,2001,Other Causes,1,18,12,11,9,51,3,12,6,13,0,34,85,4,30,18,24,9
JHARKHAND,2001,Total,4,45,56,26,10,141,5,50,31,23,0,109,250,9,95,87,49,10
JHARKHAND,2001,Total Illness,0,0,0,0,0,0,0,0,0,0,0,0,0,0,0,0,0,0
JHARKHAND,2002,Bankruptcy,0,0,15,6,0,21,0,0,0,0,0,0,21,0,0,15,6,0
JHARKHAND,2002,Suspected/Illicit Relation,0,0,0,0,0,0,0,0,0,0,0,0,0,0,0,0,0,0
JHARKHAND,2002,Cancellation/Non-Settlement of Marriage,0,0,0,0,0,0,0,0,0,0,0,0,0,0,0,0,0,0
JHARKHAND,2002,Infertility,0,0,0,0,0,0,0,0,0,0,0,0,0,0,0,0,0,0
JHARKHAND,2002,Illness (Aids/STD),0,0,0,0,0,0,0,0,0,0,0,0,0,0,0,0,0,0
JHARKHAND,2002,Cancer,0,0,0,0,0,0,0,0,0,0,0,0,0,0,0,0,0,0
JHARKHAND,2002,Paralysis,0,0,0,0,0,0,0,0,0,0,0,0,0,0,0,0,0,0
JHARKHAND,2002,Insanity/Mental Illness,0,0,0,0,0,0,0,0,0,0,0,0,0,0,0,0,0,0
JHARKHAND,2002,Other Prolonged Illness,0,0,0,0,0,0,0,0,0,0,0,0,0,0,0,0,0,0
JHARKHAND,2002,Death of Dear Person,0,0,2,0,0,2,0,0,0,9,0,9,11,0,0,2,9,0
JHARKHAND,2002,Dowry Dispute,0,0,0,0,0,0,0,0,0,0,0,0,0,0,0,0,0,0
JHARKHAND,2002,Divorce,0,0,0,0,0,0,0,10,0,0,0,10,10,0,10,0,0,0
JHARKHAND,2002,Drug Abuse/Addiction,0,0,0,0,0,0,0,0,0,0,0,0,0,0,0,0,0,0
JHARKHAND,2002,Failure in Examination,5,4,0,0,0,9,1,2,0,0,0,3,12,6,6,0,0,0
JHARKHAND,2002,Fall in Social Reputation,0,0,2,0,0,2,0,0,4,0,0,4,6,0,0,6,0,0
JHARKHAND,2002,Family Problems,0,0,0,3,0,3,0,4,20,1,0,25,28,0,4,20,4,0
JHARKHAND,2002,Ideological Causes/Hero Worshipping,0,0,0,0,0,0,0,0,0,0,0,0,0,0,0,0,0,0
JHARKHAND,2002,Illegitimate Pregnancy,0,0,0,0,0,0,0,0,0,0,0,0,0,0,0,0,0,0
JHARKHAND,2002,Love Affairs,0,0,0,0,0,0,0,18,2,0,0,20,20,0,18,2,0,0
JHARKHAND,2002,"Physical Abuse (Rape,Incest Etc.)",0,0,0,0,0,0,0,0,0,0,0,0,0,0,0,0,0,0
JHARKHAND,2002,Poverty,0,3,0,0,0,3,0,0,3,1,0,4,7,0,3,3,1,0
JHARKHAND,2002,Professional/Career Problem,0,2,3,2,0,7,0,0,0,0,0,0,7,0,2,3,2,0
JHARKHAND,2002,Property Dispute,0,0,1,0,0,1,0,0,0,0,0,0,1,0,0,1,0,0
JHARKHAND,2002,Unemployment,0,10,8,2,1,21,0,1,0,1,0,2,23,0,11,8,3,1
JHARKHAND,2002,Causes Not known,2,6,10,11,0,29,1,2,6,4,0,13,42,3,8,16,15,0
JHARKHAND,2002,Other Causes,2,20,11,12,10,55,2,10,5,12,0,29,84,4,30,16,24,10
JHARKHAND,2002,Total,9,45,52,36,11,153,4,47,40,28,0,119,272,13,92,92,64,11
JHARKHAND,2002,Total Illness,0,0,0,0,0,0,0,0,0,0,0,0,0,0,0,0,0,0
JHARKHAND,2003,Bankruptcy,0,0,15,6,0,21,0,0,0,0,0,0,21,0,0,15,6,0
JHARKHAND,2003,Suspected/Illicit Relation,0,0,0,0,0,0,0,0,0,0,0,0,0,0,0,0,0,0
JHARKHAND,2003,Cancellation/Non-Settlement of Marriage,0,0,0,0,0,0,0,0,0,0,0,0,0,0,0,0,0,0
JHARKHAND,2003,Infertility,0,0,0,0,0,0,0,0,0,0,0,0,0,0,0,0,0,0
JHARKHAND,2003,Illness (Aids/STD),0,0,0,0,0,0,0,0,0,0,0,0,0,0,0,0,0,0
JHARKHAND,2003,Cancer,0,0,0,0,0,0,0,0,0,0,0,0,0,0,0,0,0,0
JHARKHAND,2003,Paralysis,0,0,0,0,0,0,0,0,0,0,0,0,0,0,0,0,0,0
JHARKHAND,2003,Insanity/Mental Illness,0,0,0,0,0,0,0,0,0,0,0,0,0,0,0,0,0,0
JHARKHAND,2003,Other Prolonged Illness,0,0,0,0,0,0,0,0,0,0,0,0,0,0,0,0,0,0
JHARKHAND,2003,Death of Dear Person,0,0,2,0,0,2,0,0,0,9,0,9,11,0,0,2,9,0
JHARKHAND,2003,Dowry Dispute,0,0,0,0,0,0,0,0,0,0,0,0,0,0,0,0,0,0
JHARKHAND,2003,Divorce,0,0,0,0,0,0,0,10,0,0,0,10,10,0,10,0,0,0
JHARKHAND,2003,Drug Abuse/Addiction,0,0,0,0,0,0,0,0,0,0,0,0,0,0,0,0,0,0
JHARKHAND,2003,Failure in Examination,5,4,0,0,0,9,1,2,0,0,0,3,12,6,6,0,0,0
JHARKHAND,2003,Fall in Social Reputation,0,0,2,0,0,2,0,0,4,0,0,4,6,0,0,6,0,0
JHARKHAND,2003,Family Problems,0,0,0,3,0,3,0,4,20,1,0,25,28,0,4,20,4,0
JHARKHAND,2003,Ideological Causes/Hero Worshipping,0,0,0,0,0,0,0,0,0,0,0,0,0,0,0,0,0,0
JHARKHAND,2003,Illegitimate Pregnancy,0,0,0,0,0,0,0,0,0,0,0,0,0,0,0,0,0,0
JHARKHAND,2003,Love Affairs,0,0,0,0,0,0,0,18,2,0,0,20,20,0,18,2,0,0
JHARKHAND,2003,"Physical Abuse (Rape,Incest Etc.)",0,0,0,0,0,0,0,0,0,0,0,0,0,0,0,0,0,0
JHARKHAND,2003,Poverty,0,3,0,0,0,3,0,0,3,1,0,4,7,0,3,3,1,0
JHARKHAND,2003,Professional/Career Problem,0,2,3,2,0,7,0,0,0,0,0,0,7,0,2,3,2,0
JHARKHAND,2003,Property Dispute,0,0,1,0,0,1,0,0,0,0,0,0,1,0,0,1,0,0
JHARKHAND,2003,Unemployment,0,10,8,2,1,21,0,1,0,1,0,2,23,0,11,8,3,1
JHARKHAND,2003,Causes Not known,2,6,10,11,0,29,1,2,6,4,0,13,42,3,8,16,15,0
JHARKHAND,2003,Other Causes,2,20,11,12,10,55,2,10,5,12,0,29,84,4,30,16,24,10
JHARKHAND,2003,Total,9,45,52,36,11,153,4,47,40,28,0,119,272,13,92,92,64,11
JHARKHAND,2003,Total Illness,0,0,0,0,0,0,0,0,0,0,0,0,0,0,0,0,0,0
JHARKHAND,2004,Bankruptcy,0,0,19,7,0,26,0,0,0,0,0,0,26,0,0,19,7,0
JHARKHAND,2004,Suspected/Illicit Relation,0,3,3,2,0,8,0,2,2,4,0,8,16,0,5,5,6,0
JHARKHAND,2004,Cancellation/Non-Settlement of Marriage,0,0,0,0,0,0,0,1,2,0,0,3,3,0,1,2,0,0
JHARKHAND,2004,Infertility,0,0,0,0,0,0,0,1,1,0,0,2,2,0,1,1,0,0
JHARKHAND,2004,Illness (Aids/STD),0,0,0,0,0,0,0,0,0,0,0,0,0,0,0,0,0,0
JHARKHAND,2004,Cancer,0,0,0,0,0,0,0,0,0,0,0,0,0,0,0,0,0,0
JHARKHAND,2004,Paralysis,0,0,0,1,0,1,0,0,0,0,0,0,1,0,0,0,1,0
JHARKHAND,2004,Insanity/Mental Illness,0,0,1,0,0,1,0,0,0,0,0,0,1,0,0,1,0,0
JHARKHAND,2004,Other Prolonged Illness,0,0,0,0,0,0,0,0,0,0,0,0,0,0,0,0,0,0
JHARKHAND,2004,Death of Dear Person,0,0,2,0,0,2,0,0,0,9,0,9,11,0,0,2,9,0
JHARKHAND,2004,Dowry Dispute,0,0,0,0,0,0,0,0,2,0,0,2,2,0,0,2,0,0
JHARKHAND,2004,Divorce,0,0,2,1,0,3,0,10,1,1,0,12,15,0,10,3,2,0
JHARKHAND,2004,Drug Abuse/Addiction,0,2,4,1,0,7,0,0,0,1,0,1,8,0,2,4,2,0
JHARKHAND,2004,Failure in Examination,5,6,0,0,0,11,1,5,0,0,0,6,17,6,11,0,0,0
JHARKHAND,2004,Fall in Social Reputation,0,0,2,2,0,4,0,0,4,0,0,4,8,0,0,6,2,0
JHARKHAND,2004,Family Problems,0,6,6,18,0,30,0,11,32,10,0,53,83,0,17,38,28,0
JHARKHAND,2004,Ideological Causes/Hero Worshipping,0,0,0,0,0,0,0,0,0,0,0,0,0,0,0,0,0,0
JHARKHAND,2004,Illegitimate Pregnancy,0,0,0,0,0,0,0,0,0,0,0,0,0,0,0,0,0,0
JHARKHAND,2004,Love Affairs,0,5,3,2,0,10,0,20,10,2,0,32,42,0,25,13,4,0
JHARKHAND,2004,"Physical Abuse (Rape,Incest Etc.)",0,0,0,0,0,0,0,0,0,0,0,0,0,0,0,0,0,0
JHARKHAND,2004,Poverty,0,3,2,0,0,5,0,0,3,1,0,4,9,0,3,5,1,0
JHARKHAND,2004,Professional/Career Problem,0,4,5,2,0,11,0,0,1,0,0,1,12,0,4,6,2,0
JHARKHAND,2004,Property Dispute,0,0,1,0,0,1,0,0,0,0,0,0,1,0,0,1,0,0
JHARKHAND,2004,Unemployment,0,13,9,2,1,25,0,2,1,1,0,4,29,0,15,10,3,1
JHARKHAND,2004,Causes Not known,2,8,10,11,0,31,1,3,6,4,0,14,45,3,11,16,15,0
JHARKHAND,2004,Other Causes,2,22,11,12,10,57,2,10,5,12,0,29,86,4,32,16,24,10
JHARKHAND,2004,Total,9,72,80,61,11,233,4,65,70,45,0,184,417,13,137,150,106,11
JHARKHAND,2004,Total Illness,0,0,1,1,0,2,0,0,0,0,0,0,2,0,0,1,1,0
JHARKHAND,2005,Bankruptcy,0,3,8,8,1,20,0,1,5,3,0,9,29,0,4,13,11,1
JHARKHAND,2005,Suspected/Illicit Relation,0,4,6,6,0,16,0,4,8,2,0,14,30,0,8,14,8,0
JHARKHAND,2005,Cancellation/Non-Settlement of Marriage,0,3,0,0,0,3,0,3,1,0,0,4,7,0,6,1,0,0
JHARKHAND,2005,Infertility,0,0,0,0,0,0,0,0,1,0,0,1,1,0,0,1,0,0
JHARKHAND,2005,Illness (Aids/STD),1,0,13,1,0,15,0,0,9,2,0,11,26,1,0,22,3,0
JHARKHAND,2005,Cancer,0,0,0,0,0,0,0,0,0,0,0,0,0,0,0,0,0,0
JHARKHAND,2005,Paralysis,0,0,0,1,0,1,0,0,0,1,0,1,2,0,0,0,2,0
JHARKHAND,2005,Insanity/Mental Illness,0,9,22,43,7,81,1,9,7,3,0,20,101,1,18,29,46,7
JHARKHAND,2005,Other Prolonged Illness,0,0,9,8,0,17,0,0,1,1,0,2,19,0,0,10,9,0
JHARKHAND,2005,Death of Dear Person,0,0,0,0,0,0,0,0,0,0,0,0,0,0,0,0,0,0
JHARKHAND,2005,Dowry Dispute,0,0,0,0,0,0,0,4,3,1,0,8,8,0,4,3,1,0
JHARKHAND,2005,Divorce,0,0,0,0,0,0,0,0,0,0,0,0,0,0,0,0,0,0
JHARKHAND,2005,Drug Abuse/Addiction,0,5,7,14,0,26,0,1,0,2,0,3,29,0,6,7,16,0
JHARKHAND,2005,Failure in Examination,1,24,3,0,0,28,2,9,5,0,0,16,44,3,33,8,0,0
JHARKHAND,2005,Fall in Social Reputation,0,0,0,2,0,2,0,0,0,0,0,0,2,0,0,0,2,0
JHARKHAND,2005,Family Problems,0,11,17,12,0,40,0,11,7,4,0,22,62,0,22,24,16,0
JHARKHAND,2005,Ideological Causes/Hero Worshipping,0,0,0,0,0,0,0,0,0,0,0,0,0,0,0,0,0,0
JHARKHAND,2005,Illegitimate Pregnancy,0,0,0,0,0,0,0,0,0,0,0,0,0,0,0,0,0,0
JHARKHAND,2005,Love Affairs,0,9,7,0,0,16,0,10,2,0,0,12,28,0,19,9,0,0
JHARKHAND,2005,"Physical Abuse (Rape,Incest Etc.)",0,1,0,0,0,1,0,6,0,0,0,6,7,0,7,0,0,0
JHARKHAND,2005,Poverty,0,0,3,1,0,4,0,0,0,0,0,0,4,0,0,3,1,0
JHARKHAND,2005,Professional/Career Problem,0,1,5,4,0,10,0,0,3,0,0,3,13,0,1,8,4,0
JHARKHAND,2005,Property Dispute,0,0,0,1,0,1,0,0,0,0,0,0,1,0,0,0,1,0
JHARKHAND,2005,Unemployment,0,3,5,3,0,11,1,6,1,0,0,8,19,1,9,6,3,0
JHARKHAND,2005,Causes Not known,1,14,19,7,2,43,3,9,12,4,0,28,71,4,23,31,11,2
JHARKHAND,2005,Other Causes,5,94,63,22,4,188,6,39,63,5,4,117,305,11,133,126,27,8
JHARKHAND,2005,Total,8,181,187,133,14,523,13,112,128,28,4,285,808,21,293,315,161,18
JHARKHAND,2005,Total Illness,1,9,44,53,7,114,1,9,17,7,0,34,148,2,18,61,60,7
JHARKHAND,2006,Bankruptcy,0,13,7,4,1,25,1,1,5,0,0,7,32,1,14,12,4,1
JHARKHAND,2006,Suspected/Illicit Relation,0,20,12,4,0,36,1,25,22,0,0,48,84,1,45,34,4,0
JHARKHAND,2006,Cancellation/Non-Settlement of Marriage,0,0,0,0,0,0,0,3,0,0,0,3,3,0,3,0,0,0
JHARKHAND,2006,Infertility,0,0,0,0,0,0,0,2,1,0,0,3,3,0,2,1,0,0
JHARKHAND,2006,Illness (Aids/STD),0,0,0,0,0,0,0,0,0,0,0,0,0,0,0,0,0,0
JHARKHAND,2006,Cancer,0,0,0,0,0,0,0,1,0,0,0,1,1,0,1,0,0,0
JHARKHAND,2006,Paralysis,0,0,0,0,1,1,0,1,0,0,0,1,2,0,1,0,0,1
JHARKHAND,2006,Insanity/Mental Illness,0,16,16,4,3,39,1,7,3,0,0,11,50,1,23,19,4,3
JHARKHAND,2006,Other Prolonged Illness,1,0,6,1,1,9,2,1,1,0,0,4,13,3,1,7,1,1
JHARKHAND,2006,Death of Dear Person,0,0,0,0,0,0,0,1,0,0,0,1,1,0,1,0,0,0
JHARKHAND,2006,Dowry Dispute,0,0,0,0,0,0,0,6,2,0,0,8,8,0,6,2,0,0
JHARKHAND,2006,Divorce,0,0,0,0,0,0,0,0,1,0,0,1,1,0,0,1,0,0
JHARKHAND,2006,Drug Abuse/Addiction,0,4,9,11,0,24,0,0,2,3,0,5,29,0,4,11,14,0
JHARKHAND,2006,Failure in Examination,4,18,0,0,0,22,1,7,2,0,0,10,32,5,25,2,0,0
JHARKHAND,2006,Fall in Social Reputation,0,4,13,2,0,19,1,6,1,1,0,9,28,1,10,14,3,0
JHARKHAND,2006,Family Problems,2,19,32,16,0,69,2,24,23,7,0,56,125,4,43,55,23,0
JHARKHAND,2006,Ideological Causes/Hero Worshipping,0,0,0,0,0,0,0,0,0,0,0,0,0,0,0,0,0,0
JHARKHAND,2006,Illegitimate Pregnancy,0,0,0,0,0,0,0,0,1,0,0,1,1,0,0,1,0,0
JHARKHAND,2006,Love Affairs,0,11,2,0,0,13,0,10,1,0,0,11,24,0,21,3,0,0
JHARKHAND,2006,"Physical Abuse (Rape,Incest Etc.)",0,0,5,0,1,6,0,6,5,0,0,11,17,0,6,10,0,1
JHARKHAND,2006,Poverty,0,2,6,0,3,11,0,1,2,1,0,4,15,0,3,8,1,3
JHARKHAND,2006,Professional/Career Problem,0,5,5,1,0,11,0,0,0,0,0,0,11,0,5,5,1,0
JHARKHAND,2006,Property Dispute,0,0,0,0,0,0,0,1,2,0,0,3,3,0,1,2,0,0
JHARKHAND,2006,Unemployment,0,4,3,2,0,9,0,1,1,0,0,2,11,0,5,4,2,0
JHARKHAND,2006,Causes Not known,2,36,31,23,3,95,2,23,17,5,2,49,144,4,59,48,28,5
JHARKHAND,2006,Other Causes,12,38,46,27,9,132,4,31,28,21,2,86,218,16,69,74,48,11
JHARKHAND,2006,Total,21,190,193,95,22,521,15,158,120,38,4,335,856,36,348,313,133,26
JHARKHAND,2006,Total Illness,1,16,22,5,5,49,3,10,4,0,0,17,66,4,26,26,5,5
JHARKHAND,2007,Bankruptcy,0,3,5,9,5,22,0,0,4,1,0,5,27,0,3,9,10,5
JHARKHAND,2007,Suspected/Illicit Relation,2,14,10,2,0,28,0,12,12,2,0,26,54,2,26,22,4,0
JHARKHAND,2007,Cancellation/Non-Settlement of Marriage,0,3,9,0,0,12,0,4,6,1,0,11,23,0,7,15,1,0
JHARKHAND,2007,Infertility,0,0,8,3,2,13,0,4,4,1,0,9,22,0,4,12,4,2
JHARKHAND,2007,Illness (Aids/STD),0,1,0,0,0,1,0,1,0,0,0,1,2,0,2,0,0,0
JHARKHAND,2007,Cancer,0,0,0,2,0,2,0,0,0,0,0,0,2,0,0,0,2,0
JHARKHAND,2007,Paralysis,0,0,0,3,1,4,0,0,0,0,0,0,4,0,0,0,3,1
JHARKHAND,2007,Insanity/Mental Illness,0,15,22,8,2,47,0,4,8,7,0,19,66,0,19,30,15,2
JHARKHAND,2007,Other Prolonged Illness,1,5,7,12,7,32,0,5,1,1,0,7,39,1,10,8,13,7
JHARKHAND,2007,Death of Dear Person,0,0,0,0,0,0,0,1,0,0,0,1,1,0,1,0,0,0
JHARKHAND,2007,Dowry Dispute,0,5,0,0,0,5,0,13,12,1,0,26,31,0,18,12,1,0
JHARKHAND,2007,Divorce,0,0,0,0,0,0,0,0,0,0,0,0,0,0,0,0,0,0
JHARKHAND,2007,Drug Abuse/Addiction,3,10,29,8,1,51,0,0,0,0,0,0,51,3,10,29,8,1
JHARKHAND,2007,Failure in Examination,11,23,0,0,0,34,3,3,2,0,0,8,42,14,26,2,0,0
JHARKHAND,2007,Fall in Social Reputation,0,3,1,1,0,5,0,14,1,1,0,16,21,0,17,2,2,0
JHARKHAND,2007,Family Problems,0,15,26,11,2,54,3,25,15,3,1,47,101,3,40,41,14,3
JHARKHAND,2007,Ideological Causes/Hero Worshipping,0,0,0,0,0,0,0,1,0,0,0,1,1,0,1,0,0,0
JHARKHAND,2007,Illegitimate Pregnancy,0,0,0,0,0,0,0,1,0,0,0,1,1,0,1,0,0,0
JHARKHAND,2007,Love Affairs,0,8,2,0,0,10,0,6,0,0,0,6,16,0,14,2,0,0
JHARKHAND,2007,"Physical Abuse (Rape,Incest Etc.)",0,0,0,0,0,0,0,1,0,0,0,1,1,0,1,0,0,0
JHARKHAND,2007,Poverty,0,0,2,4,1,7,0,0,0,0,1,1,8,0,0,2,4,2
JHARKHAND,2007,Professional/Career Problem,0,0,4,0,0,4,0,1,0,0,0,1,5,0,1,4,0,0
JHARKHAND,2007,Property Dispute,0,0,6,0,0,6,0,2,2,0,0,4,10,0,2,8,0,0
JHARKHAND,2007,Unemployment,0,13,2,6,0,21,0,2,0,0,0,2,23,0,15,2,6,0
JHARKHAND,2007,Causes Not known,1,26,46,22,5,100,4,9,14,3,1,31,131,5,35,60,25,6
JHARKHAND,2007,Other Causes,28,117,137,106,34,422,12,69,54,33,17,185,607,40,186,191,139,51
JHARKHAND,2007,Total,46,261,316,197,60,880,22,178,135,54,20,409,1289,68,439,451,251,80
JHARKHAND,2007,Total Illness,1,21,29,25,10,86,0,10,9,8,0,27,113,1,31,38,33,10
JHARKHAND,2008,Bankruptcy,0,3,3,1,0,7,0,0,3,0,0,3,10,0,3,6,1,0
JHARKHAND,2008,Suspected/Illicit Relation,0,1,8,1,0,10,0,3,7,4,0,14,24,0,4,15,5,0
JHARKHAND,2008,Cancellation/Non-Settlement of Marriage,0,0,0,0,0,0,0,1,3,0,0,4,4,0,1,3,0,0
JHARKHAND,2008,Infertility,0,0,0,0,0,0,0,0,1,0,0,1,1,0,0,1,0,0
JHARKHAND,2008,Illness (Aids/STD),0,2,0,2,3,7,0,1,1,0,0,2,9,0,3,1,2,3
JHARKHAND,2008,Cancer,0,0,0,2,0,2,0,0,0,0,0,0,2,0,0,0,2,0
JHARKHAND,2008,Paralysis,0,0,0,0,1,1,0,0,0,0,0,0,1,0,0,0,0,1
JHARKHAND,2008,Insanity/Mental Illness,2,8,7,5,0,22,2,2,0,1,0,5,27,4,10,7,6,0
JHARKHAND,2008,Other Prolonged Illness,0,5,14,7,0,26,0,4,1,3,0,8,34,0,9,15,10,0
JHARKHAND,2008,Death of Dear Person,0,0,0,0,0,0,0,1,1,0,0,2,2,0,1,1,0,0
JHARKHAND,2008,Dowry Dispute,0,0,0,2,0,2,0,0,3,0,0,3,5,0,0,3,2,0
JHARKHAND,2008,Divorce,0,3,6,3,0,12,0,0,0,1,0,1,13,0,3,6,4,0
JHARKHAND,2008,Drug Abuse/Addiction,0,3,18,12,2,35,0,0,1,1,0,2,37,0,3,19,13,2
JHARKHAND,2008,Failure in Examination,1,9,8,0,0,18,1,15,0,0,0,16,34,2,24,8,0,0
JHARKHAND,2008,Fall in Social Reputation,0,1,1,2,0,4,0,0,4,0,1,5,9,0,1,5,2,1
JHARKHAND,2008,Family Problems,0,13,27,21,10,71,12,16,23,8,0,59,130,12,29,50,29,10
JHARKHAND,2008,Ideological Causes/Hero Worshipping,0,0,0,0,0,0,0,0,0,0,0,0,0,0,0,0,0,0
JHARKHAND,2008,Illegitimate Pregnancy,0,0,0,0,0,0,0,3,0,0,0,3,3,0,3,0,0,0
JHARKHAND,2008,Love Affairs,0,12,1,0,0,13,1,9,0,0,0,10,23,1,21,1,0,0
JHARKHAND,2008,"Physical Abuse (Rape,Incest Etc.)",0,0,0,0,0,0,0,0,3,4,0,7,7,0,0,3,4,0
JHARKHAND,2008,Poverty,0,0,1,0,1,2,0,0,1,0,0,1,3,0,0,2,0,1
JHARKHAND,2008,Professional/Career Problem,0,0,1,2,0,3,0,0,0,0,0,0,3,0,0,1,2,0
JHARKHAND,2008,Property Dispute,0,0,4,0,0,4,0,0,0,0,0,0,4,0,0,4,0,0
JHARKHAND,2008,Unemployment,0,1,2,0,0,3,0,0,0,0,0,0,3,0,1,2,0,0
JHARKHAND,2008,Causes Not known,5,30,51,35,8,129,7,16,16,4,1,44,173,12,46,67,39,9
JHARKHAND,2008,Other Causes,12,80,86,39,14,231,8,42,40,24,5,119,350,20,122,126,63,19
JHARKHAND,2008,Total,20,171,238,134,39,602,31,113,108,50,7,309,911,51,284,346,184,46
JHARKHAND,2008,Total Illness,2,15,21,16,4,58,2,7,2,4,0,15,73,4,22,23,20,4
JHARKHAND,2009,Bankruptcy,0,2,7,2,0,11,0,0,4,2,0,6,17,0,2,11,4,0
JHARKHAND,2009,Suspected/Illicit Relation,0,6,5,4,0,15,0,9,7,2,0,18,33,0,15,12,6,0
JHARKHAND,2009,Cancellation/Non-Settlement of Marriage,0,0,2,2,0,4,0,5,2,0,0,7,11,0,5,4,2,0
JHARKHAND,2009,Infertility,0,0,0,0,0,0,0,3,13,2,0,18,18,0,3,13,2,0
JHARKHAND,2009,Illness (Aids/STD),0,0,0,0,0,0,0,0,0,0,0,0,0,0,0,0,0,0
JHARKHAND,2009,Cancer,0,2,0,1,0,3,1,0,0,0,0,1,4,1,2,0,1,0
JHARKHAND,2009,Paralysis,0,0,0,0,0,0,0,0,0,0,0,0,0,0,0,0,0,0
JHARKHAND,2009,Insanity/Mental Illness,1,9,23,11,2,46,0,1,3,9,1,14,60,1,10,26,20,3
JHARKHAND,2009,Other Prolonged Illness,0,3,3,14,9,29,0,3,5,2,0,10,39,0,6,8,16,9
JHARKHAND,2009,Death of Dear Person,0,0,0,0,0,0,0,2,0,0,0,2,2,0,2,0,0,0
JHARKHAND,2009,Dowry Dispute,0,1,0,0,0,1,0,9,4,0,0,13,14,0,10,4,0,0
JHARKHAND,2009,Divorce,0,0,2,1,0,3,0,3,1,1,0,5,8,0,3,3,2,0
JHARKHAND,2009,Drug Abuse/Addiction,0,9,18,12,1,40,1,1,0,0,0,2,42,1,10,18,12,1
JHARKHAND,2009,Failure in Examination,2,11,3,0,0,16,2,4,0,0,0,6,22,4,15,3,0,0
JHARKHAND,2009,Fall in Social Reputation,0,2,5,4,0,11,0,4,2,3,0,9,20,0,6,7,7,0
JHARKHAND,2009,Family Problems,0,15,40,15,4,74,4,24,18,2,5,53,127,4,39,58,17,9
JHARKHAND,2009,Ideological Causes/Hero Worshipping,0,0,0,0,0,0,0,0,0,0,0,0,0,0,0,0,0,0
JHARKHAND,2009,Illegitimate Pregnancy,0,0,0,0,0,0,0,5,2,0,0,7,7,0,5,2,0,0
JHARKHAND,2009,Love Affairs,0,24,7,2,0,33,3,13,1,0,0,17,50,3,37,8,2,0
JHARKHAND,2009,"Physical Abuse (Rape,Incest Etc.)",0,0,0,0,0,0,0,2,1,0,0,3,3,0,2,1,0,0
JHARKHAND,2009,Poverty,0,2,5,3,1,11,0,2,2,2,0,6,17,0,4,7,5,1
JHARKHAND,2009,Professional/Career Problem,0,0,4,3,0,7,0,0,0,0,0,0,7,0,0,4,3,0
JHARKHAND,2009,Property Dispute,0,3,21,12,3,39,0,2,0,0,0,2,41,0,5,21,12,3
JHARKHAND,2009,Unemployment,0,8,21,1,2,32,0,0,0,0,0,0,32,0,8,21,1,2
JHARKHAND,2009,Causes Not known,1,26,31,30,9,97,4,10,16,5,2,37,134,5,36,47,35,11
JHARKHAND,2009,Other Causes,12,80,75,85,20,272,7,33,43,34,15,132,404,19,113,118,119,35
JHARKHAND,2009,Total,16,203,272,202,51,744,22,135,124,64,23,368,1112,38,338,396,266,74
JHARKHAND,2009,Total Illness,1,14,26,26,11,78,1,4,8,11,1,25,103,2,18,34,37,12
JHARKHAND,2010,Bankruptcy,0,3,4,1,0,8,0,3,6,3,1,13,21,0,6,10,4,1
JHARKHAND,2010,Suspected/Illicit Relation,0,11,11,2,0,24,0,10,9,2,0,21,45,0,21,20,4,0
JHARKHAND,2010,Cancellation/Non-Settlement of Marriage,0,0,1,1,0,2,0,2,4,0,0,6,8,0,2,5,1,0
JHARKHAND,2010,Infertility,0,1,0,2,0,3,0,4,4,8,0,16,19,0,5,4,10,0
JHARKHAND,2010,Illness (Aids/STD),1,3,0,0,0,4,0,0,1,0,0,1,5,1,3,1,0,0
JHARKHAND,2010,Cancer,0,0,0,0,0,0,0,0,1,0,0,1,1,0,0,1,0,0
JHARKHAND,2010,Paralysis,0,0,2,0,0,2,0,0,0,0,0,0,2,0,0,2,0,0
JHARKHAND,2010,Insanity/Mental Illness,1,4,15,5,0,25,0,1,4,3,0,8,33,1,5,19,8,0
JHARKHAND,2010,Other Prolonged Illness,0,7,5,8,1,21,0,1,2,7,0,10,31,0,8,7,15,1
JHARKHAND,2010,Death of Dear Person,63,10,3,6,1,83,0,5,4,4,0,13,96,63,15,7,10,1
JHARKHAND,2010,Dowry Dispute,0,0,1,0,0,1,0,12,8,0,0,20,21,0,12,9,0,0
JHARKHAND,2010,Divorce,0,1,3,1,0,5,0,1,3,1,0,5,10,0,2,6,2,0
JHARKHAND,2010,Drug Abuse/Addiction,0,2,9,1,0,12,0,0,0,3,0,3,15,0,2,9,4,0
JHARKHAND,2010,Failure in Examination,9,32,3,0,0,44,5,14,0,0,0,19,63,14,46,3,0,0
JHARKHAND,2010,Fall in Social Reputation,2,6,1,0,0,9,0,2,1,0,0,3,12,2,8,2,0,0
JHARKHAND,2010,Family Problems,0,20,24,16,1,61,1,15,20,5,0,41,102,1,35,44,21,1
JHARKHAND,2010,Ideological Causes/Hero Worshipping,0,3,2,0,0,5,0,0,2,0,0,2,7,0,3,4,0,0
JHARKHAND,2010,Illegitimate Pregnancy,0,0,0,0,0,0,0,8,1,1,0,10,10,0,8,1,1,0
JHARKHAND,2010,Love Affairs,1,14,9,0,0,24,1,29,3,0,0,33,57,2,43,12,0,0
JHARKHAND,2010,"Physical Abuse (Rape,Incest Etc.)",0,0,0,0,0,0,0,1,0,1,0,2,2,0,1,0,1,0
JHARKHAND,2010,Poverty,0,0,0,1,0,1,0,0,1,1,2,4,5,0,0,1,2,2
JHARKHAND,2010,Professional/Career Problem,0,0,6,5,0,11,0,0,0,0,0,0,11,0,0,6,5,0
JHARKHAND,2010,Property Dispute,0,0,9,4,0,13,0,0,0,1,0,1,14,0,0,9,5,0
JHARKHAND,2010,Unemployment,0,9,12,2,0,23,1,0,1,0,0,2,25,1,9,13,2,0
JHARKHAND,2010,Causes Not known,2,33,37,39,0,111,4,17,21,11,1,54,165,6,50,58,50,1
JHARKHAND,2010,Other Causes,5,93,118,78,9,303,4,50,46,29,20,149,452,9,143,164,107,29
JHARKHAND,2010,Total,84,252,275,172,12,795,16,175,142,80,24,437,1232,100,427,417,252,36
JHARKHAND,2010,Total Illness,2,14,22,13,1,52,0,2,8,10,0,20,72,2,16,30,23,1
JHARKHAND,2011,Bankruptcy,0,2,8,8,0,18,0,2,1,0,0,3,21,0,4,9,8,0
JHARKHAND,2011,Suspected/Illicit Relation,0,6,6,1,0,13,0,11,5,0,0,16,29,0,17,11,1,0
JHARKHAND,2011,Cancellation/Non-Settlement of Marriage,0,1,2,0,0,3,0,4,4,0,0,8,11,0,5,6,0,0
JHARKHAND,2011,Infertility,0,0,0,0,0,0,0,2,1,0,0,3,3,0,2,1,0,0
JHARKHAND,2011,Illness (Aids/STD),0,0,0,0,0,0,0,1,1,0,0,2,2,0,1,1,0,0
JHARKHAND,2011,Cancer,0,0,0,0,0,0,0,0,0,0,0,0,0,0,0,0,0,0
JHARKHAND,2011,Paralysis,2,2,0,3,0,7,0,0,0,0,0,0,7,2,2,0,3,0
JHARKHAND,2011,Insanity/Mental Illness,0,9,11,5,2,27,0,0,2,2,0,4,31,0,9,13,7,2
JHARKHAND,2011,Other Prolonged Illness,0,3,1,3,4,11,0,2,0,1,0,3,14,0,5,1,4,4
JHARKHAND,2011,Death of Dear Person,0,1,3,1,0,5,0,2,0,2,0,4,9,0,3,3,3,0
JHARKHAND,2011,Dowry Dispute,0,1,1,0,0,2,0,2,0,0,0,2,4,0,3,1,0,0
JHARKHAND,2011,Divorce,0,1,1,1,0,3,0,1,2,0,0,3,6,0,2,3,1,0
JHARKHAND,2011,Drug Abuse/Addiction,0,14,9,10,1,34,0,1,0,0,0,1,35,0,15,9,10,1
JHARKHAND,2011,Failure in Examination,2,28,1,0,0,31,5,18,0,0,0,23,54,7,46,1,0,0
JHARKHAND,2011,Fall in Social Reputation,0,4,2,1,0,7,0,4,3,0,0,7,14,0,8,5,1,0
JHARKHAND,2011,Family Problems,0,29,29,15,3,76,2,30,21,4,3,60,136,2,59,50,19,6
JHARKHAND,2011,Ideological Causes/Hero Worshipping,0,0,0,0,0,0,0,0,0,0,0,0,0,0,0,0,0,0
JHARKHAND,2011,Illegitimate Pregnancy,0,0,0,0,0,0,0,4,0,0,0,4,4,0,4,0,0,0
JHARKHAND,2011,Love Affairs,0,32,6,0,0,38,0,17,5,0,0,22,60,0,49,11,0,0
JHARKHAND,2011,"Physical Abuse (Rape,Incest Etc.)",0,0,2,1,0,3,0,0,0,0,0,0,3,0,0,2,1,0
JHARKHAND,2011,Poverty,0,3,4,1,1,9,0,1,1,1,0,3,12,0,4,5,2,1
JHARKHAND,2011,Professional/Career Problem,0,3,6,2,0,11,0,3,2,0,0,5,16,0,6,8,2,0
JHARKHAND,2011,Property Dispute,0,3,2,5,0,10,0,0,0,1,0,1,11,0,3,2,6,0
JHARKHAND,2011,Unemployment,0,12,15,2,0,29,0,3,3,0,0,6,35,0,15,18,2,0
JHARKHAND,2011,Causes Not known,0,21,27,30,0,78,0,12,14,10,0,36,114,0,33,41,40,0
JHARKHAND,2011,Other Causes,9,149,127,90,35,410,11,69,62,23,6,171,581,20,218,189,113,41
JHARKHAND,2011,Total,13,324,263,179,46,825,18,189,127,44,9,387,1212,31,513,390,223,55
JHARKHAND,2011,Total Illness,2,14,12,11,6,45,0,3,3,3,0,9,54,2,17,15,14,6
JHARKHAND,2012,Bankruptcy,0,2,9,5,0,16,0,2,2,0,0,4,20,0,4,11,5,0
JHARKHAND,2012,Suspected/Illicit Relation,0,8,19,3,0,30,5,12,7,0,0,24,54,5,20,26,3,0
JHARKHAND,2012,Cancellation/Non-Settlement of Marriage,0,0,2,2,0,4,0,6,4,0,0,10,14,0,6,6,2,0
JHARKHAND,2012,Infertility,0,0,0,0,0,0,0,3,4,3,0,10,10,0,3,4,3,0
JHARKHAND,2012,Illness (Aids/STD),0,0,0,0,0,0,0,0,0,0,0,0,0,0,0,0,0,0
JHARKHAND,2012,Cancer,0,0,0,0,0,0,0,0,0,0,0,0,0,0,0,0,0,0
JHARKHAND,2012,Paralysis,0,3,2,3,0,8,2,2,0,3,0,7,15,2,5,2,6,0
JHARKHAND,2012,Insanity/Mental Illness,3,9,17,11,1,41,3,6,5,2,0,16,57,6,15,22,13,1
JHARKHAND,2012,Other Prolonged Illness,1,3,5,4,3,16,1,0,3,0,0,4,20,2,3,8,4,3
JHARKHAND,2012,Death of Dear Person,0,0,1,1,0,2,1,0,2,0,0,3,5,1,0,3,1,0
JHARKHAND,2012,Dowry Dispute,0,0,0,0,0,0,0,9,9,1,0,19,19,0,9,9,1,0
JHARKHAND,2012,Divorce,0,0,0,0,0,0,0,4,5,0,0,9,9,0,4,5,0,0
JHARKHAND,2012,Drug Abuse/Addiction,0,12,8,6,4,30,0,5,1,4,0,10,40,0,17,9,10,4
JHARKHAND,2012,Failure in Examination,4,21,5,3,0,33,3,13,7,0,0,23,56,7,34,12,3,0
JHARKHAND,2012,Fall in Social Reputation,0,6,3,2,0,11,0,2,2,0,0,4,15,0,8,5,2,0
JHARKHAND,2012,Family Problems,4,37,55,31,5,132,1,40,23,6,0,70,202,5,77,78,37,5
JHARKHAND,2012,Ideological Causes/Hero Worshipping,0,0,0,0,0,0,0,0,0,0,0,0,0,0,0,0,0,0
JHARKHAND,2012,Illegitimate Pregnancy,0,0,0,0,0,0,0,5,0,0,0,5,5,0,5,0,0,0
JHARKHAND,2012,Love Affairs,0,21,6,0,0,27,1,16,4,0,0,21,48,1,37,10,0,0
JHARKHAND,2012,"Physical Abuse (Rape,Incest Etc.)",2,0,1,0,0,3,1,4,1,0,0,6,9,3,4,2,0,0
JHARKHAND,2012,Poverty,3,6,6,11,3,29,2,3,5,7,2,19,48,5,9,11,18,5
JHARKHAND,2012,Professional/Career Problem,0,0,2,0,0,2,0,0,0,0,0,0,2,0,0,2,0,0
JHARKHAND,2012,Property Dispute,0,10,8,4,0,22,0,4,2,0,0,6,28,0,14,10,4,0
JHARKHAND,2012,Unemployment,0,17,11,4,2,34,0,4,1,0,0,5,39,0,21,12,4,2
JHARKHAND,2012,Causes Not known,3,55,29,42,16,145,4,29,22,16,5,76,221,7,84,51,58,21
JHARKHAND,2012,Other Causes,3,87,78,66,19,253,10,48,43,28,1,130,383,13,135,121,94,20
JHARKHAND,2012,Total,23,297,267,198,53,838,34,217,152,70,8,481,1319,57,514,419,268,61
JHARKHAND,2012,Total Illness,4,15,24,18,4,65,6,8,8,5,0,27,92,10,23,32,23,4
KARNATAKA,2001,Bankruptcy,0,35,127,64,24,250,0,4,7,3,1,15,265,0,39,134,67,25
KARNATAKA,2001,Suspected/Illicit Relation,0,2,11,5,1,19,0,10,4,1,0,15,34,0,12,15,6,1
KARNATAKA,2001,Cancellation/Non-Settlement of Marriage,0,18,6,3,1,28,0,33,9,1,0,43,71,0,51,15,4,1
KARNATAKA,2001,Infertility,0,2,12,7,0,21,1,38,17,6,0,62,83,1,40,29,13,0
KARNATAKA,2001,Illness (Aids/STD),0,15,15,2,0,32,0,3,2,0,0,5,37,0,18,17,2,0
KARNATAKA,2001,Cancer,0,9,18,22,9,58,0,7,5,10,5,27,85,0,16,23,32,14
KARNATAKA,2001,Paralysis,0,6,13,34,14,67,0,4,5,9,7,25,92,0,10,18,43,21
KARNATAKA,2001,Insanity/Mental Illness,5,96,155,86,38,380,11,92,77,48,39,267,647,16,188,232,134,77
KARNATAKA,2001,Other Prolonged Illness,17,502,613,423,222,1777,31,454,266,179,84,1014,2791,48,956,879,602,306
KARNATAKA,2001,Death of Dear Person,2,11,10,5,4,32,0,10,4,6,1,21,53,2,21,14,11,5
KARNATAKA,2001,Dowry Dispute,0,1,2,0,0,3,0,63,24,2,0,89,92,0,64,26,2,0
KARNATAKA,2001,Divorce,0,1,2,1,0,4,0,2,3,0,0,5,9,0,3,5,1,0
KARNATAKA,2001,Drug Abuse/Addiction,2,14,16,12,11,55,5,5,3,3,3,19,74,7,19,19,15,14
KARNATAKA,2001,Failure in Examination,26,70,4,1,0,101,16,52,2,0,0,70,171,42,122,6,1,0
KARNATAKA,2001,Fall in Social Reputation,5,39,46,20,10,120,0,6,7,1,0,14,134,5,45,53,21,10
KARNATAKA,2001,Family Problems,10,301,493,286,69,1159,23,370,265,82,12,752,1911,33,671,758,368,81
KARNATAKA,2001,Ideological Causes/Hero Worshipping,1,1,1,0,0,3,0,1,1,1,0,3,6,1,2,2,1,0
KARNATAKA,2001,Illegitimate Pregnancy,0,0,0,0,0,0,0,9,1,0,0,10,10,0,9,1,0,0
KARNATAKA,2001,Love Affairs,1,51,9,3,0,64,3,54,5,0,0,62,126,4,105,14,3,0
KARNATAKA,2001,"Physical Abuse (Rape,Incest Etc.)",0,0,0,10,3,13,0,7,4,0,3,14,27,0,7,4,10,6
KARNATAKA,2001,Poverty,1,64,117,94,45,321,1,40,37,25,8,111,432,2,104,154,119,53
KARNATAKA,2001,Professional/Career Problem,0,34,26,21,3,84,0,2,1,2,0,5,89,0,36,27,23,3
KARNATAKA,2001,Property Dispute,6,13,19,10,5,53,0,2,1,0,3,6,59,6,15,20,10,8
KARNATAKA,2001,Unemployment,1,114,67,20,1,203,0,23,6,4,1,34,237,1,137,73,24,2
KARNATAKA,2001,Causes Not known,51,608,816,496,209,2180,42,350,244,145,71,852,3032,93,958,1060,641,280
KARNATAKA,2001,Other Causes,52,235,282,211,64,844,51,176,118,98,27,470,1314,103,411,400,309,91
KARNATAKA,2001,Total,180,2242,2880,1836,733,7871,184,1817,1118,626,265,4010,11881,364,4059,3998,2462,998
KARNATAKA,2001,Total Illness,22,628,814,567,283,2314,42,560,355,246,135,1338,3652,64,1188,1169,813,418
KARNATAKA,2002,Bankruptcy,0,47,117,47,12,223,0,7,6,0,1,14,237,0,54,123,47,13
KARNATAKA,2002,Suspected/Illicit Relation,0,6,11,4,0,21,0,6,7,0,0,13,34,0,12,18,4,0
KARNATAKA,2002,Cancellation/Non-Settlement of Marriage,0,27,5,4,0,36,0,32,10,0,0,42,78,0,59,15,4,0
KARNATAKA,2002,Infertility,0,5,19,4,0,28,2,42,24,3,0,71,99,2,47,43,7,0
KARNATAKA,2002,Illness (Aids/STD),0,7,12,8,0,27,0,3,2,2,1,8,35,0,10,14,10,1
KARNATAKA,2002,Cancer,0,7,18,16,6,47,0,6,7,5,1,19,66,0,13,25,21,7
KARNATAKA,2002,Paralysis,0,7,8,21,12,48,0,4,6,4,1,15,63,0,11,14,25,13
KARNATAKA,2002,Insanity/Mental Illness,1,87,134,84,39,345,5,73,70,42,34,224,569,6,160,204,126,73
KARNATAKA,2002,Other Prolonged Illness,22,532,741,439,294,2028,82,435,326,199,110,1152,3180,104,967,1067,638,404
KARNATAKA,2002,Death of Dear Person,3,10,14,10,5,42,1,13,5,5,1,25,67,4,23,19,15,6
KARNATAKA,2002,Dowry Dispute,0,0,0,0,0,0,0,72,26,3,0,101,101,0,72,26,3,0
KARNATAKA,2002,Divorce,0,0,0,0,0,0,0,2,4,0,0,6,6,0,2,4,0,0
KARNATAKA,2002,Drug Abuse/Addiction,2,15,24,16,13,70,5,4,6,4,5,24,94,7,19,30,20,18
KARNATAKA,2002,Failure in Examination,15,92,3,0,0,110,23,64,0,0,0,87,197,38,156,3,0,0
KARNATAKA,2002,Fall in Social Reputation,0,11,5,9,3,28,0,5,3,1,0,9,37,0,16,8,10,3
KARNATAKA,2002,Family Problems,4,298,545,291,60,1198,7,391,326,87,29,840,2038,11,689,871,378,89
KARNATAKA,2002,Ideological Causes/Hero Worshipping,0,8,0,4,0,12,0,0,0,0,1,1,13,0,8,0,4,1
KARNATAKA,2002,Illegitimate Pregnancy,0,0,0,0,0,0,0,3,1,0,0,4,4,0,3,1,0,0
KARNATAKA,2002,Love Affairs,0,48,10,1,1,60,2,40,2,0,0,44,104,2,88,12,1,1
KARNATAKA,2002,"Physical Abuse (Rape,Incest Etc.)",0,0,2,0,0,2,0,4,1,0,0,5,7,0,4,3,0,0
KARNATAKA,2002,Poverty,5,71,110,85,36,307,3,40,37,26,8,114,421,8,111,147,111,44
KARNATAKA,2002,Professional/Career Problem,0,15,17,13,2,47,0,3,2,0,0,5,52,0,18,19,13,2
KARNATAKA,2002,Property Dispute,3,11,18,25,4,61,0,2,1,0,0,3,64,3,13,19,25,4
KARNATAKA,2002,Unemployment,0,70,58,8,0,136,0,15,6,1,0,22,158,0,85,64,9,0
KARNATAKA,2002,Causes Not known,34,548,742,453,196,1973,49,296,247,123,105,820,2793,83,844,989,576,301
KARNATAKA,2002,Other Causes,32,363,418,290,128,1231,25,234,157,63,43,522,1753,57,597,575,353,171
KARNATAKA,2002,Total,121,2285,3031,1832,811,8080,204,1796,1282,568,340,4190,12270,325,4081,4313,2400,1151
KARNATAKA,2002,Total Illness,23,640,913,568,351,2495,87,521,411,252,147,1418,3913,110,1161,1324,820,498
KARNATAKA,2003,Bankruptcy,10,71,114,70,19,284,0,7,10,8,1,26,310,10,78,124,78,20
KARNATAKA,2003,Suspected/Illicit Relation,0,2,14,5,0,21,0,10,4,0,0,14,35,0,12,18,5,0
KARNATAKA,2003,Cancellation/Non-Settlement of Marriage,0,11,2,0,0,13,1,15,2,0,0,18,31,1,26,4,0,0
KARNATAKA,2003,Infertility,0,11,20,5,0,36,3,24,33,7,0,67,103,3,35,53,12,0
KARNATAKA,2003,Illness (Aids/STD),0,11,20,4,0,35,0,4,3,1,0,8,43,0,15,23,5,0
KARNATAKA,2003,Cancer,0,2,17,10,8,37,0,0,0,2,1,3,40,0,2,17,12,9
KARNATAKA,2003,Paralysis,3,15,22,16,11,67,1,9,7,3,1,21,88,4,24,29,19,12
KARNATAKA,2003,Insanity/Mental Illness,4,115,172,104,73,468,2,94,65,46,19,226,694,6,209,237,150,92
KARNATAKA,2003,Other Prolonged Illness,26,428,484,412,243,1593,37,371,269,167,103,947,2540,63,799,753,579,346
KARNATAKA,2003,Death of Dear Person,0,24,10,14,8,56,1,22,11,0,2,36,92,1,46,21,14,10
KARNATAKA,2003,Dowry Dispute,0,0,0,0,0,0,0,28,15,2,0,45,45,0,28,15,2,0
KARNATAKA,2003,Divorce,0,1,1,0,0,2,0,1,2,0,0,3,5,0,2,3,0,0
KARNATAKA,2003,Drug Abuse/Addiction,0,19,18,11,4,52,0,3,2,0,0,5,57,0,22,20,11,4
KARNATAKA,2003,Failure in Examination,11,66,4,0,0,81,10,45,1,0,0,56,137,21,111,5,0,0
KARNATAKA,2003,Fall in Social Reputation,1,4,9,2,1,17,0,8,1,0,0,9,26,1,12,10,2,1
KARNATAKA,2003,Family Problems,4,302,421,307,82,1116,11,256,239,96,40,642,1758,15,558,660,403,122
KARNATAKA,2003,Ideological Causes/Hero Worshipping,0,8,0,4,0,12,0,0,0,0,1,1,13,0,8,0,4,1
KARNATAKA,2003,Illegitimate Pregnancy,0,0,0,0,0,0,0,1,0,0,0,1,1,0,1,0,0,0
KARNATAKA,2003,Love Affairs,1,47,7,1,0,56,5,56,5,0,0,66,122,6,103,12,1,0
KARNATAKA,2003,"Physical Abuse (Rape,Incest Etc.)",0,0,0,0,0,0,0,1,1,0,0,2,2,0,1,1,0,0
KARNATAKA,2003,Poverty,0,100,175,110,48,433,5,30,50,28,19,132,565,5,130,225,138,67
KARNATAKA,2003,Professional/Career Problem,0,9,32,10,4,55,0,2,0,0,0,2,57,0,11,32,10,4
KARNATAKA,2003,Property Dispute,0,16,28,19,13,76,0,3,4,3,2,12,88,0,19,32,22,15
KARNATAKA,2003,Unemployment,0,66,61,11,0,138,0,10,3,0,0,13,151,0,76,64,11,0
KARNATAKA,2003,Causes Not known,47,617,756,469,211,2100,48,315,323,158,73,917,3017,95,932,1079,627,284
KARNATAKA,2003,Other Causes,35,481,508,418,185,1627,30,316,231,90,47,714,2341,65,797,739,508,232
KARNATAKA,2003,Total,142,2426,2895,2002,910,8375,154,1631,1281,611,309,3986,12361,296,4057,4176,2613,1219
KARNATAKA,2003,Total Illness,33,571,715,546,335,2200,40,478,344,219,124,1205,3405,73,1049,1059,765,459
KARNATAKA,2004,Bankruptcy,7,39,68,73,7,194,0,10,11,4,1,26,220,7,49,79,77,8
KARNATAKA,2004,Suspected/Illicit Relation,0,5,19,5,0,29,0,1,6,0,0,7,36,0,6,25,5,0
KARNATAKA,2004,Cancellation/Non-Settlement of Marriage,2,8,3,1,0,14,0,19,6,0,0,25,39,2,27,9,1,0
KARNATAKA,2004,Infertility,0,11,21,7,2,41,0,29,21,3,0,53,94,0,40,42,10,2
KARNATAKA,2004,Illness (Aids/STD),0,8,27,4,1,40,0,3,1,1,0,5,45,0,11,28,5,1
KARNATAKA,2004,Cancer,0,0,20,10,9,39,0,0,4,1,2,7,46,0,0,24,11,11
KARNATAKA,2004,Paralysis,2,10,7,2,11,32,0,7,4,1,6,18,50,2,17,11,3,17
KARNATAKA,2004,Insanity/Mental Illness,4,129,127,79,37,376,5,89,85,39,19,237,613,9,218,212,118,56
KARNATAKA,2004,Other Prolonged Illness,24,471,562,415,220,1692,17,373,266,165,89,910,2602,41,844,828,580,309
KARNATAKA,2004,Death of Dear Person,0,19,9,7,3,38,3,10,5,2,4,24,62,3,29,14,9,7
KARNATAKA,2004,Dowry Dispute,0,0,0,0,0,0,0,33,10,0,0,43,43,0,33,10,0,0
KARNATAKA,2004,Divorce,0,0,0,0,0,0,0,0,1,0,0,1,1,0,0,1,0,0
KARNATAKA,2004,Drug Abuse/Addiction,0,17,14,15,4,50,0,3,2,0,0,5,55,0,20,16,15,4
KARNATAKA,2004,Failure in Examination,15,45,7,4,0,71,6,47,0,2,0,55,126,21,92,7,6,0
KARNATAKA,2004,Fall in Social Reputation,0,27,22,4,0,53,0,4,1,0,0,5,58,0,31,23,4,0
KARNATAKA,2004,Family Problems,16,257,430,237,56,996,18,317,214,71,25,645,1641,34,574,644,308,81
KARNATAKA,2004,Ideological Causes/Hero Worshipping,0,0,0,0,0,0,0,0,0,0,0,0,0,0,0,0,0,0
KARNATAKA,2004,Illegitimate Pregnancy,0,0,0,0,0,0,1,4,3,0,0,8,8,1,4,3,0,0
KARNATAKA,2004,Love Affairs,0,34,15,0,0,49,4,41,3,0,0,48,97,4,75,18,0,0
KARNATAKA,2004,"Physical Abuse (Rape,Incest Etc.)",0,1,0,0,0,1,0,0,0,0,0,0,1,0,1,0,0,0
KARNATAKA,2004,Poverty,1,75,139,104,38,357,4,35,51,27,11,128,485,5,110,190,131,49
KARNATAKA,2004,Professional/Career Problem,0,8,20,3,0,31,0,2,1,0,0,3,34,0,10,21,3,0
KARNATAKA,2004,Property Dispute,0,13,28,11,0,52,0,2,1,0,0,3,55,0,15,29,11,0
KARNATAKA,2004,Unemployment,0,62,35,19,0,116,0,5,4,1,0,10,126,0,67,39,20,0
KARNATAKA,2004,Causes Not known,20,655,767,509,211,2162,36,317,289,110,50,802,2964,56,972,1056,619,261
KARNATAKA,2004,Other Causes,68,435,588,353,141,1585,52,337,242,170,50,851,2436,120,772,830,523,191
KARNATAKA,2004,Total,159,2329,2928,1862,740,8018,146,1688,1231,597,257,3919,11937,305,4017,4159,2459,997
KARNATAKA,2004,Total Illness,30,618,743,510,278,2179,22,472,360,207,116,1177,3356,52,1090,1103,717,394
KARNATAKA,2005,Bankruptcy,0,34,62,46,8,150,0,2,6,5,0,13,163,0,36,68,51,8
KARNATAKA,2005,Suspected/Illicit Relation,0,6,10,6,1,23,0,10,11,0,0,21,44,0,16,21,6,1
KARNATAKA,2005,Cancellation/Non-Settlement of Marriage,0,14,10,1,0,25,0,11,7,0,0,18,43,0,25,17,1,0
KARNATAKA,2005,Infertility,0,3,11,6,0,20,0,30,23,14,2,69,89,0,33,34,20,2
KARNATAKA,2005,Illness (Aids/STD),0,6,31,4,0,41,0,3,2,2,3,10,51,0,9,33,6,3
KARNATAKA,2005,Cancer,0,2,14,3,3,22,0,1,0,3,1,5,27,0,3,14,6,4
KARNATAKA,2005,Paralysis,0,0,9,23,14,46,0,5,3,1,1,10,56,0,5,12,24,15
KARNATAKA,2005,Insanity/Mental Illness,2,86,146,91,33,358,3,85,73,56,45,262,620,5,171,219,147,78
KARNATAKA,2005,Other Prolonged Illness,12,386,462,382,244,1486,16,368,295,168,74,921,2407,28,754,757,550,318
KARNATAKA,2005,Death of Dear Person,0,5,11,11,8,35,0,11,8,6,1,26,61,0,16,19,17,9
KARNATAKA,2005,Dowry Dispute,0,0,0,0,0,0,0,34,4,0,0,38,38,0,34,4,0,0
KARNATAKA,2005,Divorce,0,0,2,0,0,2,0,1,1,0,0,2,4,0,1,3,0,0
KARNATAKA,2005,Drug Abuse/Addiction,0,7,27,15,3,52,0,1,2,0,4,7,59,0,8,29,15,7
KARNATAKA,2005,Failure in Examination,7,71,3,0,0,81,6,49,5,0,1,61,142,13,120,8,0,1
KARNATAKA,2005,Fall in Social Reputation,0,7,17,11,1,36,0,1,4,1,0,6,42,0,8,21,12,1
KARNATAKA,2005,Family Problems,12,276,418,243,51,1000,8,211,178,79,23,499,1499,20,487,596,322,74
KARNATAKA,2005,Ideological Causes/Hero Worshipping,1,3,4,4,0,12,0,7,1,0,0,8,20,1,10,5,4,0
KARNATAKA,2005,Illegitimate Pregnancy,0,0,0,0,0,0,0,1,0,0,0,1,1,0,1,0,0,0
KARNATAKA,2005,Love Affairs,0,49,13,0,0,62,0,30,4,0,0,34,96,0,79,17,0,0
KARNATAKA,2005,"Physical Abuse (Rape,Incest Etc.)",0,1,0,2,0,3,0,1,1,0,0,2,5,0,2,1,2,0
KARNATAKA,2005,Poverty,1,38,84,47,29,199,1,25,30,14,3,73,272,2,63,114,61,32
KARNATAKA,2005,Professional/Career Problem,0,14,15,17,0,46,0,5,7,0,5,17,63,0,19,22,17,5
KARNATAKA,2005,Property Dispute,0,31,29,14,3,77,0,4,3,1,1,9,86,0,35,32,15,4
KARNATAKA,2005,Unemployment,0,51,45,6,0,102,0,6,1,0,0,7,109,0,57,46,6,0
KARNATAKA,2005,Causes Not known,22,717,755,566,135,2195,15,300,260,134,51,760,2955,37,1017,1015,700,186
KARNATAKA,2005,Other Causes,47,454,513,454,166,1634,38,412,297,167,57,971,2605,85,866,810,621,223
KARNATAKA,2005,Total,104,2261,2691,1952,699,7707,87,1614,1226,651,272,3850,11557,191,3875,3917,2603,971
KARNATAKA,2005,Total Illness,14,480,662,503,294,1953,19,462,373,230,124,1208,3161,33,942,1035,733,418
KARNATAKA,2006,Bankruptcy,0,25,62,39,9,135,0,11,2,0,0,13,148,0,36,64,39,9
KARNATAKA,2006,Suspected/Illicit Relation,0,9,7,2,0,18,0,2,4,1,0,7,25,0,11,11,3,0
KARNATAKA,2006,Cancellation/Non-Settlement of Marriage,0,11,3,1,0,15,0,21,3,1,0,25,40,0,32,6,2,0
KARNATAKA,2006,Infertility,0,7,7,7,2,23,0,30,10,3,0,43,66,0,37,17,10,2
KARNATAKA,2006,Illness (Aids/STD),0,8,22,6,2,38,1,2,13,0,1,17,55,1,10,35,6,3
KARNATAKA,2006,Cancer,0,0,8,23,7,38,0,2,6,7,1,16,54,0,2,14,30,8
KARNATAKA,2006,Paralysis,0,0,5,17,10,32,0,4,1,2,1,8,40,0,4,6,19,11
KARNATAKA,2006,Insanity/Mental Illness,0,94,124,75,46,339,6,65,64,40,14,189,528,6,159,188,115,60
KARNATAKA,2006,Other Prolonged Illness,7,395,559,514,223,1698,28,390,354,204,79,1055,2753,35,785,913,718,302
KARNATAKA,2006,Death of Dear Person,0,5,12,11,6,34,0,11,6,8,1,26,60,0,16,18,19,7
KARNATAKA,2006,Dowry Dispute,0,10,2,0,0,12,0,26,7,0,0,33,45,0,36,9,0,0
KARNATAKA,2006,Divorce,0,0,1,0,0,1,0,0,3,1,0,4,5,0,0,4,1,0
KARNATAKA,2006,Drug Abuse/Addiction,2,16,35,11,4,68,2,3,1,0,1,7,75,4,19,36,11,5
KARNATAKA,2006,Failure in Examination,3,50,13,4,0,70,3,60,9,3,0,75,145,6,110,22,7,0
KARNATAKA,2006,Fall in Social Reputation,0,1,3,3,0,7,0,0,0,0,0,0,7,0,1,3,3,0
KARNATAKA,2006,Family Problems,9,257,415,312,97,1090,10,262,235,107,23,637,1727,19,519,650,419,120
KARNATAKA,2006,Ideological Causes/Hero Worshipping,0,1,5,2,1,9,0,2,0,1,0,3,12,0,3,5,3,1
KARNATAKA,2006,Illegitimate Pregnancy,0,0,0,0,0,0,0,2,0,0,0,2,2,0,2,0,0,0
KARNATAKA,2006,Love Affairs,1,47,4,0,0,52,2,36,10,0,1,49,101,3,83,14,0,1
KARNATAKA,2006,"Physical Abuse (Rape,Incest Etc.)",0,1,2,1,0,4,0,0,0,0,0,0,4,0,1,2,1,0
KARNATAKA,2006,Poverty,1,42,68,68,39,218,1,48,34,26,12,121,339,2,90,102,94,51
KARNATAKA,2006,Professional/Career Problem,0,14,17,12,1,44,0,6,3,0,1,10,54,0,20,20,12,2
KARNATAKA,2006,Property Dispute,0,5,4,8,1,18,0,2,6,2,0,10,28,0,7,10,10,1
KARNATAKA,2006,Unemployment,0,57,38,13,5,113,0,14,8,6,0,28,141,0,71,46,19,5
KARNATAKA,2006,Causes Not known,33,589,581,488,108,1799,16,281,195,119,33,644,2443,49,870,776,607,141
KARNATAKA,2006,Other Causes,95,663,843,408,164,2173,62,473,351,159,97,1142,3315,157,1136,1194,567,261
KARNATAKA,2006,Total,151,2307,2840,2025,725,8048,131,1753,1325,690,265,4164,12212,282,4060,4165,2715,990
KARNATAKA,2006,Total Illness,7,497,718,635,288,2145,35,463,438,253,96,1285,3430,42,960,1156,888,384
KARNATAKA,2007,Bankruptcy,1,36,76,54,22,189,0,6,4,7,0,17,206,1,42,80,61,22
KARNATAKA,2007,Suspected/Illicit Relation,0,3,6,3,0,12,1,5,2,0,0,8,20,1,8,8,3,0
KARNATAKA,2007,Cancellation/Non-Settlement of Marriage,0,7,4,2,0,13,0,28,8,2,0,38,51,0,35,12,4,0
KARNATAKA,2007,Infertility,0,10,27,9,4,50,0,28,26,8,0,62,112,0,38,53,17,4
KARNATAKA,2007,Illness (Aids/STD),0,7,14,13,3,37,1,8,6,5,0,20,57,1,15,20,18,3
KARNATAKA,2007,Cancer,0,6,4,18,10,38,0,2,4,7,1,14,52,0,8,8,25,11
KARNATAKA,2007,Paralysis,0,0,4,13,7,24,0,1,1,6,1,9,33,0,1,5,19,8
KARNATAKA,2007,Insanity/Mental Illness,4,106,140,112,46,408,6,89,67,42,25,229,637,10,195,207,154,71
KARNATAKA,2007,Other Prolonged Illness,18,382,548,466,199,1613,19,341,277,201,100,938,2551,37,723,825,667,299
KARNATAKA,2007,Death of Dear Person,0,5,21,12,2,40,0,7,9,3,4,23,63,0,12,30,15,6
KARNATAKA,2007,Dowry Dispute,0,1,0,0,0,1,0,34,8,0,0,42,43,0,35,8,0,0
KARNATAKA,2007,Divorce,0,2,0,1,0,3,0,4,2,0,0,6,9,0,6,2,1,0
KARNATAKA,2007,Drug Abuse/Addiction,0,5,18,4,4,31,0,8,1,0,0,9,40,0,13,19,4,4
KARNATAKA,2007,Failure in Examination,6,45,2,0,0,53,7,36,3,0,0,46,99,13,81,5,0,0
KARNATAKA,2007,Fall in Social Reputation,0,0,8,5,0,13,0,2,4,0,0,6,19,0,2,12,5,0
KARNATAKA,2007,Family Problems,5,301,487,436,75,1304,7,309,243,162,49,770,2074,12,610,730,598,124
KARNATAKA,2007,Ideological Causes/Hero Worshipping,0,0,1,1,0,2,0,0,0,0,0,0,2,0,0,1,1,0
KARNATAKA,2007,Illegitimate Pregnancy,0,0,0,0,0,0,0,1,2,0,0,3,3,0,1,2,0,0
KARNATAKA,2007,Love Affairs,0,41,9,0,0,50,1,33,3,0,1,38,88,1,74,12,0,1
KARNATAKA,2007,"Physical Abuse (Rape,Incest Etc.)",0,5,3,2,0,10,0,3,3,0,0,6,16,0,8,6,2,0
KARNATAKA,2007,Poverty,3,54,88,66,25,236,15,49,29,11,4,108,344,18,103,117,77,29
KARNATAKA,2007,Professional/Career Problem,1,15,19,9,3,47,2,2,2,0,0,6,53,3,17,21,9,3
KARNATAKA,2007,Property Dispute,0,9,15,4,1,29,0,2,1,3,0,6,35,0,11,16,7,1
KARNATAKA,2007,Unemployment,0,40,26,1,0,67,0,12,5,0,0,17,84,0,52,31,1,0
KARNATAKA,2007,Causes Not known,30,527,714,735,149,2155,16,217,284,178,27,722,2877,46,744,998,913,176
KARNATAKA,2007,Other Causes,41,547,750,453,176,1967,52,296,241,118,62,769,2736,93,843,991,571,238
KARNATAKA,2007,Total,109,2154,2984,2419,726,8392,127,1523,1235,753,274,3912,12304,236,3677,4219,3172,1000
KARNATAKA,2007,Total Illness,22,501,710,622,265,2120,26,441,355,261,127,1210,3330,48,942,1065,883,392
KARNATAKA,2008,Bankruptcy,0,26,67,59,15,167,0,3,1,3,0,7,174,0,29,68,62,15
KARNATAKA,2008,Suspected/Illicit Relation,0,3,3,3,0,9,1,3,1,0,0,5,14,1,6,4,3,0
KARNATAKA,2008,Cancellation/Non-Settlement of Marriage,0,7,5,0,0,12,1,18,3,1,0,23,35,1,25,8,1,0
KARNATAKA,2008,Infertility,0,2,18,8,2,30,0,19,27,7,0,53,83,0,21,45,15,2
KARNATAKA,2008,Illness (Aids/STD),0,4,17,8,6,35,0,1,5,3,2,11,46,0,5,22,11,8
KARNATAKA,2008,Cancer,0,1,6,14,13,34,0,2,3,12,1,18,52,0,3,9,26,14
KARNATAKA,2008,Paralysis,0,9,13,21,8,51,0,3,3,6,5,17,68,0,12,16,27,13
KARNATAKA,2008,Insanity/Mental Illness,3,116,153,102,57,431,4,97,60,32,32,225,656,7,213,213,134,89
KARNATAKA,2008,Other Prolonged Illness,5,368,545,441,239,1598,19,377,276,180,76,928,2526,24,745,821,621,315
KARNATAKA,2008,Death of Dear Person,0,5,9,5,5,24,1,15,9,5,2,32,56,1,20,18,10,7
KARNATAKA,2008,Dowry Dispute,0,0,0,0,0,0,0,27,11,0,0,38,38,0,27,11,0,0
KARNATAKA,2008,Divorce,1,1,0,1,0,3,0,7,4,0,0,11,14,1,8,4,1,0
KARNATAKA,2008,Drug Abuse/Addiction,0,4,10,12,2,28,1,0,0,0,1,2,30,1,4,10,12,3
KARNATAKA,2008,Failure in Examination,7,65,6,9,0,87,12,51,0,0,0,63,150,19,116,6,9,0
KARNATAKA,2008,Fall in Social Reputation,0,3,3,4,1,11,1,4,1,2,2,10,21,1,7,4,6,3
KARNATAKA,2008,Family Problems,2,317,467,354,73,1213,2,290,271,150,52,765,1978,4,607,738,504,125
KARNATAKA,2008,Ideological Causes/Hero Worshipping,0,0,0,0,0,0,0,2,0,0,0,2,2,0,2,0,0,0
KARNATAKA,2008,Illegitimate Pregnancy,0,0,0,0,0,0,0,3,0,0,0,3,3,0,3,0,0,0
KARNATAKA,2008,Love Affairs,0,56,7,0,0,63,0,31,3,0,0,34,97,0,87,10,0,0
KARNATAKA,2008,"Physical Abuse (Rape,Incest Etc.)",0,2,6,3,2,13,1,4,1,0,0,6,19,1,6,7,3,2
KARNATAKA,2008,Poverty,0,34,71,46,30,181,4,38,23,18,8,91,272,4,72,94,64,38
KARNATAKA,2008,Professional/Career Problem,0,13,5,5,0,23,0,2,1,0,0,3,26,0,15,6,5,0
KARNATAKA,2008,Property Dispute,0,0,2,5,2,9,0,1,0,3,1,5,14,0,1,2,8,3
KARNATAKA,2008,Unemployment,0,40,38,9,0,87,0,10,6,1,0,17,104,0,50,44,10,0
KARNATAKA,2008,Causes Not known,18,452,516,609,154,1749,14,275,199,116,76,680,2429,32,727,715,725,230
KARNATAKA,2008,Other Causes,18,670,903,585,182,2358,19,374,353,151,60,957,3315,37,1044,1256,736,242
KARNATAKA,2008,Total,54,2198,2870,2303,791,8216,80,1657,1261,690,318,4006,12222,134,3855,4131,2993,1109
KARNATAKA,2008,Total Illness,8,498,734,586,323,2149,23,480,347,233,116,1199,3348,31,978,1081,819,439
KARNATAKA,2009,Bankruptcy,1,38,89,70,25,223,2,9,6,4,1,22,245,3,47,95,74,26
KARNATAKA,2009,Suspected/Illicit Relation,0,0,3,4,0,7,0,1,8,4,0,13,20,0,1,11,8,0
KARNATAKA,2009,Cancellation/Non-Settlement of Marriage,2,11,8,0,0,21,1,18,3,2,1,25,46,3,29,11,2,1
KARNATAKA,2009,Infertility,0,7,11,8,1,27,0,32,28,6,3,69,96,0,39,39,14,4
KARNATAKA,2009,Illness (Aids/STD),0,11,19,9,8,47,0,6,6,4,0,16,63,0,17,25,13,8
KARNATAKA,2009,Cancer,0,2,8,37,32,79,0,1,3,13,7,24,103,0,3,11,50,39
KARNATAKA,2009,Paralysis,0,0,7,17,12,36,0,2,0,6,4,12,48,0,2,7,23,16
KARNATAKA,2009,Insanity/Mental Illness,3,138,134,77,33,385,1,71,69,35,17,193,578,4,209,203,112,50
KARNATAKA,2009,Other Prolonged Illness,20,292,508,470,259,1549,32,253,274,205,119,883,2432,52,545,782,675,378
KARNATAKA,2009,Death of Dear Person,1,13,13,9,10,46,1,4,10,4,1,20,66,2,17,23,13,11
KARNATAKA,2009,Dowry Dispute,0,0,8,1,0,9,0,29,13,9,4,55,64,0,29,21,10,4
KARNATAKA,2009,Divorce,0,0,16,1,0,17,0,1,5,4,0,10,27,0,1,21,5,0
KARNATAKA,2009,Drug Abuse/Addiction,3,7,18,15,10,53,0,8,4,0,0,12,65,3,15,22,15,10
KARNATAKA,2009,Failure in Examination,7,59,3,11,0,80,11,56,0,0,0,67,147,18,115,3,11,0
KARNATAKA,2009,Fall in Social Reputation,0,4,1,20,1,26,0,4,1,0,0,5,31,0,8,2,20,1
KARNATAKA,2009,Family Problems,24,296,486,478,181,1465,12,224,282,136,51,705,2170,36,520,768,614,232
KARNATAKA,2009,Ideological Causes/Hero Worshipping,0,0,3,6,1,10,0,0,0,0,0,0,10,0,0,3,6,1
KARNATAKA,2009,Illegitimate Pregnancy,0,0,0,0,0,0,0,1,1,0,0,2,2,0,1,1,0,0
KARNATAKA,2009,Love Affairs,0,46,12,15,0,73,8,37,6,1,1,53,126,8,83,18,16,1
KARNATAKA,2009,"Physical Abuse (Rape,Incest Etc.)",0,6,2,0,0,8,0,6,0,0,0,6,14,0,12,2,0,0
KARNATAKA,2009,Poverty,3,26,74,58,30,191,2,25,15,10,4,56,247,5,51,89,68,34
KARNATAKA,2009,Professional/Career Problem,0,9,8,3,3,23,0,2,1,0,0,3,26,0,11,9,3,3
KARNATAKA,2009,Property Dispute,0,2,14,7,11,34,0,0,6,3,0,9,43,0,2,20,10,11
KARNATAKA,2009,Unemployment,0,51,22,6,0,79,0,9,16,11,5,41,120,0,60,38,17,5
KARNATAKA,2009,Causes Not known,116,539,800,636,219,2310,68,340,292,163,97,960,3270,184,879,1092,799,316
KARNATAKA,2009,Other Causes,23,262,636,373,117,1411,25,167,203,275,55,725,2136,48,429,839,648,172
KARNATAKA,2009,Total,203,1819,2903,2331,953,8209,163,1306,1252,895,370,3986,12195,366,3125,4155,3226,1323
KARNATAKA,2009,Total Illness,23,443,676,610,344,2096,33,333,352,263,147,1128,3224,56,776,1028,873,491
KARNATAKA,2010,Bankruptcy,0,30,48,36,8,122,0,4,4,4,1,13,135,0,34,52,40,9
KARNATAKA,2010,Suspected/Illicit Relation,0,3,8,2,0,13,0,6,5,1,0,12,25,0,9,13,3,0
KARNATAKA,2010,Cancellation/Non-Settlement of Marriage,0,9,4,0,0,13,0,16,3,0,0,19,32,0,25,7,0,0
KARNATAKA,2010,Infertility,0,1,6,7,2,16,0,35,28,8,2,73,89,0,36,34,15,4
KARNATAKA,2010,Illness (Aids/STD),0,14,23,20,1,58,1,2,10,3,0,16,74,1,16,33,23,1
KARNATAKA,2010,Cancer,0,3,22,35,27,87,0,5,6,13,9,33,120,0,8,28,48,36
KARNATAKA,2010,Paralysis,0,5,13,14,22,54,0,7,0,4,1,12,66,0,12,13,18,23
KARNATAKA,2010,Insanity/Mental Illness,16,91,114,79,75,375,26,68,52,28,23,197,572,42,159,166,107,98
KARNATAKA,2010,Other Prolonged Illness,8,355,614,592,263,1832,33,306,322,271,127,1059,2891,41,661,936,863,390
KARNATAKA,2010,Death of Dear Person,0,10,20,14,8,52,1,16,5,4,6,32,84,1,26,25,18,14
KARNATAKA,2010,Dowry Dispute,0,0,16,2,2,20,0,37,17,10,3,67,87,0,37,33,12,5
KARNATAKA,2010,Divorce,0,4,3,0,1,8,0,1,3,0,0,4,12,0,5,6,0,1
KARNATAKA,2010,Drug Abuse/Addiction,0,13,17,20,8,58,1,8,0,1,0,10,68,1,21,17,21,8
KARNATAKA,2010,Failure in Examination,9,78,0,0,0,87,9,51,0,0,0,60,147,18,129,0,0,0
KARNATAKA,2010,Fall in Social Reputation,0,17,10,12,12,51,0,3,0,0,0,3,54,0,20,10,12,12
KARNATAKA,2010,Family Problems,3,240,472,413,177,1305,1,310,219,138,58,726,2031,4,550,691,551,235
KARNATAKA,2010,Ideological Causes/Hero Worshipping,0,2,3,2,1,8,0,4,2,0,1,7,15,0,6,5,2,2
KARNATAKA,2010,Illegitimate Pregnancy,0,0,0,0,0,0,0,5,5,0,0,10,10,0,5,5,0,0
KARNATAKA,2010,Love Affairs,2,60,24,0,0,86,19,32,5,0,0,56,142,21,92,29,0,0
KARNATAKA,2010,"Physical Abuse (Rape,Incest Etc.)",0,0,1,0,0,1,0,0,0,0,0,0,1,0,0,1,0,0
KARNATAKA,2010,Poverty,0,37,74,82,28,221,1,11,10,12,10,44,265,1,48,84,94,38
KARNATAKA,2010,Professional/Career Problem,0,11,16,20,0,47,2,2,2,1,0,7,54,2,13,18,21,0
KARNATAKA,2010,Property Dispute,0,5,13,16,22,56,0,1,3,7,5,16,72,0,6,16,23,27
KARNATAKA,2010,Unemployment,0,51,61,77,1,190,0,8,3,1,0,12,202,0,59,64,78,1
KARNATAKA,2010,Causes Not known,18,425,668,515,161,1787,37,269,226,137,56,725,2512,55,694,894,652,217
KARNATAKA,2010,Other Causes,31,606,615,430,178,1860,37,395,318,192,89,1031,2891,68,1001,933,622,267
KARNATAKA,2010,Total,87,2070,2865,2388,997,8407,168,1602,1248,835,391,4244,12651,255,3672,4113,3223,1388
KARNATAKA,2010,Total Illness,24,468,786,740,388,2406,60,388,390,319,160,1317,3723,84,856,1176,1059,548
KARNATAKA,2011,Bankruptcy,0,44,80,57,17,198,1,9,6,5,3,24,222,1,53,86,62,20
KARNATAKA,2011,Suspected/Illicit Relation,0,2,10,6,0,18,0,8,7,1,0,16,34,0,10,17,7,0
KARNATAKA,2011,Cancellation/Non-Settlement of Marriage,0,15,7,3,0,25,0,17,7,0,0,24,49,0,32,14,3,0
KARNATAKA,2011,Infertility,0,4,19,8,0,31,0,28,31,5,0,64,95,0,32,50,13,0
KARNATAKA,2011,Illness (Aids/STD),0,6,16,4,3,29,1,5,5,2,1,14,43,1,11,21,6,4
KARNATAKA,2011,Cancer,0,1,4,23,17,45,0,1,0,13,8,22,67,0,2,4,36,25
KARNATAKA,2011,Paralysis,0,1,25,18,18,62,0,4,12,8,6,30,92,0,5,37,26,24
KARNATAKA,2011,Insanity/Mental Illness,1,100,104,66,53,324,6,96,58,35,29,224,548,7,196,162,101,82
KARNATAKA,2011,Other Prolonged Illness,2,340,521,460,186,1509,2,315,242,231,97,887,2396,4,655,763,691,283
KARNATAKA,2011,Death of Dear Person,0,10,9,11,5,35,0,11,9,4,5,29,64,0,21,18,15,10
KARNATAKA,2011,Dowry Dispute,0,2,0,0,0,2,0,38,32,0,0,70,72,0,40,32,0,0
KARNATAKA,2011,Divorce,0,16,11,6,0,33,0,3,3,0,0,6,39,0,19,14,6,0
KARNATAKA,2011,Drug Abuse/Addiction,0,13,21,19,7,60,0,3,1,5,2,11,71,0,16,22,24,9
KARNATAKA,2011,Failure in Examination,59,82,2,0,0,143,5,75,0,2,0,82,225,64,157,2,2,0
KARNATAKA,2011,Fall in Social Reputation,0,13,19,9,1,42,0,11,9,5,2,27,69,0,24,28,14,3
KARNATAKA,2011,Family Problems,5,443,648,391,92,1579,4,337,276,199,38,854,2433,9,780,924,590,130
KARNATAKA,2011,Ideological Causes/Hero Worshipping,0,0,0,0,0,0,0,0,0,0,0,0,0,0,0,0,0,0
KARNATAKA,2011,Illegitimate Pregnancy,0,0,0,0,0,0,0,0,0,0,0,0,0,0,0,0,0,0
KARNATAKA,2011,Love Affairs,113,78,7,2,0,200,0,70,14,2,0,86,286,113,148,21,4,0
KARNATAKA,2011,"Physical Abuse (Rape,Incest Etc.)",1,1,5,1,0,8,0,2,0,0,0,2,10,1,3,5,1,0
KARNATAKA,2011,Poverty,0,32,64,42,16,154,0,15,15,14,8,52,206,0,47,79,56,24
KARNATAKA,2011,Professional/Career Problem,0,12,14,15,2,43,0,3,3,1,0,7,50,0,15,17,16,2
KARNATAKA,2011,Property Dispute,0,6,10,17,4,37,0,3,7,4,2,16,53,0,9,17,21,6
KARNATAKA,2011,Unemployment,0,66,82,32,1,181,1,6,2,0,0,9,190,1,72,84,32,1
KARNATAKA,2011,Causes Not known,15,553,685,434,199,1886,11,248,245,162,36,702,2588,26,801,930,596,235
KARNATAKA,2011,Other Causes,24,486,681,475,162,1828,57,304,279,177,75,892,2720,81,790,960,652,237
KARNATAKA,2011,Total,220,2326,3044,2099,783,8472,88,1612,1263,875,312,4150,12622,308,3938,4307,2974,1095
KARNATAKA,2011,Total Illness,3,448,670,571,277,1969,9,421,317,289,141,1177,3146,12,869,987,860,418
KARNATAKA,2012,Bankruptcy,0,26,73,68,15,182,0,3,5,7,1,16,198,0,29,78,75,16
KARNATAKA,2012,Suspected/Illicit Relation,0,16,22,7,0,45,0,2,6,1,0,9,54,0,18,28,8,0
KARNATAKA,2012,Cancellation/Non-Settlement of Marriage,0,12,8,2,0,22,0,19,4,0,0,23,45,0,31,12,2,0
KARNATAKA,2012,Infertility,0,7,12,5,2,26,0,26,20,4,2,52,78,0,33,32,9,4
KARNATAKA,2012,Illness (Aids/STD),0,6,8,5,0,19,2,4,2,1,0,9,28,2,10,10,6,0
KARNATAKA,2012,Cancer,0,2,0,4,3,9,0,1,3,2,2,8,17,0,3,3,6,5
KARNATAKA,2012,Paralysis,0,1,6,18,16,41,0,1,3,8,6,18,59,0,2,9,26,22
KARNATAKA,2012,Insanity/Mental Illness,4,124,134,99,64,425,7,94,58,47,32,238,663,11,218,192,146,96
KARNATAKA,2012,Other Prolonged Illness,6,367,568,502,216,1659,10,319,276,220,72,897,2556,16,686,844,722,288
KARNATAKA,2012,Death of Dear Person,0,8,10,12,6,36,3,14,13,7,6,43,79,3,22,23,19,12
KARNATAKA,2012,Dowry Dispute,0,0,0,0,0,0,0,27,17,0,0,44,44,0,27,17,0,0
KARNATAKA,2012,Divorce,0,2,2,1,0,5,0,4,2,0,0,6,11,0,6,4,1,0
KARNATAKA,2012,Drug Abuse/Addiction,0,24,22,19,6,71,0,2,0,2,2,6,77,0,26,22,21,8
KARNATAKA,2012,Failure in Examination,11,84,1,0,0,96,5,79,3,0,0,87,183,16,163,4,0,0
KARNATAKA,2012,Fall in Social Reputation,1,28,43,45,7,124,0,29,10,5,4,48,172,1,57,53,50,11
KARNATAKA,2012,Family Problems,5,483,784,477,98,1847,16,432,286,160,41,935,2782,21,915,1070,637,139
KARNATAKA,2012,Ideological Causes/Hero Worshipping,0,4,0,0,0,4,0,0,0,0,0,0,4,0,4,0,0,0
KARNATAKA,2012,Illegitimate Pregnancy,0,0,0,0,0,0,0,1,0,0,0,1,1,0,1,0,0,0
KARNATAKA,2012,Love Affairs,16,137,12,1,0,166,0,139,11,0,0,150,316,16,276,23,1,0
KARNATAKA,2012,"Physical Abuse (Rape,Incest Etc.)",0,2,0,0,0,2,0,0,0,0,0,0,2,0,2,0,0,0
KARNATAKA,2012,Poverty,3,67,117,60,8,255,2,43,36,24,4,109,364,5,110,153,84,12
KARNATAKA,2012,Professional/Career Problem,0,11,11,15,2,39,0,3,3,1,1,8,47,0,14,14,16,3
KARNATAKA,2012,Property Dispute,0,3,9,7,4,23,0,2,3,1,0,6,29,0,5,12,8,4
KARNATAKA,2012,Unemployment,1,66,49,26,3,145,0,13,5,2,1,21,166,1,79,54,28,4
KARNATAKA,2012,Causes Not known,18,402,596,375,146,1537,21,248,186,89,34,578,2115,39,650,782,464,180
KARNATAKA,2012,Other Causes,13,476,670,492,167,1818,12,281,311,175,66,845,2663,25,757,981,667,233
KARNATAKA,2012,Total,78,2358,3157,2240,763,8596,78,1786,1263,756,274,4157,12753,156,4144,4420,2996,1037
KARNATAKA,2012,Total Illness,10,500,716,628,299,2153,19,419,342,278,112,1170,3323,29,919,1058,906,411
KERALA,2001,Bankruptcy,1,106,471,495,111,1184,1,38,97,106,25,267,1451,2,144,568,601,136
KERALA,2001,Suspected/Illicit Relation,0,1,3,4,0,8,0,6,8,5,0,19,27,0,7,11,9,0
KERALA,2001,Cancellation/Non-Settlement of Marriage,0,4,2,1,0,7,0,13,5,0,0,18,25,0,17,7,1,0
KERALA,2001,Infertility,0,0,5,3,0,8,0,3,9,6,0,18,26,0,3,14,9,0
KERALA,2001,Illness (Aids/STD),0,1,0,1,0,2,0,0,0,1,3,4,6,0,1,0,2,3
KERALA,2001,Cancer,0,10,20,45,37,112,0,1,6,14,10,31,143,0,11,26,59,47
KERALA,2001,Paralysis,0,5,14,24,33,76,0,3,3,12,14,32,108,0,8,17,36,47
KERALA,2001,Insanity/Mental Illness,1,100,188,206,120,615,1,78,104,89,67,339,954,2,178,292,295,187
KERALA,2001,Other Prolonged Illness,3,78,147,330,340,898,1,52,88,110,123,374,1272,4,130,235,440,463
KERALA,2001,Death of Dear Person,1,7,16,13,12,49,1,6,10,7,10,34,83,2,13,26,20,22
KERALA,2001,Dowry Dispute,0,0,0,1,0,1,0,19,5,1,0,25,26,0,19,5,2,0
KERALA,2001,Divorce,0,0,4,2,0,6,0,4,7,7,2,20,26,0,4,11,9,2
KERALA,2001,Drug Abuse/Addiction,0,15,35,27,5,82,0,1,0,0,0,1,83,0,16,35,27,5
KERALA,2001,Failure in Examination,9,24,1,0,0,34,11,41,0,0,0,52,86,20,65,1,0,0
KERALA,2001,Fall in Social Reputation,0,2,10,22,23,57,0,1,12,4,14,31,88,0,3,22,26,37
KERALA,2001,Family Problems,13,225,367,428,183,1216,13,179,176,125,79,572,1788,26,404,543,553,262
KERALA,2001,Ideological Causes/Hero Worshipping,0,0,0,0,0,0,0,0,0,0,0,0,0,0,0,0,0,0
KERALA,2001,Illegitimate Pregnancy,0,2,0,0,0,2,0,7,6,0,0,13,15,0,9,6,0,0
KERALA,2001,Love Affairs,0,74,10,2,1,87,0,46,15,2,0,63,150,0,120,25,4,1
KERALA,2001,"Physical Abuse (Rape,Incest Etc.)",0,0,0,0,0,0,0,0,0,0,0,0,0,0,0,0,0,0
KERALA,2001,Poverty,0,0,3,0,0,3,0,0,0,0,0,0,3,0,0,3,0,0
KERALA,2001,Professional/Career Problem,0,23,81,47,36,187,0,3,8,5,1,17,204,0,26,89,52,37
KERALA,2001,Property Dispute,0,0,9,11,15,35,0,1,3,6,5,15,50,0,1,12,17,20
KERALA,2001,Unemployment,0,31,85,38,11,165,0,7,9,7,4,27,192,0,38,94,45,15
KERALA,2001,Causes Not known,4,133,169,180,114,600,5,83,58,51,43,240,840,9,216,227,231,157
KERALA,2001,Other Causes,11,268,467,360,247,1353,15,202,169,108,79,573,1926,26,470,636,468,326
KERALA,2001,Total,43,1109,2107,2240,1288,6787,48,794,798,666,479,2785,9572,91,1903,2905,2906,1767
KERALA,2001,Total Illness,4,194,369,606,530,1703,2,134,201,226,217,780,2483,6,328,570,832,747
KERALA,2002,Bankruptcy,2,105,364,359,170,1000,3,16,48,52,16,135,1135,5,121,412,411,186
KERALA,2002,Suspected/Illicit Relation,0,1,7,4,0,12,0,7,15,5,0,27,39,0,8,22,9,0
KERALA,2002,Cancellation/Non-Settlement of Marriage,0,6,1,2,0,9,0,19,11,2,0,32,41,0,25,12,4,0
KERALA,2002,Infertility,0,0,7,0,1,8,0,5,11,2,0,18,26,0,5,18,2,1
KERALA,2002,Illness (Aids/STD),0,0,2,0,0,2,0,0,1,0,0,1,3,0,0,3,0,0
KERALA,2002,Cancer,0,7,28,31,41,107,0,4,10,13,7,34,141,0,11,38,44,48
KERALA,2002,Paralysis,0,4,7,34,56,101,0,3,5,12,15,35,136,0,7,12,46,71
KERALA,2002,Insanity/Mental Illness,2,127,225,203,137,694,0,89,107,85,38,319,1013,2,216,332,288,175
KERALA,2002,Other Prolonged Illness,2,84,183,267,334,870,4,52,86,101,110,353,1223,6,136,269,368,444
KERALA,2002,Death of Dear Person,0,7,14,9,21,51,0,12,9,8,13,42,93,0,19,23,17,34
KERALA,2002,Dowry Dispute,0,0,0,0,0,0,0,10,7,4,1,22,22,0,10,7,4,1
KERALA,2002,Divorce,0,1,3,0,2,6,0,4,6,2,0,12,18,0,5,9,2,2
KERALA,2002,Drug Abuse/Addiction,0,28,61,83,8,180,0,1,0,0,0,1,181,0,29,61,83,8
KERALA,2002,Failure in Examination,6,33,0,0,0,39,13,37,0,0,0,50,89,19,70,0,0,0
KERALA,2002,Fall in Social Reputation,0,4,4,5,4,17,1,2,2,0,1,6,23,1,6,6,5,5
KERALA,2002,Family Problems,21,281,472,527,309,1610,22,173,220,172,103,690,2300,43,454,692,699,412
KERALA,2002,Ideological Causes/Hero Worshipping,0,3,4,6,8,21,0,2,2,2,1,7,28,0,5,6,8,9
KERALA,2002,Illegitimate Pregnancy,0,0,0,0,0,0,0,4,2,0,0,6,6,0,4,2,0,0
KERALA,2002,Love Affairs,0,37,11,0,0,48,0,27,9,1,0,37,85,0,64,20,1,0
KERALA,2002,"Physical Abuse (Rape,Incest Etc.)",0,2,0,0,0,2,0,4,0,0,0,4,6,0,6,0,0,0
KERALA,2002,Poverty,0,0,0,2,0,2,0,0,0,0,0,0,2,0,0,0,2,0
KERALA,2002,Professional/Career Problem,0,11,29,25,3,68,0,1,0,2,0,3,71,0,12,29,27,3
KERALA,2002,Property Dispute,0,5,15,10,5,35,0,2,3,2,0,7,42,0,7,18,12,5
KERALA,2002,Unemployment,0,32,47,10,0,89,0,0,8,2,0,10,99,0,32,55,12,0
KERALA,2002,Causes Not known,10,256,351,295,244,1156,10,125,131,85,54,405,1561,20,381,482,380,298
KERALA,2002,Other Causes,11,230,361,305,131,1038,12,90,147,73,67,389,1427,23,320,508,378,198
KERALA,2002,Total,54,1264,2196,2177,1474,7165,65,689,840,625,426,2645,9810,119,1953,3036,2802,1900
KERALA,2002,Total Illness,4,222,445,535,568,1774,4,148,209,211,170,742,2516,8,370,654,746,738
KERALA,2003,Bankruptcy,1,103,315,341,142,902,1,21,39,35,21,117,1019,2,124,354,376,163
KERALA,2003,Suspected/Illicit Relation,0,2,3,1,0,6,0,2,0,0,0,2,8,0,4,3,1,0
KERALA,2003,Cancellation/Non-Settlement of Marriage,0,3,8,4,2,17,0,22,12,3,1,38,55,0,25,20,7,3
KERALA,2003,Infertility,0,3,8,4,3,18,0,6,5,6,0,17,35,0,9,13,10,3
KERALA,2003,Illness (Aids/STD),0,2,1,4,5,12,0,0,1,2,1,4,16,0,2,2,6,6
KERALA,2003,Cancer,0,0,3,7,20,30,0,2,2,4,4,12,42,0,2,5,11,24
KERALA,2003,Paralysis,0,1,3,11,17,32,0,0,0,5,7,12,44,0,1,3,16,24
KERALA,2003,Insanity/Mental Illness,0,182,272,284,172,910,0,133,121,118,70,442,1352,0,315,393,402,242
KERALA,2003,Other Prolonged Illness,2,100,212,264,328,906,1,64,86,87,140,378,1284,3,164,298,351,468
KERALA,2003,Death of Dear Person,1,7,12,13,9,42,0,7,8,10,9,34,76,1,14,20,23,18
KERALA,2003,Dowry Dispute,0,2,0,1,0,3,0,6,1,0,0,7,10,0,8,1,1,0
KERALA,2003,Divorce,0,0,2,0,0,2,0,0,6,0,0,6,8,0,0,8,0,0
KERALA,2003,Drug Abuse/Addiction,0,18,43,55,41,157,0,1,0,0,0,1,158,0,19,43,55,41
KERALA,2003,Failure in Examination,7,28,0,0,0,35,6,47,0,0,0,53,88,13,75,0,0,0
KERALA,2003,Fall in Social Reputation,0,12,34,17,15,78,0,8,3,2,1,14,92,0,20,37,19,16
KERALA,2003,Family Problems,10,227,449,497,263,1446,12,169,168,145,87,581,2027,22,396,617,642,350
KERALA,2003,Ideological Causes/Hero Worshipping,0,0,0,0,0,0,0,0,0,0,0,0,0,0,0,0,0,0
KERALA,2003,Illegitimate Pregnancy,0,0,0,0,0,0,0,3,1,0,0,4,4,0,3,1,0,0
KERALA,2003,Love Affairs,0,34,10,1,0,45,0,40,14,1,0,55,100,0,74,24,2,0
KERALA,2003,"Physical Abuse (Rape,Incest Etc.)",0,0,0,0,0,0,0,0,0,0,0,0,0,0,0,0,0,0
KERALA,2003,Poverty,0,1,3,7,1,12,0,1,0,0,0,1,13,0,2,3,7,1
KERALA,2003,Professional/Career Problem,0,13,7,6,2,28,0,1,0,0,0,1,29,0,14,7,6,2
KERALA,2003,Property Dispute,0,2,8,11,5,26,0,0,1,2,0,3,29,0,2,9,13,5
KERALA,2003,Unemployment,0,37,40,34,15,126,0,3,1,0,0,4,130,0,40,41,34,15
KERALA,2003,Causes Not known,17,207,319,293,164,1000,17,119,86,63,58,343,1343,34,326,405,356,222
KERALA,2003,Other Causes,12,216,280,361,233,1102,12,119,92,61,90,374,1476,24,335,372,422,323
KERALA,2003,Total,50,1200,2032,2216,1437,6935,49,774,647,544,489,2503,9438,99,1974,2679,2760,1926
KERALA,2003,Total Illness,2,285,491,570,542,1890,1,199,210,216,222,848,2738,3,484,701,786,764
KERALA,2004,Bankruptcy,1,71,304,317,106,799,1,17,31,28,12,89,888,2,88,335,345,118
KERALA,2004,Suspected/Illicit Relation,0,1,2,0,1,4,0,2,3,0,0,5,9,0,3,5,0,1
KERALA,2004,Cancellation/Non-Settlement of Marriage,0,2,6,3,0,11,0,27,9,4,0,40,51,0,29,15,7,0
KERALA,2004,Infertility,0,0,8,4,3,15,0,7,14,2,1,24,39,0,7,22,6,4
KERALA,2004,Illness (Aids/STD),0,0,1,1,0,2,0,0,0,0,0,0,2,0,0,1,1,0
KERALA,2004,Cancer,0,5,7,16,28,56,0,2,2,10,16,30,86,0,7,9,26,44
KERALA,2004,Paralysis,0,0,1,12,11,24,0,0,1,2,3,6,30,0,0,2,14,14
KERALA,2004,Insanity/Mental Illness,6,194,296,314,161,971,7,90,124,112,77,410,1381,13,284,420,426,238
KERALA,2004,Other Prolonged Illness,2,59,187,305,361,914,7,50,68,131,152,408,1322,9,109,255,436,513
KERALA,2004,Death of Dear Person,1,10,15,13,15,54,1,9,13,5,8,36,90,2,19,28,18,23
KERALA,2004,Dowry Dispute,0,0,0,0,0,0,0,4,8,3,0,15,15,0,4,8,3,0
KERALA,2004,Divorce,0,0,3,0,1,4,0,3,3,1,0,7,11,0,3,6,1,1
KERALA,2004,Drug Abuse/Addiction,0,19,28,27,6,80,0,0,0,0,0,0,80,0,19,28,27,6
KERALA,2004,Failure in Examination,8,24,0,0,0,32,5,34,0,0,0,39,71,13,58,0,0,0
KERALA,2004,Fall in Social Reputation,0,0,2,9,0,11,0,3,0,0,0,3,14,0,3,2,9,0
KERALA,2004,Family Problems,13,234,578,446,211,1482,17,183,174,99,73,546,2028,30,417,752,545,284
KERALA,2004,Ideological Causes/Hero Worshipping,0,0,0,0,0,0,0,2,0,0,0,2,2,0,2,0,0,0
KERALA,2004,Illegitimate Pregnancy,0,0,0,0,0,0,0,4,1,1,0,6,6,0,4,1,1,0
KERALA,2004,Love Affairs,0,35,10,0,0,45,0,44,1,0,0,45,90,0,79,11,0,0
KERALA,2004,"Physical Abuse (Rape,Incest Etc.)",0,0,0,0,0,0,0,3,0,0,0,3,3,0,3,0,0,0
KERALA,2004,Poverty,0,0,1,3,1,5,0,0,1,0,0,1,6,0,0,2,3,1
KERALA,2004,Professional/Career Problem,0,9,3,5,1,18,0,1,0,0,0,1,19,0,10,3,5,1
KERALA,2004,Property Dispute,0,1,3,3,2,9,0,0,0,0,0,0,9,0,1,3,3,2
KERALA,2004,Unemployment,0,97,28,25,8,158,0,20,41,0,0,61,219,0,117,69,25,8
KERALA,2004,Causes Not known,7,167,274,279,182,909,5,77,73,66,59,280,1189,12,244,347,345,241
KERALA,2004,Other Causes,10,179,310,328,168,995,10,147,87,72,82,398,1393,20,326,397,400,250
KERALA,2004,Total,48,1107,2067,2110,1266,6598,53,729,654,536,483,2455,9053,101,1836,2721,2646,1749
KERALA,2004,Total Illness,8,258,492,648,561,1967,14,142,195,255,248,854,2821,22,400,687,903,809
KERALA,2005,Bankruptcy,0,72,245,356,85,758,0,6,25,31,11,73,831,0,78,270,387,96
KERALA,2005,Suspected/Illicit Relation,2,2,4,2,1,11,0,2,1,0,0,3,14,2,4,5,2,1
KERALA,2005,Cancellation/Non-Settlement of Marriage,0,3,8,2,0,13,0,28,4,0,0,32,45,0,31,12,2,0
KERALA,2005,Infertility,0,1,5,14,2,22,0,5,10,5,1,21,43,0,6,15,19,3
KERALA,2005,Illness (Aids/STD),0,0,2,0,0,2,0,0,1,0,0,1,3,0,0,3,0,0
KERALA,2005,Cancer,0,0,12,24,23,59,0,1,4,7,14,26,85,0,1,16,31,37
KERALA,2005,Paralysis,0,0,1,17,9,27,0,0,0,6,2,8,35,0,0,1,23,11
KERALA,2005,Insanity/Mental Illness,0,197,291,305,136,929,4,113,128,131,90,466,1395,4,310,419,436,226
KERALA,2005,Other Prolonged Illness,2,69,155,265,355,846,2,53,69,87,166,377,1223,4,122,224,352,521
KERALA,2005,Death of Dear Person,1,13,14,13,14,55,1,6,9,15,8,39,94,2,19,23,28,22
KERALA,2005,Dowry Dispute,0,0,0,0,0,0,0,9,8,0,0,17,17,0,9,8,0,0
KERALA,2005,Divorce,0,0,1,5,1,7,0,1,6,0,0,7,14,0,1,7,5,1
KERALA,2005,Drug Abuse/Addiction,0,21,20,19,3,63,0,0,0,0,0,0,63,0,21,20,19,3
KERALA,2005,Failure in Examination,10,28,0,0,0,38,13,18,0,0,0,31,69,23,46,0,0,0
KERALA,2005,Fall in Social Reputation,0,0,2,6,2,10,0,0,0,2,0,2,12,0,0,2,8,2
KERALA,2005,Family Problems,14,372,708,619,269,1982,13,208,190,168,88,667,2649,27,580,898,787,357
KERALA,2005,Ideological Causes/Hero Worshipping,2,10,28,24,18,82,1,10,10,5,4,30,112,3,20,38,29,22
KERALA,2005,Illegitimate Pregnancy,0,0,0,0,0,0,0,0,1,0,0,1,1,0,0,1,0,0
KERALA,2005,Love Affairs,0,27,9,1,0,37,1,39,4,0,0,44,81,1,66,13,1,0
KERALA,2005,"Physical Abuse (Rape,Incest Etc.)",0,0,0,0,0,0,0,0,0,0,1,1,1,0,0,0,0,1
KERALA,2005,Poverty,0,2,2,5,0,9,0,0,0,1,0,1,10,0,2,2,6,0
KERALA,2005,Professional/Career Problem,0,5,9,12,1,27,0,3,3,1,0,7,34,0,8,12,13,1
KERALA,2005,Property Dispute,1,2,4,1,1,9,1,0,2,1,1,5,14,2,2,6,2,2
KERALA,2005,Unemployment,0,41,41,24,2,108,0,12,7,7,2,28,136,0,53,48,31,4
KERALA,2005,Causes Not known,3,109,198,195,147,652,5,65,46,46,38,200,852,8,174,244,241,185
KERALA,2005,Other Causes,11,264,360,298,151,1084,9,111,104,63,40,327,1411,20,375,464,361,191
KERALA,2005,Total,46,1238,2119,2207,1220,6830,50,690,632,576,466,2414,9244,96,1928,2751,2783,1686
KERALA,2005,Total Illness,2,266,461,611,523,1863,6,167,202,231,272,878,2741,8,433,663,842,795
KERALA,2006,Bankruptcy,1,56,191,328,86,662,2,18,30,28,6,84,746,3,74,221,356,92
KERALA,2006,Suspected/Illicit Relation,0,1,4,3,0,8,0,3,6,1,0,10,18,0,4,10,4,0
KERALA,2006,Cancellation/Non-Settlement of Marriage,0,5,2,2,1,10,0,17,4,0,0,21,31,0,22,6,2,1
KERALA,2006,Infertility,0,2,5,10,2,19,0,4,6,1,0,11,30,0,6,11,11,2
KERALA,2006,Illness (Aids/STD),0,0,1,1,0,2,0,0,0,0,0,0,2,0,0,1,1,0
KERALA,2006,Cancer,0,1,9,23,19,52,0,1,4,6,2,13,65,0,2,13,29,21
KERALA,2006,Paralysis,0,0,2,2,4,8,0,0,0,1,2,3,11,0,0,2,3,6
KERALA,2006,Insanity/Mental Illness,2,190,338,323,169,1022,0,124,148,120,97,489,1511,2,314,486,443,266
KERALA,2006,Other Prolonged Illness,2,60,158,313,375,908,1,60,66,113,137,377,1285,3,120,224,426,512
KERALA,2006,Death of Dear Person,1,10,11,13,12,47,2,5,6,6,7,26,73,3,15,17,19,19
KERALA,2006,Dowry Dispute,0,0,0,1,0,1,0,6,11,1,0,18,19,0,6,11,2,0
KERALA,2006,Divorce,0,1,11,7,2,21,0,0,3,0,0,3,24,0,1,14,7,2
KERALA,2006,Drug Abuse/Addiction,0,23,49,26,13,111,3,3,0,0,0,6,117,3,26,49,26,13
KERALA,2006,Failure in Examination,5,17,0,0,0,22,15,23,0,0,0,38,60,20,40,0,0,0
KERALA,2006,Fall in Social Reputation,1,11,25,8,8,53,2,10,8,5,1,26,79,3,21,33,13,9
KERALA,2006,Family Problems,20,435,819,802,391,2467,24,271,257,246,153,951,3418,44,706,1076,1048,544
KERALA,2006,Ideological Causes/Hero Worshipping,,0,0,0,0,0,,0,1,0,0,1,1,0,0,1,0,0
KERALA,2006,Illegitimate Pregnancy,,0,0,0,0,0,,1,0,1,0,2,2,0,1,0,1,0
KERALA,2006,Love Affairs,,19,11,6,0,36,1,28,3,2,0,34,70,1,47,14,8,0
KERALA,2006,"Physical Abuse (Rape,Incest Etc.)",,5,0,1,1,7,0,3,0,0,1,4,11,0,8,0,1,2
KERALA,2006,Poverty,,0,0,0,0,0,,0,0,0,0,0,,0,0,0,0,0
KERALA,2006,Professional/Career Problem,,1,9,6,0,16,,2,0,1,0,3,19,0,3,9,7,0
KERALA,2006,Property Dispute,,1,0,2,1,4,,0,1,0,0,1,5,0,1,1,2,1
KERALA,2006,Unemployment,,21,40,25,0,86,,6,4,2,0,12,98,0,27,44,27,0
KERALA,2006,Causes Not known,9,101,149,121,88,468,4,42,35,37,26,144,612,13,143,184,158,114
KERALA,2006,Other Causes,13,106,157,176,101,553,6,55,47,31,27,166,719,19,161,204,207,128
KERALA,2006,Total,54,1066,1991,2199,1273,6583,60,682,640,602,459,2443,9026,114,1748,2631,2801,1732
KERALA,2006,Total Illness,4,251,508,662,567,1992,1,185,218,240,238,882,2874,5,436,726,902,805
KERALA,2007,Bankruptcy,0,52,222,333,71,678,0,10,25,34,9,78,756,0,62,247,367,80
KERALA,2007,Suspected/Illicit Relation,0,1,5,2,0,8,0,6,8,0,0,14,22,0,7,13,2,0
KERALA,2007,Cancellation/Non-Settlement of Marriage,0,1,2,0,0,3,0,14,3,1,0,18,21,0,15,5,1,0
KERALA,2007,Infertility,0,0,9,6,0,15,0,3,12,2,1,18,33,0,3,21,8,1
KERALA,2007,Illness (Aids/STD),0,0,1,0,0,1,0,0,0,0,0,0,1,0,0,1,0,0
KERALA,2007,Cancer,0,0,7,26,24,57,0,1,4,13,10,28,85,0,1,11,39,34
KERALA,2007,Paralysis,0,0,3,6,10,19,0,0,0,3,2,5,24,0,0,3,9,12
KERALA,2007,Insanity/Mental Illness,2,165,335,306,142,950,5,95,146,122,66,434,1384,7,260,481,428,208
KERALA,2007,Other Prolonged Illness,1,69,173,362,319,924,0,43,84,142,136,405,1329,1,112,257,504,455
KERALA,2007,Death of Dear Person,0,8,18,24,15,65,0,3,7,11,8,29,94,0,11,25,35,23
KERALA,2007,Dowry Dispute,0,0,0,0,0,0,0,16,6,0,0,22,22,0,16,6,0,0
KERALA,2007,Divorce,0,2,1,2,0,5,0,0,0,0,0,0,5,0,2,1,2,0
KERALA,2007,Drug Abuse/Addiction,0,24,61,44,7,136,0,0,0,1,0,1,137,0,24,61,45,7
KERALA,2007,Failure in Examination,7,17,0,0,0,24,7,16,0,0,0,23,47,14,33,0,0,0
KERALA,2007,Fall in Social Reputation,0,3,17,15,0,35,0,1,5,3,1,10,45,0,4,22,18,1
KERALA,2007,Family Problems,32,522,959,906,403,2822,25,265,295,265,115,965,3787,57,787,1254,1171,518
KERALA,2007,Ideological Causes/Hero Worshipping,0,0,0,0,0,0,0,0,0,0,0,0,0,0,0,0,0,0
KERALA,2007,Illegitimate Pregnancy,0,0,0,0,0,0,0,4,0,0,0,4,4,0,4,0,0,0
KERALA,2007,Love Affairs,0,29,6,0,0,35,2,41,3,0,0,46,81,2,70,9,0,0
KERALA,2007,"Physical Abuse (Rape,Incest Etc.)",0,0,0,0,0,0,0,1,0,0,0,1,1,0,1,0,0,0
KERALA,2007,Poverty,0,0,0,0,0,0,0,0,0,0,0,0,0,0,0,0,0,0
KERALA,2007,Professional/Career Problem,0,4,8,7,0,19,0,1,1,1,0,3,22,0,5,9,8,0
KERALA,2007,Property Dispute,0,0,4,8,4,16,0,0,1,1,1,3,19,0,0,5,9,5
KERALA,2007,Unemployment,0,30,14,4,0,48,0,5,2,0,0,7,55,0,35,16,4,0
KERALA,2007,Causes Not known,5,138,191,183,81,598,3,70,66,36,33,208,806,8,208,257,219,114
KERALA,2007,Other Causes,1,32,33,39,25,130,1,15,13,12,11,52,182,2,47,46,51,36
KERALA,2007,Total,48,1097,2069,2273,1101,6588,43,610,681,647,393,2374,8962,91,1707,2750,2920,1494
KERALA,2007,Total Illness,3,234,519,700,495,1951,5,139,234,280,214,872,2823,8,373,753,980,709
KERALA,2008,Bankruptcy,0,21,184,216,59,480,0,8,21,25,5,59,539,0,29,205,241,64
KERALA,2008,Suspected/Illicit Relation,0,1,7,5,0,13,0,6,6,3,0,15,28,0,7,13,8,0
KERALA,2008,Cancellation/Non-Settlement of Marriage,0,0,4,0,0,4,0,15,7,0,0,22,26,0,15,11,0,0
KERALA,2008,Infertility,0,0,8,6,0,14,0,4,10,4,1,19,33,0,4,18,10,1
KERALA,2008,Illness (Aids/STD),0,0,1,1,0,2,0,0,0,0,0,0,2,0,0,1,1,0
KERALA,2008,Cancer,0,1,7,27,20,55,0,0,2,13,6,21,76,0,1,9,40,26
KERALA,2008,Paralysis,0,0,0,4,11,15,0,0,0,2,0,2,17,0,0,0,6,11
KERALA,2008,Insanity/Mental Illness,0,167,293,288,144,892,1,89,131,124,78,423,1315,1,256,424,412,222
KERALA,2008,Other Prolonged Illness,0,67,203,364,295,929,2,55,101,124,118,400,1329,2,122,304,488,413
KERALA,2008,Death of Dear Person,1,9,18,17,18,63,0,8,12,8,10,38,101,1,17,30,25,28
KERALA,2008,Dowry Dispute,0,0,0,0,0,0,1,26,5,0,0,32,32,1,26,5,0,0
KERALA,2008,Divorce,0,1,9,7,0,17,0,0,5,2,0,7,24,0,1,14,9,0
KERALA,2008,Drug Abuse/Addiction,0,25,94,88,28,235,0,0,0,0,0,0,235,0,25,94,88,28
KERALA,2008,Failure in Examination,5,16,0,0,0,21,8,18,0,0,0,26,47,13,34,0,0,0
KERALA,2008,Fall in Social Reputation,0,0,16,17,3,36,0,0,7,6,0,13,49,0,0,23,23,3
KERALA,2008,Family Problems,10,534,996,764,359,2663,22,319,319,264,150,1074,3737,32,853,1315,1028,509
KERALA,2008,Ideological Causes/Hero Worshipping,0,0,0,0,0,0,0,0,0,0,0,0,0,0,0,0,0,0
KERALA,2008,Illegitimate Pregnancy,0,0,0,0,0,0,0,4,0,0,0,4,4,0,4,0,0,0
KERALA,2008,Love Affairs,0,46,7,1,0,54,0,59,4,0,0,63,117,0,105,11,1,0
KERALA,2008,"Physical Abuse (Rape,Incest Etc.)",0,1,0,0,0,1,1,1,0,0,0,2,3,1,2,0,0,0
KERALA,2008,Poverty,0,0,0,0,0,0,0,0,0,1,0,1,1,0,0,0,1,0
KERALA,2008,Professional/Career Problem,0,2,12,17,0,31,0,1,2,1,0,4,35,0,3,14,18,0
KERALA,2008,Property Dispute,0,3,9,17,11,40,0,0,0,2,3,5,45,0,3,9,19,14
KERALA,2008,Unemployment,0,7,10,11,0,28,0,1,3,4,0,8,36,0,8,13,15,0
KERALA,2008,Causes Not known,4,98,139,119,75,435,6,45,49,46,20,166,601,10,143,188,165,95
KERALA,2008,Other Causes,6,17,31,32,16,102,1,7,8,8,11,35,137,7,24,39,40,27
KERALA,2008,Total,26,1016,2048,2001,1039,6130,42,666,692,637,402,2439,8569,68,1682,2740,2638,1441
KERALA,2008,Total Illness,0,235,504,684,470,1893,3,144,234,263,202,846,2739,3,379,738,947,672
KERALA,2009,Bankruptcy,0,35,176,227,72,510,1,11,19,19,5,55,565,1,46,195,246,77
KERALA,2009,Suspected/Illicit Relation,0,5,6,1,0,12,0,7,4,0,0,11,23,0,12,10,1,0
KERALA,2009,Cancellation/Non-Settlement of Marriage,0,7,14,2,0,23,0,17,8,1,0,26,49,0,24,22,3,0
KERALA,2009,Infertility,0,1,4,7,3,15,0,3,5,3,2,13,28,0,4,9,10,5
KERALA,2009,Illness (Aids/STD),0,2,1,0,0,3,0,0,0,0,0,0,3,0,2,1,0,0
KERALA,2009,Cancer,0,12,30,47,43,132,0,1,9,19,13,42,174,0,13,39,66,56
KERALA,2009,Paralysis,0,0,14,15,19,48,0,0,2,11,8,21,69,0,0,16,26,27
KERALA,2009,Insanity/Mental Illness,4,173,291,349,148,965,4,94,139,131,92,460,1425,8,267,430,480,240
KERALA,2009,Other Prolonged Illness,2,89,156,347,300,894,1,51,91,113,141,397,1291,3,140,247,460,441
KERALA,2009,Death of Dear Person,0,11,26,13,13,63,1,13,17,11,4,46,109,1,24,43,24,17
KERALA,2009,Dowry Dispute,0,0,0,0,0,0,0,16,4,0,0,20,20,0,16,4,0,0
KERALA,2009,Divorce,0,0,2,2,0,4,0,3,6,0,0,9,13,0,3,8,2,0
KERALA,2009,Drug Abuse/Addiction,0,44,102,87,27,260,0,0,0,0,0,0,260,0,44,102,87,27
KERALA,2009,Failure in Examination,6,18,0,0,0,24,2,20,0,0,0,22,46,8,38,0,0,0
KERALA,2009,Fall in Social Reputation,0,3,18,30,4,55,3,4,24,16,7,54,109,3,7,42,46,11
KERALA,2009,Family Problems,16,598,890,725,345,2574,11,328,230,254,119,942,3516,27,926,1120,979,464
KERALA,2009,Ideological Causes/Hero Worshipping,0,0,0,0,0,0,0,0,1,0,0,1,1,0,0,1,0,0
KERALA,2009,Illegitimate Pregnancy,0,0,0,0,0,0,0,3,0,0,0,3,3,0,3,0,0,0
KERALA,2009,Love Affairs,0,54,11,0,0,65,1,49,3,1,0,54,119,1,103,14,1,0
KERALA,2009,"Physical Abuse (Rape,Incest Etc.)",0,0,0,0,0,0,0,1,0,0,0,1,1,0,1,0,0,0
KERALA,2009,Poverty,0,0,0,0,0,0,0,0,0,0,0,0,0,0,0,0,0,0
KERALA,2009,Professional/Career Problem,0,5,24,29,1,59,0,3,2,3,0,8,67,0,8,26,32,1
KERALA,2009,Property Dispute,0,2,9,11,3,25,0,0,3,2,1,6,31,0,2,12,13,4
KERALA,2009,Unemployment,0,6,9,4,0,19,0,2,0,0,0,2,21,0,8,9,4,0
KERALA,2009,Causes Not known,8,99,151,106,72,436,5,56,38,36,50,185,621,13,155,189,142,122
KERALA,2009,Other Causes,2,27,45,40,22,136,1,23,11,13,7,55,191,3,50,56,53,29
KERALA,2009,Total,38,1191,1979,2042,1072,6322,30,705,616,633,449,2433,8755,68,1896,2595,2675,1521
KERALA,2009,Total Illness,6,276,492,758,510,2042,5,146,241,274,254,920,2962,11,422,733,1032,764
KERALA,2010,Bankruptcy,2,40,143,181,46,412,0,4,15,17,4,40,452,2,44,158,198,50
KERALA,2010,Suspected/Illicit Relation,0,0,6,4,0,10,0,5,3,1,0,9,19,0,5,9,5,0
KERALA,2010,Cancellation/Non-Settlement of Marriage,0,7,8,2,0,17,0,10,8,0,0,18,35,0,17,16,2,0
KERALA,2010,Infertility,0,4,6,12,4,26,0,3,7,4,2,16,42,0,7,13,16,6
KERALA,2010,Illness (Aids/STD),0,1,4,0,2,7,0,0,0,0,0,0,7,0,1,4,0,2
KERALA,2010,Cancer,0,0,23,61,35,119,0,0,8,24,8,40,159,0,0,31,85,43
KERALA,2010,Paralysis,0,1,12,32,17,62,0,0,5,11,9,25,87,0,1,17,43,26
KERALA,2010,Insanity/Mental Illness,1,175,246,290,169,881,2,101,111,89,86,389,1270,3,276,357,379,255
KERALA,2010,Other Prolonged Illness,2,63,139,296,298,798,1,21,69,88,118,297,1095,3,84,208,384,416
KERALA,2010,Death of Dear Person,0,7,23,24,21,75,1,7,10,9,12,39,114,1,14,33,33,33
KERALA,2010,Dowry Dispute,0,0,0,0,0,0,0,16,4,1,0,21,21,0,16,4,1,0
KERALA,2010,Divorce,0,1,6,3,0,10,0,2,2,2,0,6,16,0,3,8,5,0
KERALA,2010,Drug Abuse/Addiction,0,45,107,106,30,288,0,1,0,0,0,1,289,0,46,107,106,30
KERALA,2010,Failure in Examination,9,18,3,0,0,30,8,18,0,0,0,26,56,17,36,3,0,0
KERALA,2010,Fall in Social Reputation,1,4,8,23,4,40,0,0,8,6,0,14,54,1,4,16,29,4
KERALA,2010,Family Problems,36,446,950,877,347,2656,27,258,277,226,130,918,3574,63,704,1227,1103,477
KERALA,2010,Ideological Causes/Hero Worshipping,0,0,0,0,0,0,0,0,0,0,0,0,0,0,0,0,0,0
KERALA,2010,Illegitimate Pregnancy,0,0,0,0,0,0,0,4,0,0,0,4,4,0,4,0,0,0
KERALA,2010,Love Affairs,0,48,11,0,0,59,1,65,15,0,0,81,140,1,113,26,0,0
KERALA,2010,"Physical Abuse (Rape,Incest Etc.)",0,0,0,0,0,0,0,3,1,0,0,4,4,0,3,1,0,0
KERALA,2010,Poverty,0,0,0,1,0,1,0,0,0,0,0,0,1,0,0,0,1,0
KERALA,2010,Professional/Career Problem,0,5,20,22,0,47,0,2,3,5,0,10,57,0,7,23,27,0
KERALA,2010,Property Dispute,0,3,16,29,7,55,0,0,2,4,2,8,63,0,3,18,33,9
KERALA,2010,Unemployment,0,5,8,3,2,18,0,2,0,0,0,2,20,0,7,8,3,2
KERALA,2010,Causes Not known,8,120,160,129,75,492,4,57,46,37,27,171,663,12,177,206,166,102
KERALA,2010,Other Causes,5,47,74,76,41,243,2,29,32,20,18,101,344,7,76,106,96,59
KERALA,2010,Total,64,1040,1973,2171,1098,6346,46,608,626,544,416,2240,8586,110,1648,2599,2715,1514
KERALA,2010,Total Illness,3,240,424,679,521,1867,3,122,193,212,221,751,2618,6,362,617,891,742
KERALA,2011,Bankruptcy,0,25,95,137,37,294,1,3,13,21,4,42,336,1,28,108,158,41
KERALA,2011,Suspected/Illicit Relation,0,0,5,6,0,11,0,3,4,0,0,7,18,0,3,9,6,0
KERALA,2011,Cancellation/Non-Settlement of Marriage,0,3,3,1,0,7,0,10,4,0,0,14,21,0,13,7,1,0
KERALA,2011,Infertility,0,1,8,9,1,19,0,3,6,2,0,11,30,0,4,14,11,1
KERALA,2011,Illness (Aids/STD),0,0,0,0,0,0,0,0,0,0,1,1,1,0,0,0,0,1
KERALA,2011,Cancer,0,0,12,21,23,56,0,1,2,10,7,20,76,0,1,14,31,30
KERALA,2011,Paralysis,0,1,1,14,18,34,0,0,0,4,1,5,39,0,1,1,18,19
KERALA,2011,Insanity/Mental Illness,0,99,248,267,130,744,2,68,113,104,63,350,1094,2,167,361,371,193
KERALA,2011,Other Prolonged Illness,0,47,166,315,280,808,0,31,58,92,131,312,1120,0,78,224,407,411
KERALA,2011,Death of Dear Person,0,5,10,20,15,50,1,6,5,9,7,28,78,1,11,15,29,22
KERALA,2011,Dowry Dispute,0,1,0,0,0,1,0,7,6,1,0,14,15,0,8,6,1,0
KERALA,2011,Divorce,0,0,21,34,1,56,0,2,3,0,0,5,61,0,2,24,34,1
KERALA,2011,Drug Abuse/Addiction,0,33,80,94,28,235,0,0,0,0,0,0,235,0,33,80,94,28
KERALA,2011,Failure in Examination,4,6,0,0,0,10,2,20,0,0,0,22,32,6,26,0,0,0
KERALA,2011,Fall in Social Reputation,1,1,9,20,2,33,0,1,7,5,0,13,46,1,2,16,25,2
KERALA,2011,Family Problems,15,467,875,948,455,2760,17,308,324,223,128,1000,3760,32,775,1199,1171,583
KERALA,2011,Ideological Causes/Hero Worshipping,0,0,0,0,0,0,0,0,0,0,0,0,0,0,0,0,0,0
KERALA,2011,Illegitimate Pregnancy,0,0,0,0,0,0,0,2,0,0,0,2,2,0,2,0,0,0
KERALA,2011,Love Affairs,0,39,7,1,0,47,0,33,2,0,0,35,82,0,72,9,1,0
KERALA,2011,"Physical Abuse (Rape,Incest Etc.)",0,0,0,0,0,0,0,0,0,0,0,0,0,0,0,0,0,0
KERALA,2011,Poverty,0,0,0,0,0,0,0,0,0,0,0,0,0,0,0,0,0,0
KERALA,2011,Professional/Career Problem,0,7,16,19,0,42,0,1,4,3,0,8,50,0,8,20,22,0
KERALA,2011,Property Dispute,0,2,16,21,10,49,0,0,2,5,3,10,59,0,2,18,26,13
KERALA,2011,Unemployment,0,5,6,3,0,14,0,0,1,0,0,1,15,0,5,7,3,0
KERALA,2011,Causes Not known,4,123,227,176,79,609,10,62,75,48,30,225,834,14,185,302,224,109
KERALA,2011,Other Causes,5,62,95,103,68,333,3,27,31,18,15,94,427,8,89,126,121,83
KERALA,2011,Total,29,927,1900,2209,1147,6212,36,588,660,545,390,2219,8431,65,1515,2560,2754,1537
KERALA,2011,Total Illness,0,147,427,617,451,1642,2,100,173,210,203,688,2330,2,247,600,827,654
KERALA,2012,Bankruptcy,0,19,71,99,34,223,0,0,7,12,2,21,244,0,19,78,111,36
KERALA,2012,Suspected/Illicit Relation,0,0,5,4,0,9,0,4,2,0,0,6,15,0,4,7,4,0
KERALA,2012,Cancellation/Non-Settlement of Marriage,0,4,12,0,1,17,0,9,6,1,0,16,33,0,13,18,1,1
KERALA,2012,Infertility,0,0,13,11,1,25,0,2,9,8,0,19,44,0,2,22,19,1
KERALA,2012,Illness (Aids/STD),0,0,1,0,0,1,0,0,0,0,0,0,1,0,0,1,0,0
KERALA,2012,Cancer,0,1,18,34,31,84,0,0,8,14,10,32,116,0,1,26,48,41
KERALA,2012,Paralysis,0,1,12,27,11,51,0,1,4,7,1,13,64,0,2,16,34,12
KERALA,2012,Insanity/Mental Illness,1,118,234,292,195,840,1,72,91,108,70,342,1182,2,190,325,400,265
KERALA,2012,Other Prolonged Illness,1,42,137,204,273,657,0,21,42,59,88,210,867,1,63,179,263,361
KERALA,2012,Death of Dear Person,0,5,16,18,13,52,1,10,8,8,13,40,92,1,15,24,26,26
KERALA,2012,Dowry Dispute,0,0,4,2,0,6,1,24,2,0,0,27,33,1,24,6,2,0
KERALA,2012,Divorce,0,0,5,6,2,13,0,3,7,2,1,13,26,0,3,12,8,3
KERALA,2012,Drug Abuse/Addiction,0,34,83,106,52,275,0,0,0,0,0,0,275,0,34,83,106,52
KERALA,2012,Failure in Examination,3,7,1,0,0,11,5,21,0,0,0,26,37,8,28,1,0,0
KERALA,2012,Fall in Social Reputation,0,2,14,17,2,35,0,0,9,4,0,13,48,0,2,23,21,2
KERALA,2012,Family Problems,18,412,967,1039,444,2880,14,239,245,232,133,863,3743,32,651,1212,1271,577
KERALA,2012,Ideological Causes/Hero Worshipping,0,0,0,0,0,0,0,0,0,0,0,0,0,0,0,0,0,0
KERALA,2012,Illegitimate Pregnancy,0,0,0,0,0,0,0,4,1,0,0,5,5,0,4,1,0,0
KERALA,2012,Love Affairs,0,49,8,0,0,57,0,47,4,0,0,51,108,0,96,12,0,0
KERALA,2012,"Physical Abuse (Rape,Incest Etc.)",0,0,0,0,0,0,0,0,8,2,0,10,10,0,0,8,2,0
KERALA,2012,Poverty,0,0,0,0,0,0,0,0,0,0,0,0,0,0,0,0,0,0
KERALA,2012,Professional/Career Problem,0,6,24,19,4,53,1,1,4,5,1,12,65,1,7,28,24,5
KERALA,2012,Property Dispute,0,1,20,19,6,46,0,0,0,0,0,0,46,0,1,20,19,6
KERALA,2012,Unemployment,0,7,10,7,0,24,0,1,2,2,0,5,29,0,8,12,9,0
KERALA,2012,Causes Not known,8,159,237,254,134,792,4,85,55,74,58,276,1068,12,244,292,328,192
KERALA,2012,Other Causes,0,54,84,77,43,258,3,30,16,18,14,81,339,3,84,100,95,57
KERALA,2012,Total,31,921,1976,2235,1246,6409,30,574,530,556,391,2081,8490,61,1495,2506,2791,1637
KERALA,2012,Total Illness,2,162,402,557,510,1633,1,94,145,188,169,597,2230,3,256,547,745,679
MADHYA PRADESH,2001,Bankruptcy,0,17,22,12,11,62,0,13,10,3,1,27,89,0,30,32,15,12
MADHYA PRADESH,2001,Suspected/Illicit Relation,6,27,10,2,0,45,0,66,21,0,0,87,132,6,93,31,2,0
MADHYA PRADESH,2001,Cancellation/Non-Settlement of Marriage,0,10,1,0,0,11,1,25,0,0,0,26,37,1,35,1,0,0
MADHYA PRADESH,2001,Infertility,0,1,0,0,0,1,0,21,17,5,0,43,44,0,22,17,5,0
MADHYA PRADESH,2001,Illness (Aids/STD),0,0,1,0,0,1,0,4,1,0,0,5,6,0,4,2,0,0
MADHYA PRADESH,2001,Cancer,0,1,0,2,1,4,0,0,0,2,0,2,6,0,1,0,4,1
MADHYA PRADESH,2001,Paralysis,1,0,0,3,0,4,1,0,0,1,1,3,7,2,0,0,4,1
MADHYA PRADESH,2001,Insanity/Mental Illness,6,63,67,32,23,191,2,36,30,13,6,87,278,8,99,97,45,29
MADHYA PRADESH,2001,Other Prolonged Illness,3,119,113,67,44,346,4,128,89,55,29,305,651,7,247,202,122,73
MADHYA PRADESH,2001,Death of Dear Person,1,5,16,6,2,30,3,27,12,4,1,47,77,4,32,28,10,3
MADHYA PRADESH,2001,Dowry Dispute,0,0,0,0,0,0,0,378,89,3,0,470,470,0,378,89,3,0
MADHYA PRADESH,2001,Divorce,0,0,1,0,0,1,0,1,1,0,0,2,3,0,1,2,0,0
MADHYA PRADESH,2001,Drug Abuse/Addiction,0,35,45,22,5,107,0,1,1,0,0,2,109,0,36,46,22,5
MADHYA PRADESH,2001,Failure in Examination,15,43,1,0,0,59,14,48,5,0,0,67,126,29,91,6,0,0
MADHYA PRADESH,2001,Fall in Social Reputation,3,15,21,16,7,62,0,12,12,8,3,35,97,3,27,33,24,10
MADHYA PRADESH,2001,Family Problems,4,379,257,121,52,813,8,393,187,70,31,689,1502,12,772,444,191,83
MADHYA PRADESH,2001,Ideological Causes/Hero Worshipping,0,0,0,0,0,0,0,2,0,0,0,2,2,0,2,0,0,0
MADHYA PRADESH,2001,Illegitimate Pregnancy,0,4,2,0,0,6,0,36,7,4,0,47,53,0,40,9,4,0
MADHYA PRADESH,2001,Love Affairs,0,45,21,0,0,66,2,46,6,3,0,57,123,2,91,27,3,0
MADHYA PRADESH,2001,"Physical Abuse (Rape,Incest Etc.)",1,10,11,6,3,31,3,53,17,4,0,77,108,4,63,28,10,3
MADHYA PRADESH,2001,Poverty,0,6,8,9,5,28,0,3,0,7,4,14,42,0,9,8,16,9
MADHYA PRADESH,2001,Professional/Career Problem,1,22,18,1,0,42,0,15,1,4,0,20,62,1,37,19,5,0
MADHYA PRADESH,2001,Property Dispute,2,29,20,10,4,65,0,18,23,6,5,52,117,2,47,43,16,9
MADHYA PRADESH,2001,Unemployment,0,30,21,0,0,51,0,33,0,0,0,33,84,0,63,21,0,0
MADHYA PRADESH,2001,Causes Not known,82,483,412,207,95,1279,60,482,217,100,55,914,2193,142,965,629,307,150
MADHYA PRADESH,2001,Other Causes,5,73,61,54,38,231,17,77,66,26,25,211,442,22,150,127,80,63
MADHYA PRADESH,2001,Total,130,1417,1129,570,290,3536,115,1918,812,318,161,3324,6860,245,3335,1941,888,451
MADHYA PRADESH,2001,Total Illness,10,183,181,104,68,546,7,168,120,71,36,402,948,17,351,301,175,104
MADHYA PRADESH,2002,Bankruptcy,0,18,26,16,4,64,0,4,8,6,2,20,84,0,22,34,22,6
MADHYA PRADESH,2002,Suspected/Illicit Relation,3,25,14,4,0,46,1,59,31,0,1,92,138,4,84,45,4,1
MADHYA PRADESH,2002,Cancellation/Non-Settlement of Marriage,0,14,5,1,0,20,0,24,4,0,0,28,48,0,38,9,1,0
MADHYA PRADESH,2002,Infertility,0,3,6,3,0,12,0,25,21,2,0,48,60,0,28,27,5,0
MADHYA PRADESH,2002,Illness (Aids/STD),0,11,12,5,7,35,1,7,4,0,0,12,47,1,18,16,5,7
MADHYA PRADESH,2002,Cancer,0,0,1,6,10,17,0,0,1,4,4,9,26,0,0,2,10,14
MADHYA PRADESH,2002,Paralysis,0,3,2,4,3,12,0,3,2,2,1,8,20,0,6,4,6,4
MADHYA PRADESH,2002,Insanity/Mental Illness,2,57,55,21,19,154,0,35,35,13,6,89,243,2,92,90,34,25
MADHYA PRADESH,2002,Other Prolonged Illness,8,125,159,124,87,503,7,140,118,72,47,384,887,15,265,277,196,134
MADHYA PRADESH,2002,Death of Dear Person,0,8,3,4,2,17,1,12,12,6,0,31,48,1,20,15,10,2
MADHYA PRADESH,2002,Dowry Dispute,0,0,0,2,0,2,1,417,116,1,1,536,538,1,417,116,3,1
MADHYA PRADESH,2002,Divorce,0,0,2,0,0,2,0,2,3,0,0,5,7,0,2,5,0,0
MADHYA PRADESH,2002,Drug Abuse/Addiction,0,33,48,20,6,107,0,0,0,0,0,0,107,0,33,48,20,6
MADHYA PRADESH,2002,Failure in Examination,14,79,4,0,0,97,12,43,0,0,0,55,152,26,122,4,0,0
MADHYA PRADESH,2002,Fall in Social Reputation,1,8,25,17,2,53,0,17,11,4,3,35,88,1,25,36,21,5
MADHYA PRADESH,2002,Family Problems,6,388,259,147,49,849,11,418,215,100,25,769,1618,17,806,474,247,74
MADHYA PRADESH,2002,Ideological Causes/Hero Worshipping,0,0,0,1,0,1,0,0,0,0,0,0,1,0,0,0,1,0
MADHYA PRADESH,2002,Illegitimate Pregnancy,0,0,0,0,0,0,1,25,9,3,0,38,38,1,25,9,3,0
MADHYA PRADESH,2002,Love Affairs,0,49,11,0,0,60,7,70,11,2,0,90,150,7,119,22,2,0
MADHYA PRADESH,2002,"Physical Abuse (Rape,Incest Etc.)",0,13,15,8,2,38,2,57,18,6,1,84,122,2,70,33,14,3
MADHYA PRADESH,2002,Poverty,0,6,15,10,10,41,0,7,5,6,4,22,63,0,13,20,16,14
MADHYA PRADESH,2002,Professional/Career Problem,0,31,27,15,5,78,0,7,1,6,0,14,92,0,38,28,21,5
MADHYA PRADESH,2002,Property Dispute,0,50,34,19,6,109,0,20,18,9,5,52,161,0,70,52,28,11
MADHYA PRADESH,2002,Unemployment,0,39,25,1,0,65,0,28,4,1,0,33,98,0,67,29,2,0
MADHYA PRADESH,2002,Causes Not known,43,399,281,159,51,933,32,357,155,80,50,674,1607,75,756,436,239,101
MADHYA PRADESH,2002,Other Causes,15,96,89,46,18,264,14,88,59,19,12,192,456,29,184,148,65,30
MADHYA PRADESH,2002,Total,92,1455,1118,633,281,3579,90,1865,861,342,162,3320,6899,182,3320,1979,975,443
MADHYA PRADESH,2002,Total Illness,10,196,229,160,126,721,8,185,160,91,58,502,1223,18,381,389,251,184
MADHYA PRADESH,2003,Bankruptcy,0,21,32,16,1,70,1,6,6,2,0,15,85,1,27,38,18,1
MADHYA PRADESH,2003,Suspected/Illicit Relation,0,30,21,8,6,65,0,62,16,0,0,78,143,0,92,37,8,6
MADHYA PRADESH,2003,Cancellation/Non-Settlement of Marriage,0,11,5,2,0,18,0,12,1,0,0,13,31,0,23,6,2,0
MADHYA PRADESH,2003,Infertility,0,1,3,1,0,5,0,11,20,2,0,33,38,0,12,23,3,0
MADHYA PRADESH,2003,Illness (Aids/STD),0,0,1,0,1,2,0,0,0,0,0,0,2,0,0,1,0,1
MADHYA PRADESH,2003,Cancer,1,12,9,6,5,33,5,10,4,3,4,26,59,6,22,13,9,9
MADHYA PRADESH,2003,Paralysis,0,7,11,7,7,32,0,14,4,5,2,25,57,0,21,15,12,9
MADHYA PRADESH,2003,Insanity/Mental Illness,9,46,66,24,10,155,5,21,27,14,4,71,226,14,67,93,38,14
MADHYA PRADESH,2003,Other Prolonged Illness,9,156,162,85,74,486,6,118,103,37,31,295,781,15,274,265,122,105
MADHYA PRADESH,2003,Death of Dear Person,0,10,11,9,1,31,1,15,9,5,1,31,62,1,25,20,14,2
MADHYA PRADESH,2003,Dowry Dispute,0,0,0,0,0,0,0,422,91,2,1,516,516,0,422,91,2,1
MADHYA PRADESH,2003,Divorce,0,0,0,0,0,0,0,5,2,0,0,7,7,0,5,2,0,0
MADHYA PRADESH,2003,Drug Abuse/Addiction,0,37,59,17,3,116,0,0,0,0,0,0,116,0,37,59,17,3
MADHYA PRADESH,2003,Failure in Examination,11,51,2,0,0,64,7,35,0,0,0,42,106,18,86,2,0,0
MADHYA PRADESH,2003,Fall in Social Reputation,0,17,30,18,6,71,5,28,20,8,2,63,134,5,45,50,26,8
MADHYA PRADESH,2003,Family Problems,11,331,288,127,52,809,14,448,265,71,23,821,1630,25,779,553,198,75
MADHYA PRADESH,2003,Ideological Causes/Hero Worshipping,0,0,0,0,0,0,0,0,0,0,0,0,0,0,0,0,0,0
MADHYA PRADESH,2003,Illegitimate Pregnancy,0,0,0,0,0,0,0,19,8,2,0,29,29,0,19,8,2,0
MADHYA PRADESH,2003,Love Affairs,0,62,17,1,0,80,4,61,9,3,0,77,157,4,123,26,4,0
MADHYA PRADESH,2003,"Physical Abuse (Rape,Incest Etc.)",3,12,13,11,16,55,3,73,24,7,1,108,163,6,85,37,18,17
MADHYA PRADESH,2003,Poverty,0,1,9,6,6,22,0,1,1,5,3,10,32,0,2,10,11,9
MADHYA PRADESH,2003,Professional/Career Problem,0,27,32,14,6,79,0,8,1,7,0,16,95,0,35,33,21,6
MADHYA PRADESH,2003,Property Dispute,0,42,22,21,12,97,0,25,17,6,3,51,148,0,67,39,27,15
MADHYA PRADESH,2003,Unemployment,0,66,39,9,6,120,0,35,10,2,0,47,167,0,101,49,11,6
MADHYA PRADESH,2003,Causes Not known,40,380,326,157,52,955,31,397,175,80,43,726,1681,71,777,501,237,95
MADHYA PRADESH,2003,Other Causes,10,59,56,27,21,173,7,53,47,10,7,124,297,17,112,103,37,28
MADHYA PRADESH,2003,Total,94,1379,1214,566,285,3538,89,1879,860,271,125,3224,6762,183,3258,2074,837,410
MADHYA PRADESH,2003,Total Illness,19,221,249,122,97,708,16,163,138,59,41,417,1125,35,384,387,181,138
MADHYA PRADESH,2004,Bankruptcy,0,14,25,10,5,54,0,7,2,1,0,10,64,0,21,27,11,5
MADHYA PRADESH,2004,Suspected/Illicit Relation,1,34,18,2,0,55,2,61,15,3,0,81,136,3,95,33,5,0
MADHYA PRADESH,2004,Cancellation/Non-Settlement of Marriage,0,23,4,0,0,27,0,17,2,0,0,19,46,0,40,6,0,0
MADHYA PRADESH,2004,Infertility,0,5,4,2,0,11,0,19,17,6,0,42,53,0,24,21,8,0
MADHYA PRADESH,2004,Illness (Aids/STD),0,0,2,0,0,2,0,0,0,0,0,0,2,0,0,2,0,0
MADHYA PRADESH,2004,Cancer,0,3,5,7,2,17,0,2,2,5,0,9,26,0,5,7,12,2
MADHYA PRADESH,2004,Paralysis,0,0,9,5,3,17,0,2,0,1,1,4,21,0,2,9,6,4
MADHYA PRADESH,2004,Insanity/Mental Illness,4,75,76,31,19,205,1,44,42,17,3,107,312,5,119,118,48,22
MADHYA PRADESH,2004,Other Prolonged Illness,10,173,158,104,64,509,5,111,104,47,31,298,807,15,284,262,151,95
MADHYA PRADESH,2004,Death of Dear Person,0,4,4,3,3,14,1,6,8,6,2,23,37,1,10,12,9,5
MADHYA PRADESH,2004,Dowry Dispute,0,1,0,0,0,1,0,515,99,7,0,621,622,0,516,99,7,0
MADHYA PRADESH,2004,Divorce,0,1,0,0,0,1,0,3,2,0,0,5,6,0,4,2,0,0
MADHYA PRADESH,2004,Drug Abuse/Addiction,1,40,55,35,9,140,0,4,0,0,0,4,144,1,44,55,35,9
MADHYA PRADESH,2004,Failure in Examination,8,51,1,0,0,60,9,30,0,0,0,39,99,17,81,1,0,0
MADHYA PRADESH,2004,Fall in Social Reputation,2,11,16,8,4,41,1,12,13,3,1,30,71,3,23,29,11,5
MADHYA PRADESH,2004,Family Problems,10,256,212,140,68,686,13,312,143,84,33,585,1271,23,568,355,224,101
MADHYA PRADESH,2004,Ideological Causes/Hero Worshipping,0,0,0,0,0,0,0,0,0,0,0,0,0,0,0,0,0,0
MADHYA PRADESH,2004,Illegitimate Pregnancy,0,0,0,0,0,0,0,13,14,3,0,30,30,0,13,14,3,0
MADHYA PRADESH,2004,Love Affairs,2,58,20,4,0,84,8,54,15,2,0,79,163,10,112,35,6,0
MADHYA PRADESH,2004,"Physical Abuse (Rape,Incest Etc.)",0,4,8,6,8,26,0,47,29,9,3,88,114,0,51,37,15,11
MADHYA PRADESH,2004,Poverty,2,11,17,15,11,56,2,3,14,11,10,40,96,4,14,31,26,21
MADHYA PRADESH,2004,Professional/Career Problem,0,23,40,14,1,78,0,1,5,7,3,16,94,0,24,45,21,4
MADHYA PRADESH,2004,Property Dispute,0,20,32,18,20,90,0,14,18,15,9,56,146,0,34,50,33,29
MADHYA PRADESH,2004,Unemployment,1,45,21,2,0,69,0,12,5,1,0,18,87,1,57,26,3,0
MADHYA PRADESH,2004,Causes Not known,52,482,393,153,92,1172,48,388,225,77,45,783,1955,100,870,618,230,137
MADHYA PRADESH,2004,Other Causes,16,74,82,36,11,219,20,76,45,16,17,174,393,36,150,127,52,28
MADHYA PRADESH,2004,Total,109,1408,1202,595,320,3634,110,1753,819,321,158,3161,6795,219,3161,2021,916,478
MADHYA PRADESH,2004,Total Illness,14,251,250,147,88,750,6,159,148,70,35,418,1168,20,410,398,217,123
MADHYA PRADESH,2005,Bankruptcy,0,21,24,12,5,62,0,3,1,1,0,5,67,0,24,25,13,5
MADHYA PRADESH,2005,Suspected/Illicit Relation,0,24,9,1,0,34,0,43,16,2,0,61,95,0,67,25,3,0
MADHYA PRADESH,2005,Cancellation/Non-Settlement of Marriage,0,10,7,0,0,17,0,10,5,0,0,15,32,0,20,12,0,0
MADHYA PRADESH,2005,Infertility,0,8,6,2,0,16,0,9,25,3,0,37,53,0,17,31,5,0
MADHYA PRADESH,2005,Illness (Aids/STD),0,0,2,1,0,3,0,0,0,0,0,0,3,0,0,2,1,0
MADHYA PRADESH,2005,Cancer,1,1,2,2,0,6,0,2,0,3,1,6,12,1,3,2,5,1
MADHYA PRADESH,2005,Paralysis,0,0,2,5,19,26,0,0,0,1,5,6,32,0,0,2,6,24
MADHYA PRADESH,2005,Insanity/Mental Illness,3,91,61,34,19,208,3,39,42,18,11,113,321,6,130,103,52,30
MADHYA PRADESH,2005,Other Prolonged Illness,9,117,124,74,53,377,8,69,92,40,26,235,612,17,186,216,114,79
MADHYA PRADESH,2005,Death of Dear Person,0,5,5,0,2,12,0,3,10,1,0,14,26,0,8,15,1,2
MADHYA PRADESH,2005,Dowry Dispute,0,0,0,0,0,0,0,444,62,11,0,517,517,0,444,62,11,0
MADHYA PRADESH,2005,Divorce,0,2,1,0,0,3,0,4,9,0,0,13,16,0,6,10,0,0
MADHYA PRADESH,2005,Drug Abuse/Addiction,0,34,45,28,2,109,0,0,1,0,0,1,110,0,34,46,28,2
MADHYA PRADESH,2005,Failure in Examination,9,32,0,0,0,41,5,27,0,0,0,32,73,14,59,0,0,0
MADHYA PRADESH,2005,Fall in Social Reputation,0,24,18,11,1,54,0,19,6,2,0,27,81,0,43,24,13,1
MADHYA PRADESH,2005,Family Problems,5,216,178,89,30,518,12,283,152,65,15,527,1045,17,499,330,154,45
MADHYA PRADESH,2005,Ideological Causes/Hero Worshipping,0,1,1,0,0,2,0,2,0,0,0,2,4,0,3,1,0,0
MADHYA PRADESH,2005,Illegitimate Pregnancy,0,0,0,0,0,0,0,15,3,0,0,18,18,0,15,3,0,0
MADHYA PRADESH,2005,Love Affairs,0,40,10,0,0,50,0,57,11,0,0,68,118,0,97,21,0,0
MADHYA PRADESH,2005,"Physical Abuse (Rape,Incest Etc.)",1,9,1,0,0,11,1,31,12,0,0,44,55,2,40,13,0,0
MADHYA PRADESH,2005,Poverty,0,11,14,6,3,34,2,6,3,0,2,13,47,2,17,17,6,5
MADHYA PRADESH,2005,Professional/Career Problem,0,12,16,3,0,31,0,4,1,2,0,7,38,0,16,17,5,0
MADHYA PRADESH,2005,Property Dispute,0,3,11,6,2,22,0,3,4,4,0,11,33,0,6,15,10,2
MADHYA PRADESH,2005,Unemployment,0,8,9,7,0,24,0,2,2,1,0,5,29,0,10,11,8,0
MADHYA PRADESH,2005,Causes Not known,38,341,299,147,69,894,35,312,169,43,25,584,1478,73,653,468,190,94
MADHYA PRADESH,2005,Other Causes,17,114,104,44,18,297,12,140,58,15,11,236,533,29,254,162,59,29
MADHYA PRADESH,2005,Total,83,1124,949,472,223,2851,78,1527,684,212,96,2597,5448,161,2651,1633,684,319
MADHYA PRADESH,2005,Total Illness,13,209,191,116,91,620,11,110,134,62,43,360,980,24,319,325,178,134
MADHYA PRADESH,2006,Bankruptcy,0,12,20,10,6,48,0,7,0,3,0,10,58,0,19,20,13,6
MADHYA PRADESH,2006,Suspected/Illicit Relation,2,10,10,1,0,23,3,16,16,1,0,36,59,5,26,26,2,0
MADHYA PRADESH,2006,Cancellation/Non-Settlement of Marriage,0,16,8,0,0,24,0,16,6,0,0,22,46,0,32,14,0,0
MADHYA PRADESH,2006,Infertility,0,9,7,0,0,16,0,20,21,6,0,47,63,0,29,28,6,0
MADHYA PRADESH,2006,Illness (Aids/STD),0,3,4,3,4,14,0,4,5,0,2,11,25,0,7,9,3,6
MADHYA PRADESH,2006,Cancer,0,4,8,7,2,21,0,1,5,7,2,15,36,0,5,13,14,4
MADHYA PRADESH,2006,Paralysis,0,3,5,5,10,23,0,3,2,9,2,16,39,0,6,7,14,12
MADHYA PRADESH,2006,Insanity/Mental Illness,4,71,74,38,17,204,2,39,43,25,9,118,322,6,110,117,63,26
MADHYA PRADESH,2006,Other Prolonged Illness,5,108,110,88,90,401,5,102,81,52,40,280,681,10,210,191,140,130
MADHYA PRADESH,2006,Death of Dear Person,0,4,9,6,2,21,0,8,14,5,0,27,48,0,12,23,11,2
MADHYA PRADESH,2006,Dowry Dispute,0,0,0,0,0,0,1,480,97,7,0,585,585,1,480,97,7,0
MADHYA PRADESH,2006,Divorce,0,2,3,1,0,6,0,5,7,1,0,13,19,0,7,10,2,0
MADHYA PRADESH,2006,Drug Abuse/Addiction,0,22,62,37,11,132,0,0,0,0,0,0,132,0,22,62,37,11
MADHYA PRADESH,2006,Failure in Examination,10,69,2,0,1,82,11,38,2,0,0,51,133,21,107,4,0,1
MADHYA PRADESH,2006,Fall in Social Reputation,2,26,32,17,13,90,3,17,11,5,0,36,126,5,43,43,22,13
MADHYA PRADESH,2006,Family Problems,10,243,274,150,53,730,8,256,210,62,28,564,1294,18,499,484,212,81
MADHYA PRADESH,2006,Ideological Causes/Hero Worshipping,0,6,3,1,1,11,1,0,6,0,0,7,18,1,6,9,1,1
MADHYA PRADESH,2006,Illegitimate Pregnancy,0,1,0,0,0,1,8,23,5,0,0,36,37,8,24,5,0,0
MADHYA PRADESH,2006,Love Affairs,0,48,12,1,0,61,2,57,11,1,0,71,132,2,105,23,2,0
MADHYA PRADESH,2006,"Physical Abuse (Rape,Incest Etc.)",1,13,13,9,0,36,2,44,21,3,1,71,107,3,57,34,12,1
MADHYA PRADESH,2006,Poverty,0,11,30,21,8,70,0,6,11,4,3,24,94,0,17,41,25,11
MADHYA PRADESH,2006,Professional/Career Problem,0,11,18,16,1,46,0,0,3,3,0,6,52,0,11,21,19,1
MADHYA PRADESH,2006,Property Dispute,0,5,22,18,5,50,1,3,7,3,0,14,64,1,8,29,21,5
MADHYA PRADESH,2006,Unemployment,0,10,4,5,0,19,0,2,2,1,0,5,24,0,12,6,6,0
MADHYA PRADESH,2006,Causes Not known,47,351,338,181,54,971,24,281,180,51,16,552,1523,71,632,518,232,70
MADHYA PRADESH,2006,Other Causes,15,109,159,99,21,403,12,131,124,36,12,315,718,27,240,283,135,33
MADHYA PRADESH,2006,Total,96,1167,1227,714,299,3503,83,1559,890,285,115,2932,6435,179,2726,2117,999,414
MADHYA PRADESH,2006,Total Illness,9,189,201,141,123,663,7,149,136,93,55,440,1103,16,338,337,234,178
MADHYA PRADESH,2007,Bankruptcy,0,13,13,6,2,34,0,0,3,0,0,3,37,0,13,16,6,2
MADHYA PRADESH,2007,Suspected/Illicit Relation,0,19,11,4,0,34,1,33,14,3,0,51,85,1,52,25,7,0
MADHYA PRADESH,2007,Cancellation/Non-Settlement of Marriage,0,19,10,1,0,30,2,18,10,1,0,31,61,2,37,20,2,0
MADHYA PRADESH,2007,Infertility,0,2,4,0,0,6,0,20,14,2,0,36,42,0,22,18,2,0
MADHYA PRADESH,2007,Illness (Aids/STD),0,9,9,4,3,25,1,6,12,4,4,27,52,1,15,21,8,7
MADHYA PRADESH,2007,Cancer,0,0,0,2,2,4,0,0,0,3,2,5,9,0,0,0,5,4
MADHYA PRADESH,2007,Paralysis,0,0,2,4,1,7,0,2,1,0,0,3,10,0,2,3,4,1
MADHYA PRADESH,2007,Insanity/Mental Illness,2,82,70,47,20,221,0,35,34,8,6,83,304,2,117,104,55,26
MADHYA PRADESH,2007,Other Prolonged Illness,6,104,103,77,79,369,6,107,71,47,47,278,647,12,211,174,124,126
MADHYA PRADESH,2007,Death of Dear Person,0,7,6,2,1,16,0,32,7,5,0,44,60,0,39,13,7,1
MADHYA PRADESH,2007,Dowry Dispute,0,0,0,0,0,0,1,477,104,6,0,588,588,1,477,104,6,0
MADHYA PRADESH,2007,Divorce,0,0,2,0,0,2,0,3,1,0,0,4,6,0,3,3,0,0
MADHYA PRADESH,2007,Drug Abuse/Addiction,0,40,56,43,7,146,0,0,0,0,1,1,147,0,40,56,43,8
MADHYA PRADESH,2007,Failure in Examination,5,46,1,0,0,52,8,33,0,0,0,41,93,13,79,1,0,0
MADHYA PRADESH,2007,Fall in Social Reputation,0,15,16,14,6,51,0,7,15,0,2,24,75,0,22,31,14,8
MADHYA PRADESH,2007,Family Problems,6,261,274,129,23,693,14,292,149,49,24,528,1221,20,553,423,178,47
MADHYA PRADESH,2007,Ideological Causes/Hero Worshipping,0,2,4,0,0,6,0,5,0,0,0,5,11,0,7,4,0,0
MADHYA PRADESH,2007,Illegitimate Pregnancy,0,0,0,0,0,0,0,12,3,0,0,15,15,0,12,3,0,0
MADHYA PRADESH,2007,Love Affairs,0,52,14,1,0,67,13,64,9,1,0,87,154,13,116,23,2,0
MADHYA PRADESH,2007,"Physical Abuse (Rape,Incest Etc.)",0,14,13,4,2,33,0,40,16,10,0,66,99,0,54,29,14,2
MADHYA PRADESH,2007,Poverty,0,8,7,5,1,21,0,3,4,1,1,9,30,0,11,11,6,2
MADHYA PRADESH,2007,Professional/Career Problem,0,5,16,12,0,33,0,1,2,0,1,4,37,0,6,18,12,1
MADHYA PRADESH,2007,Property Dispute,0,11,26,26,6,69,0,4,6,3,1,14,83,0,15,32,29,7
MADHYA PRADESH,2007,Unemployment,0,9,7,4,0,20,0,0,1,0,0,1,21,0,9,8,4,0
MADHYA PRADESH,2007,Causes Not known,55,447,302,222,77,1103,35,343,175,70,24,647,1750,90,790,477,292,101
MADHYA PRADESH,2007,Other Causes,19,148,160,69,32,428,31,136,75,16,6,264,692,50,284,235,85,38
MADHYA PRADESH,2007,Total,93,1313,1126,676,262,3470,112,1673,726,229,119,2859,6329,205,2986,1852,905,381
MADHYA PRADESH,2007,Total Illness,8,195,184,134,105,626,7,150,118,62,59,396,1022,15,345,302,196,164
MADHYA PRADESH,2008,Bankruptcy,0,32,10,16,2,60,0,1,0,0,0,1,61,0,33,10,16,2
MADHYA PRADESH,2008,Suspected/Illicit Relation,0,30,22,2,2,56,4,26,9,5,0,44,100,4,56,31,7,2
MADHYA PRADESH,2008,Cancellation/Non-Settlement of Marriage,0,35,9,0,0,44,1,41,12,1,0,55,99,1,76,21,1,0
MADHYA PRADESH,2008,Infertility,0,6,5,2,0,13,0,12,32,6,0,50,63,0,18,37,8,0
MADHYA PRADESH,2008,Illness (Aids/STD),0,7,19,18,41,85,0,4,13,19,13,49,134,0,11,32,37,54
MADHYA PRADESH,2008,Cancer,0,6,13,15,4,38,1,4,6,2,4,17,55,1,10,19,17,8
MADHYA PRADESH,2008,Paralysis,0,25,4,5,7,41,0,0,1,1,0,2,43,0,25,5,6,7
MADHYA PRADESH,2008,Insanity/Mental Illness,15,133,128,48,37,361,2,67,50,30,5,154,515,17,200,178,78,42
MADHYA PRADESH,2008,Other Prolonged Illness,6,91,102,106,89,394,7,78,83,51,20,239,633,13,169,185,157,109
MADHYA PRADESH,2008,Death of Dear Person,2,18,28,28,4,80,1,38,15,3,2,59,139,3,56,43,31,6
MADHYA PRADESH,2008,Dowry Dispute,0,9,1,0,0,10,0,611,132,5,0,748,758,0,620,133,5,0
MADHYA PRADESH,2008,Divorce,0,0,1,0,0,1,0,31,16,4,0,51,52,0,31,17,4,0
MADHYA PRADESH,2008,Drug Abuse/Addiction,0,77,124,78,21,300,0,2,8,3,0,13,313,0,79,132,81,21
MADHYA PRADESH,2008,Failure in Examination,5,103,1,0,0,109,5,79,0,0,0,84,193,10,182,1,0,0
MADHYA PRADESH,2008,Fall in Social Reputation,2,38,9,7,15,71,0,26,5,6,1,38,109,2,64,14,13,16
MADHYA PRADESH,2008,Family Problems,2,319,342,175,39,877,6,309,234,78,17,644,1521,8,628,576,253,56
MADHYA PRADESH,2008,Ideological Causes/Hero Worshipping,0,2,0,1,0,3,0,2,8,1,0,11,14,0,4,8,2,0
MADHYA PRADESH,2008,Illegitimate Pregnancy,0,10,10,0,0,20,0,21,29,3,0,53,73,0,31,39,3,0
MADHYA PRADESH,2008,Love Affairs,0,82,17,0,0,99,3,73,16,0,0,92,191,3,155,33,0,0
MADHYA PRADESH,2008,"Physical Abuse (Rape,Incest Etc.)",1,10,26,0,0,37,2,68,27,5,0,102,139,3,78,53,5,0
MADHYA PRADESH,2008,Poverty,0,4,16,5,13,38,0,3,5,5,5,18,56,0,7,21,10,18
MADHYA PRADESH,2008,Professional/Career Problem,0,26,83,47,10,166,0,0,1,1,1,3,169,0,26,84,48,11
MADHYA PRADESH,2008,Property Dispute,0,10,42,36,16,104,0,2,14,5,0,21,125,0,12,56,41,16
MADHYA PRADESH,2008,Unemployment,0,51,38,8,0,97,0,3,2,1,0,6,103,0,54,40,9,0
MADHYA PRADESH,2008,Causes Not known,32,405,379,170,76,1062,39,295,201,62,28,625,1687,71,700,580,232,104
MADHYA PRADESH,2008,Other Causes,10,63,72,48,6,199,9,37,26,8,5,85,284,19,100,98,56,11
MADHYA PRADESH,2008,Total,75,1592,1501,815,382,4365,80,1833,945,305,101,3264,7629,155,3425,2446,1120,483
MADHYA PRADESH,2008,Total Illness,21,262,266,192,178,919,10,153,153,103,42,461,1380,31,415,419,295,220
MADHYA PRADESH,2009,Bankruptcy,0,18,31,14,5,68,0,7,4,1,0,12,80,0,25,35,15,5
MADHYA PRADESH,2009,Suspected/Illicit Relation,0,33,9,1,2,45,2,51,8,0,0,61,106,2,84,17,1,2
MADHYA PRADESH,2009,Cancellation/Non-Settlement of Marriage,0,27,3,1,0,31,0,29,5,2,0,36,67,0,56,8,3,0
MADHYA PRADESH,2009,Infertility,0,7,4,1,0,12,0,24,24,5,0,53,65,0,31,28,6,0
MADHYA PRADESH,2009,Illness (Aids/STD),1,36,18,26,26,107,0,23,29,7,7,66,173,1,59,47,33,33
MADHYA PRADESH,2009,Cancer,0,1,2,8,6,17,1,1,2,4,0,8,25,1,2,4,12,6
MADHYA PRADESH,2009,Paralysis,0,1,2,12,19,34,0,2,0,0,17,19,53,0,3,2,12,36
MADHYA PRADESH,2009,Insanity/Mental Illness,15,94,89,46,18,262,5,50,41,19,6,121,383,20,144,130,65,24
MADHYA PRADESH,2009,Other Prolonged Illness,8,103,118,113,71,413,5,84,99,41,29,258,671,13,187,217,154,100
MADHYA PRADESH,2009,Death of Dear Person,0,18,10,5,0,33,1,38,11,1,0,51,84,1,56,21,6,0
MADHYA PRADESH,2009,Dowry Dispute,0,0,0,0,0,0,0,509,156,1,0,666,666,0,509,156,1,0
MADHYA PRADESH,2009,Divorce,0,2,2,0,0,4,0,3,6,0,0,9,13,0,5,8,0,0
MADHYA PRADESH,2009,Drug Abuse/Addiction,1,69,103,77,14,264,0,0,2,2,0,4,268,1,69,105,79,14
MADHYA PRADESH,2009,Failure in Examination,9,62,15,0,0,86,15,59,0,0,0,74,160,24,121,15,0,0
MADHYA PRADESH,2009,Fall in Social Reputation,2,38,17,11,16,84,3,27,12,1,0,43,127,5,65,29,12,16
MADHYA PRADESH,2009,Family Problems,16,304,283,130,44,777,9,355,228,72,28,692,1469,25,659,511,202,72
MADHYA PRADESH,2009,Ideological Causes/Hero Worshipping,0,0,0,0,0,0,0,0,0,0,0,0,0,0,0,0,0,0
MADHYA PRADESH,2009,Illegitimate Pregnancy,0,0,0,0,0,0,1,3,5,0,0,9,9,1,3,5,0,0
MADHYA PRADESH,2009,Love Affairs,3,83,25,0,0,111,7,73,17,0,0,97,208,10,156,42,0,0
MADHYA PRADESH,2009,"Physical Abuse (Rape,Incest Etc.)",1,17,7,3,1,29,4,49,29,7,0,89,118,5,66,36,10,1
MADHYA PRADESH,2009,Poverty,1,15,17,10,2,45,0,16,12,4,3,35,80,1,31,29,14,5
MADHYA PRADESH,2009,Professional/Career Problem,0,26,73,27,3,129,0,1,1,3,0,5,134,0,27,74,30,3
MADHYA PRADESH,2009,Property Dispute,0,5,28,30,25,88,0,1,1,3,1,6,94,0,6,29,33,26
MADHYA PRADESH,2009,Unemployment,0,47,40,49,0,136,0,1,26,4,0,31,167,0,48,66,53,0
MADHYA PRADESH,2009,Causes Not known,64,462,403,268,66,1263,46,342,201,85,43,717,1980,110,804,604,353,109
MADHYA PRADESH,2009,Other Causes,145,290,285,256,86,1062,143,348,223,114,23,851,1913,288,638,508,370,109
MADHYA PRADESH,2009,Total,266,1758,1584,1088,404,5100,242,2096,1142,376,157,4013,9113,508,3854,2726,1464,561
MADHYA PRADESH,2009,Total Illness,24,235,229,205,140,833,11,160,171,71,59,472,1305,35,395,400,276,199
MADHYA PRADESH,2010,Bankruptcy,0,19,34,23,3,79,0,2,5,2,0,9,88,0,21,39,25,3
MADHYA PRADESH,2010,Suspected/Illicit Relation,0,39,21,4,0,64,0,55,13,0,0,68,132,0,94,34,4,0
MADHYA PRADESH,2010,Cancellation/Non-Settlement of Marriage,1,32,9,0,0,42,0,34,8,1,0,43,85,1,66,17,1,0
MADHYA PRADESH,2010,Infertility,0,4,8,2,6,20,4,27,28,4,0,63,83,4,31,36,6,6
MADHYA PRADESH,2010,Illness (Aids/STD),0,0,9,2,0,11,0,0,0,3,1,4,15,0,0,9,5,1
MADHYA PRADESH,2010,Cancer,0,3,12,11,3,29,0,12,6,6,0,24,53,0,15,18,17,3
MADHYA PRADESH,2010,Paralysis,0,0,8,9,7,24,0,3,3,2,8,16,40,0,3,11,11,15
MADHYA PRADESH,2010,Insanity/Mental Illness,9,105,110,87,36,347,7,83,61,29,7,187,534,16,188,171,116,43
MADHYA PRADESH,2010,Other Prolonged Illness,5,135,150,122,72,484,13,76,80,69,26,264,748,18,211,230,191,98
MADHYA PRADESH,2010,Death of Dear Person,0,11,12,4,2,29,0,56,28,3,4,91,120,0,67,40,7,6
MADHYA PRADESH,2010,Dowry Dispute,0,3,2,2,0,7,0,584,172,12,1,769,776,0,587,174,14,1
MADHYA PRADESH,2010,Divorce,0,4,2,0,1,7,0,4,2,0,0,6,13,0,8,4,0,1
MADHYA PRADESH,2010,Drug Abuse/Addiction,2,90,196,124,40,452,0,4,11,8,1,24,476,2,94,207,132,41
MADHYA PRADESH,2010,Failure in Examination,20,62,10,6,2,100,15,50,12,0,0,77,177,35,112,22,6,2
MADHYA PRADESH,2010,Fall in Social Reputation,4,76,43,20,10,153,2,54,26,6,5,93,246,6,130,69,26,15
MADHYA PRADESH,2010,Family Problems,28,316,326,151,60,881,10,325,266,80,24,705,1586,38,641,592,231,84
MADHYA PRADESH,2010,Ideological Causes/Hero Worshipping,0,3,0,2,0,5,0,2,1,0,0,3,8,0,5,1,2,0
MADHYA PRADESH,2010,Illegitimate Pregnancy,0,0,0,0,0,0,2,7,0,0,0,9,9,2,7,0,0,0
MADHYA PRADESH,2010,Love Affairs,7,82,26,0,0,115,10,105,24,0,0,139,254,17,187,50,0,0
MADHYA PRADESH,2010,"Physical Abuse (Rape,Incest Etc.)",1,26,10,6,0,43,6,66,36,3,0,111,154,7,92,46,9,0
MADHYA PRADESH,2010,Poverty,0,8,9,3,0,20,0,3,2,0,0,5,25,0,11,11,3,0
MADHYA PRADESH,2010,Professional/Career Problem,1,28,29,20,4,82,0,0,2,2,0,4,86,1,28,31,22,4
MADHYA PRADESH,2010,Property Dispute,0,8,14,10,12,44,0,2,2,3,2,9,53,0,10,16,13,14
MADHYA PRADESH,2010,Unemployment,9,21,15,1,0,46,8,5,1,0,0,14,60,17,26,16,1,0
MADHYA PRADESH,2010,Causes Not known,66,515,404,231,99,1315,62,374,225,119,68,848,2163,128,889,629,350,167
MADHYA PRADESH,2010,Other Causes,62,200,209,150,67,688,22,142,91,40,36,331,1019,84,342,300,190,103
MADHYA PRADESH,2010,Total,215,1790,1668,990,424,5087,161,2075,1105,392,183,3916,9003,376,3865,2773,1382,607
MADHYA PRADESH,2010,Total Illness,14,243,289,231,118,895,20,174,150,109,42,495,1390,34,417,439,340,160
MADHYA PRADESH,2011,Bankruptcy,0,17,21,8,4,50,0,1,2,2,0,5,55,0,18,23,10,4
MADHYA PRADESH,2011,Suspected/Illicit Relation,0,36,11,3,0,50,1,26,20,2,0,49,99,1,62,31,5,0
MADHYA PRADESH,2011,Cancellation/Non-Settlement of Marriage,0,34,16,0,0,50,0,27,9,1,0,37,87,0,61,25,1,0
MADHYA PRADESH,2011,Infertility,0,9,11,1,0,21,0,25,18,1,0,44,65,0,34,29,2,0
MADHYA PRADESH,2011,Illness (Aids/STD),0,1,3,2,2,8,0,1,1,0,0,2,10,0,2,4,2,2
MADHYA PRADESH,2011,Cancer,0,1,3,7,2,13,0,0,2,1,0,3,16,0,1,5,8,2
MADHYA PRADESH,2011,Paralysis,0,5,5,16,2,28,0,0,2,5,2,9,37,0,5,7,21,4
MADHYA PRADESH,2011,Insanity/Mental Illness,11,129,151,74,34,399,11,88,80,36,18,233,632,22,217,231,110,52
MADHYA PRADESH,2011,Other Prolonged Illness,12,190,228,156,133,719,10,128,141,81,63,423,1142,22,318,369,237,196
MADHYA PRADESH,2011,Death of Dear Person,0,15,13,3,1,32,1,24,11,5,2,43,75,1,39,24,8,3
MADHYA PRADESH,2011,Dowry Dispute,0,2,3,3,0,8,1,496,182,14,0,693,701,1,498,185,17,0
MADHYA PRADESH,2011,Divorce,0,4,7,1,0,12,0,6,1,0,0,7,19,0,10,8,1,0
MADHYA PRADESH,2011,Drug Abuse/Addiction,2,144,226,86,42,500,1,10,8,8,1,28,528,3,154,234,94,43
MADHYA PRADESH,2011,Failure in Examination,19,60,8,1,0,88,17,50,1,0,0,68,156,36,110,9,1,0
MADHYA PRADESH,2011,Fall in Social Reputation,0,13,22,13,1,49,1,30,20,5,1,57,106,1,43,42,18,2
MADHYA PRADESH,2011,Family Problems,12,281,280,164,57,794,24,358,260,103,24,769,1563,36,639,540,267,81
MADHYA PRADESH,2011,Ideological Causes/Hero Worshipping,0,0,0,0,0,0,0,1,0,0,0,1,1,0,1,0,0,0
MADHYA PRADESH,2011,Illegitimate Pregnancy,0,0,0,0,0,0,6,7,3,0,0,16,16,6,7,3,0,0
MADHYA PRADESH,2011,Love Affairs,4,126,22,1,0,153,10,97,30,8,0,145,298,14,223,52,9,0
MADHYA PRADESH,2011,"Physical Abuse (Rape,Incest Etc.)",0,30,19,1,0,50,0,62,54,3,2,121,171,0,92,73,4,2
MADHYA PRADESH,2011,Poverty,0,4,8,1,1,14,1,0,3,1,0,5,19,1,4,11,2,1
MADHYA PRADESH,2011,Professional/Career Problem,0,43,54,13,3,113,0,1,0,0,0,1,114,0,44,54,13,3
MADHYA PRADESH,2011,Property Dispute,0,28,25,21,11,85,0,12,17,10,2,41,126,0,40,42,31,13
MADHYA PRADESH,2011,Unemployment,0,18,24,20,8,70,0,7,3,13,0,23,93,0,25,27,33,8
MADHYA PRADESH,2011,Causes Not known,53,570,381,185,86,1275,61,435,209,85,47,837,2112,114,1005,590,270,133
MADHYA PRADESH,2011,Other Causes,43,217,218,136,45,659,18,164,110,45,22,359,1018,61,381,328,181,67
MADHYA PRADESH,2011,Total,156,1977,1759,916,432,5240,163,2056,1187,429,184,4019,9259,319,4033,2946,1345,616
MADHYA PRADESH,2011,Total Illness,23,326,390,255,173,1167,21,217,226,123,83,670,1837,44,543,616,378,256
MADHYA PRADESH,2012,Bankruptcy,0,25,43,12,8,88,1,12,14,3,0,30,118,1,37,57,15,8
MADHYA PRADESH,2012,Suspected/Illicit Relation,0,37,12,9,9,67,0,39,16,0,0,55,122,0,76,28,9,9
MADHYA PRADESH,2012,Cancellation/Non-Settlement of Marriage,0,34,12,0,0,46,0,31,3,0,0,34,80,0,65,15,0,0
MADHYA PRADESH,2012,Infertility,0,4,7,2,0,13,0,17,19,2,0,38,51,0,21,26,4,0
MADHYA PRADESH,2012,Illness (Aids/STD),1,2,22,13,11,49,0,2,1,0,2,5,54,1,4,23,13,13
MADHYA PRADESH,2012,Cancer,0,1,5,3,4,13,0,0,1,0,2,3,16,0,1,6,3,6
MADHYA PRADESH,2012,Paralysis,1,0,3,0,0,4,0,0,2,1,0,3,7,1,0,5,1,0
MADHYA PRADESH,2012,Insanity/Mental Illness,5,130,143,71,35,384,5,84,67,34,26,216,600,10,214,210,105,61
MADHYA PRADESH,2012,Other Prolonged Illness,10,160,206,170,170,716,9,142,112,87,54,404,1120,19,302,318,257,224
MADHYA PRADESH,2012,Death of Dear Person,1,6,16,6,8,37,1,16,13,3,5,38,75,2,22,29,9,13
MADHYA PRADESH,2012,Dowry Dispute,0,1,0,0,0,1,0,475,137,18,0,630,631,0,476,137,18,0
MADHYA PRADESH,2012,Divorce,0,7,7,0,0,14,0,4,9,2,0,15,29,0,11,16,2,0
MADHYA PRADESH,2012,Drug Abuse/Addiction,0,137,259,149,27,572,0,1,4,4,0,9,581,0,138,263,153,27
MADHYA PRADESH,2012,Failure in Examination,18,69,15,0,0,102,15,75,1,0,0,91,193,33,144,16,0,0
MADHYA PRADESH,2012,Fall in Social Reputation,1,22,25,20,3,71,3,23,18,9,2,55,126,4,45,43,29,5
MADHYA PRADESH,2012,Family Problems,20,552,522,262,98,1454,28,531,361,145,42,1107,2561,48,1083,883,407,140
MADHYA PRADESH,2012,Ideological Causes/Hero Worshipping,0,0,1,0,0,1,0,2,0,0,0,2,3,0,2,1,0,0
MADHYA PRADESH,2012,Illegitimate Pregnancy,0,0,0,0,0,0,0,6,0,0,0,6,6,0,6,0,0,0
MADHYA PRADESH,2012,Love Affairs,4,142,29,12,0,187,9,122,25,12,0,168,355,13,264,54,24,0
MADHYA PRADESH,2012,"Physical Abuse (Rape,Incest Etc.)",0,5,4,3,0,12,2,38,29,5,0,74,86,2,43,33,8,0
MADHYA PRADESH,2012,Poverty,2,9,2,4,0,17,0,2,1,0,0,3,20,2,11,3,4,0
MADHYA PRADESH,2012,Professional/Career Problem,0,32,54,20,1,107,0,0,1,0,0,1,108,0,32,55,20,1
MADHYA PRADESH,2012,Property Dispute,0,15,22,22,10,69,0,1,6,7,0,14,83,0,16,28,29,10
MADHYA PRADESH,2012,Unemployment,0,32,33,7,1,73,0,7,19,15,0,41,114,0,39,52,22,1
MADHYA PRADESH,2012,Causes Not known,56,394,349,242,71,1112,41,305,153,98,50,647,1759,97,699,502,340,121
MADHYA PRADESH,2012,Other Causes,25,180,197,121,42,565,20,125,102,41,24,312,877,45,305,299,162,66
MADHYA PRADESH,2012,Total,144,1996,1988,1148,498,5774,134,2060,1114,486,207,4001,9775,278,4056,3102,1634,705
MADHYA PRADESH,2012,Total Illness,17,293,379,257,220,1166,14,228,183,122,84,631,1797,31,521,562,379,304
MAHARASHTRA,2001,Bankruptcy,0,58,126,66,6,256,0,3,3,4,1,11,267,0,61,129,70,7
MAHARASHTRA,2001,Suspected/Illicit Relation,0,12,11,2,1,26,0,34,18,1,0,53,79,0,46,29,3,1
MAHARASHTRA,2001,Cancellation/Non-Settlement of Marriage,0,31,27,4,0,62,0,56,9,3,0,68,130,0,87,36,7,0
MAHARASHTRA,2001,Infertility,0,7,22,6,0,35,0,54,36,3,2,95,130,0,61,58,9,2
MAHARASHTRA,2001,Illness (Aids/STD),0,36,35,11,4,86,0,6,5,1,2,14,100,0,42,40,12,6
MAHARASHTRA,2001,Cancer,0,10,38,28,10,86,1,12,11,6,7,37,123,1,22,49,34,17
MAHARASHTRA,2001,Paralysis,0,6,18,29,21,74,0,4,3,9,3,19,93,0,10,21,38,24
MAHARASHTRA,2001,Insanity/Mental Illness,8,219,265,166,65,723,12,134,123,61,34,364,1087,20,353,388,227,99
MAHARASHTRA,2001,Other Prolonged Illness,14,368,704,473,304,1863,17,284,249,163,121,834,2697,31,652,953,636,425
MAHARASHTRA,2001,Death of Dear Person,0,15,18,15,13,61,1,19,14,3,2,39,100,1,34,32,18,15
MAHARASHTRA,2001,Dowry Dispute,0,1,0,0,0,1,0,340,65,1,0,406,407,0,341,65,1,0
MAHARASHTRA,2001,Divorce,0,2,8,2,0,12,0,24,7,3,0,34,46,0,26,15,5,0
MAHARASHTRA,2001,Drug Abuse/Addiction,0,113,224,126,29,492,0,2,1,3,0,6,498,0,115,225,129,29
MAHARASHTRA,2001,Failure in Examination,13,117,8,0,0,138,17,78,3,0,0,98,236,30,195,11,0,0
MAHARASHTRA,2001,Fall in Social Reputation,0,21,20,16,3,60,0,24,10,0,0,34,94,0,45,30,16,3
MAHARASHTRA,2001,Family Problems,45,956,1122,564,185,2872,44,1069,740,227,64,2144,5016,89,2025,1862,791,249
MAHARASHTRA,2001,Ideological Causes/Hero Worshipping,0,0,0,0,0,0,0,0,0,0,0,0,0,0,0,0,0,0
MAHARASHTRA,2001,Illegitimate Pregnancy,0,0,0,0,0,0,0,3,0,0,0,3,3,0,3,0,0,0
MAHARASHTRA,2001,Love Affairs,0,72,35,3,0,110,2,116,12,1,0,131,241,2,188,47,4,0
MAHARASHTRA,2001,"Physical Abuse (Rape,Incest Etc.)",0,3,1,0,1,5,0,31,13,1,0,45,50,0,34,14,1,1
MAHARASHTRA,2001,Poverty,1,83,141,61,17,303,0,29,30,17,8,84,387,1,112,171,78,25
MAHARASHTRA,2001,Professional/Career Problem,0,52,50,37,6,145,0,5,13,5,1,24,169,0,57,63,42,7
MAHARASHTRA,2001,Property Dispute,0,22,42,26,10,100,0,12,25,5,2,44,144,0,34,67,31,12
MAHARASHTRA,2001,Unemployment,0,153,169,45,3,370,0,7,9,10,3,29,399,0,160,178,55,6
MAHARASHTRA,2001,Causes Not known,45,414,543,240,113,1355,38,262,194,85,37,616,1971,83,676,737,325,150
MAHARASHTRA,2001,Other Causes,2,34,43,18,6,103,1,25,14,5,3,48,151,3,59,57,23,9
MAHARASHTRA,2001,Total,128,2805,3670,1938,797,9338,133,2633,1607,617,290,5280,14618,261,5438,5277,2555,1087
MAHARASHTRA,2001,Total Illness,22,639,1060,707,404,2832,30,440,391,240,167,1268,4100,52,1079,1451,947,571
MAHARASHTRA,2002,Bankruptcy,0,63,152,90,24,329,0,13,23,2,0,38,367,0,76,175,92,24
MAHARASHTRA,2002,Suspected/Illicit Relation,0,20,19,6,0,45,0,26,26,3,0,55,100,0,46,45,9,0
MAHARASHTRA,2002,Cancellation/Non-Settlement of Marriage,0,34,11,0,0,45,0,64,16,0,0,80,125,0,98,27,0,0
MAHARASHTRA,2002,Infertility,0,16,14,9,2,41,0,46,30,3,0,79,120,0,62,44,12,2
MAHARASHTRA,2002,Illness (Aids/STD),2,9,22,5,1,39,1,8,9,1,0,19,58,3,17,31,6,1
MAHARASHTRA,2002,Cancer,0,20,46,35,12,113,1,12,12,13,1,39,152,1,32,58,48,13
MAHARASHTRA,2002,Paralysis,0,1,15,8,19,43,0,4,1,3,3,11,54,0,5,16,11,22
MAHARASHTRA,2002,Insanity/Mental Illness,12,254,309,175,96,846,11,168,127,95,48,449,1295,23,422,436,270,144
MAHARASHTRA,2002,Other Prolonged Illness,3,422,675,460,426,1986,6,292,252,170,145,865,2851,9,714,927,630,571
MAHARASHTRA,2002,Death of Dear Person,0,16,24,17,4,61,0,17,15,5,9,46,107,0,33,39,22,13
MAHARASHTRA,2002,Dowry Dispute,0,0,0,0,0,0,0,246,53,0,0,299,299,0,246,53,0,0
MAHARASHTRA,2002,Divorce,0,6,1,0,0,7,0,11,11,0,0,22,29,0,17,12,0,0
MAHARASHTRA,2002,Drug Abuse/Addiction,0,127,316,140,36,619,0,0,4,4,0,8,627,0,127,320,144,36
MAHARASHTRA,2002,Failure in Examination,12,93,7,0,0,112,6,91,1,0,0,98,210,18,184,8,0,0
MAHARASHTRA,2002,Fall in Social Reputation,0,23,31,20,9,83,0,14,13,0,0,27,110,0,37,44,20,9
MAHARASHTRA,2002,Family Problems,47,955,1189,511,203,2905,48,1161,628,163,68,2068,4973,95,2116,1817,674,271
MAHARASHTRA,2002,Ideological Causes/Hero Worshipping,0,2,0,0,1,3,0,1,0,0,0,1,4,0,3,0,0,1
MAHARASHTRA,2002,Illegitimate Pregnancy,0,0,0,0,0,0,0,10,3,0,0,13,13,0,10,3,0,0
MAHARASHTRA,2002,Love Affairs,0,106,23,2,0,131,7,101,24,0,0,132,263,7,207,47,2,0
MAHARASHTRA,2002,"Physical Abuse (Rape,Incest Etc.)",0,8,10,2,0,20,2,30,20,3,1,56,76,2,38,30,5,1
MAHARASHTRA,2002,Poverty,1,81,115,51,12,260,0,30,31,16,5,82,342,1,111,146,67,17
MAHARASHTRA,2002,Professional/Career Problem,0,58,86,38,4,186,0,27,21,3,1,52,238,0,85,107,41,5
MAHARASHTRA,2002,Property Dispute,0,14,10,7,4,35,0,6,1,1,1,9,44,0,20,11,8,5
MAHARASHTRA,2002,Unemployment,0,166,150,48,1,365,0,21,11,0,0,32,397,0,187,161,48,1
MAHARASHTRA,2002,Causes Not known,15,310,393,211,99,1028,22,212,106,42,16,398,1426,37,522,499,253,115
MAHARASHTRA,2002,Other Causes,10,40,52,31,12,145,6,34,45,11,8,104,249,16,74,97,42,20
MAHARASHTRA,2002,Total,102,2844,3670,1866,965,9447,110,2645,1483,538,306,5082,14529,212,5489,5153,2404,1271
MAHARASHTRA,2002,Total Illness,17,706,1067,683,554,3027,19,484,401,282,197,1383,4410,36,1190,1468,965,751
MAHARASHTRA,2003,Bankruptcy,0,78,184,89,17,368,0,7,9,6,0,22,390,0,85,193,95,17
MAHARASHTRA,2003,Suspected/Illicit Relation,0,11,15,5,1,32,0,29,14,3,0,46,78,0,40,29,8,1
MAHARASHTRA,2003,Cancellation/Non-Settlement of Marriage,0,36,16,0,0,52,0,52,9,0,0,61,113,0,88,25,0,0
MAHARASHTRA,2003,Infertility,0,5,23,3,0,31,0,39,49,4,0,92,123,0,44,72,7,0
MAHARASHTRA,2003,Illness (Aids/STD),0,23,43,7,3,76,1,7,7,1,1,17,93,1,30,50,8,4
MAHARASHTRA,2003,Cancer,0,7,24,24,10,65,1,2,12,7,5,27,92,1,9,36,31,15
MAHARASHTRA,2003,Paralysis,0,5,14,18,21,58,0,2,4,4,4,14,72,0,7,18,22,25
MAHARASHTRA,2003,Insanity/Mental Illness,9,231,305,144,71,760,4,127,153,66,31,381,1141,13,358,458,210,102
MAHARASHTRA,2003,Other Prolonged Illness,8,538,743,596,360,2245,15,304,390,200,127,1036,3281,23,842,1133,796,487
MAHARASHTRA,2003,Death of Dear Person,0,24,25,15,8,72,2,23,20,11,2,58,130,2,47,45,26,10
MAHARASHTRA,2003,Dowry Dispute,3,1,0,0,0,4,0,252,53,5,0,310,314,3,253,53,5,0
MAHARASHTRA,2003,Divorce,0,1,1,0,0,2,0,7,1,0,0,8,10,0,8,2,0,0
MAHARASHTRA,2003,Drug Abuse/Addiction,0,130,361,227,45,763,0,1,2,2,0,5,768,0,131,363,229,45
MAHARASHTRA,2003,Failure in Examination,8,122,4,0,0,134,11,91,0,0,0,102,236,19,213,4,0,0
MAHARASHTRA,2003,Fall in Social Reputation,0,18,36,18,3,75,3,19,19,2,1,44,119,3,37,55,20,4
MAHARASHTRA,2003,Family Problems,55,1128,1274,681,184,3322,40,1186,669,206,68,2169,5491,95,2314,1943,887,252
MAHARASHTRA,2003,Ideological Causes/Hero Worshipping,0,5,4,9,0,18,0,2,0,4,0,6,24,0,7,4,13,0
MAHARASHTRA,2003,Illegitimate Pregnancy,0,0,0,0,0,0,1,14,1,0,0,16,16,1,14,1,0,0
MAHARASHTRA,2003,Love Affairs,0,108,20,2,0,130,4,87,11,0,0,102,232,4,195,31,2,0
MAHARASHTRA,2003,"Physical Abuse (Rape,Incest Etc.)",1,1,2,1,0,5,0,23,25,5,4,57,62,1,24,27,6,4
MAHARASHTRA,2003,Poverty,1,77,117,60,16,271,0,34,17,9,3,63,334,1,111,134,69,19
MAHARASHTRA,2003,Professional/Career Problem,0,70,120,39,5,234,0,32,22,1,0,55,289,0,102,142,40,5
MAHARASHTRA,2003,Property Dispute,0,8,24,8,10,50,0,2,1,0,2,5,55,0,10,25,8,12
MAHARASHTRA,2003,Unemployment,0,223,178,49,2,452,1,19,5,1,0,26,478,1,242,183,50,2
MAHARASHTRA,2003,Causes Not known,1,135,117,62,21,336,2,81,48,17,8,156,492,3,216,165,79,29
MAHARASHTRA,2003,Other Causes,13,81,97,49,15,255,7,44,11,7,3,72,327,20,125,108,56,18
MAHARASHTRA,2003,Total,99,3066,3747,2106,792,9810,92,2486,1552,561,259,4950,14760,191,5552,5299,2667,1051
MAHARASHTRA,2003,Total Illness,17,804,1129,789,465,3204,21,442,566,278,168,1475,4679,38,1246,1695,1067,633
MAHARASHTRA,2004,Bankruptcy,0,89,198,108,21,416,0,10,13,1,3,27,443,0,99,211,109,24
MAHARASHTRA,2004,Suspected/Illicit Relation,0,23,17,8,0,48,0,19,15,0,0,34,82,0,42,32,8,0
MAHARASHTRA,2004,Cancellation/Non-Settlement of Marriage,0,39,24,1,0,64,0,58,4,0,0,62,126,0,97,28,1,0
MAHARASHTRA,2004,Infertility,0,13,25,8,1,47,0,47,47,9,0,103,150,0,60,72,17,1
MAHARASHTRA,2004,Illness (Aids/STD),0,22,53,8,1,84,0,2,13,2,0,17,101,0,24,66,10,1
MAHARASHTRA,2004,Cancer,0,11,16,28,17,72,0,2,5,14,10,31,103,0,13,21,42,27
MAHARASHTRA,2004,Paralysis,0,7,15,33,41,96,0,6,7,6,6,25,121,0,13,22,39,47
MAHARASHTRA,2004,Insanity/Mental Illness,5,275,302,150,77,809,8,192,174,76,44,494,1303,13,467,476,226,121
MAHARASHTRA,2004,Other Prolonged Illness,10,519,756,573,379,2237,20,401,296,218,148,1083,3320,30,920,1052,791,527
MAHARASHTRA,2004,Death of Dear Person,2,25,23,21,8,79,1,17,18,12,5,53,132,3,42,41,33,13
MAHARASHTRA,2004,Dowry Dispute,0,0,2,2,0,4,0,269,61,2,0,332,336,0,269,63,4,0
MAHARASHTRA,2004,Divorce,0,5,9,0,0,14,0,14,14,1,0,29,43,0,19,23,1,0
MAHARASHTRA,2004,Drug Abuse/Addiction,0,166,469,271,58,964,0,0,7,1,0,8,972,0,166,476,272,58
MAHARASHTRA,2004,Failure in Examination,18,147,2,0,0,167,10,122,2,0,0,134,301,28,269,4,0,0
MAHARASHTRA,2004,Fall in Social Reputation,0,41,29,21,10,101,2,18,14,4,2,40,141,2,59,43,25,12
MAHARASHTRA,2004,Family Problems,41,1029,1149,598,178,2995,40,1175,557,148,42,1962,4957,81,2204,1706,746,220
MAHARASHTRA,2004,Ideological Causes/Hero Worshipping,0,4,10,2,3,19,0,1,0,0,0,1,20,0,5,10,2,3
MAHARASHTRA,2004,Illegitimate Pregnancy,0,0,0,0,0,0,0,6,0,0,0,6,6,0,6,0,0,0
MAHARASHTRA,2004,Love Affairs,0,94,18,3,0,115,2,85,7,1,0,95,210,2,179,25,4,0
MAHARASHTRA,2004,"Physical Abuse (Rape,Incest Etc.)",0,3,2,1,0,6,1,14,8,1,0,24,30,1,17,10,2,0
MAHARASHTRA,2004,Poverty,0,89,128,83,21,321,1,16,40,19,7,83,404,1,105,168,102,28
MAHARASHTRA,2004,Professional/Career Problem,0,87,109,63,10,269,0,18,13,8,0,39,308,0,105,122,71,10
MAHARASHTRA,2004,Property Dispute,0,17,25,8,3,53,0,2,9,4,0,15,68,0,19,34,12,3
MAHARASHTRA,2004,Unemployment,0,239,170,38,1,448,0,7,3,0,0,10,458,0,246,173,38,1
MAHARASHTRA,2004,Causes Not known,4,96,141,86,20,347,3,40,12,5,1,61,408,7,136,153,91,21
MAHARASHTRA,2004,Other Causes,7,40,46,24,11,128,5,32,14,4,3,58,186,12,72,60,28,14
MAHARASHTRA,2004,Total,87,3080,3738,2138,860,9903,93,2573,1353,536,271,4826,14729,180,5653,5091,2674,1131
MAHARASHTRA,2004,Total Illness,15,834,1142,792,515,3298,28,603,495,316,208,1650,4948,43,1437,1637,1108,723
MAHARASHTRA,2005,Bankruptcy,0,67,183,106,32,388,0,20,13,7,4,44,432,0,87,196,113,36
MAHARASHTRA,2005,Suspected/Illicit Relation,0,13,11,5,0,29,0,29,9,2,0,40,69,0,42,20,7,0
MAHARASHTRA,2005,Cancellation/Non-Settlement of Marriage,0,54,20,6,0,80,0,71,3,0,0,74,154,0,125,23,6,0
MAHARASHTRA,2005,Infertility,0,10,16,9,0,35,0,52,29,4,0,85,120,0,62,45,13,0
MAHARASHTRA,2005,Illness (Aids/STD),0,14,42,11,1,68,1,5,7,2,3,18,86,1,19,49,13,4
MAHARASHTRA,2005,Cancer,0,11,10,22,16,59,1,2,7,6,2,18,77,1,13,17,28,18
MAHARASHTRA,2005,Paralysis,0,9,27,42,43,121,1,5,9,20,4,39,160,1,14,36,62,47
MAHARASHTRA,2005,Insanity/Mental Illness,7,314,325,150,91,887,6,180,145,85,32,448,1335,13,494,470,235,123
MAHARASHTRA,2005,Other Prolonged Illness,6,367,625,508,383,1889,11,331,265,208,187,1002,2891,17,698,890,716,570
MAHARASHTRA,2005,Death of Dear Person,0,29,28,23,9,89,1,14,23,6,6,50,139,1,43,51,29,15
MAHARASHTRA,2005,Dowry Dispute,0,0,0,0,0,0,0,254,46,0,0,300,300,0,254,46,0,0
MAHARASHTRA,2005,Divorce,0,4,7,6,0,17,0,7,5,1,0,13,30,0,11,12,7,0
MAHARASHTRA,2005,Drug Abuse/Addiction,0,203,502,252,59,1016,0,1,3,1,0,5,1021,0,204,505,253,59
MAHARASHTRA,2005,Failure in Examination,14,129,2,0,0,145,11,129,0,0,0,140,285,25,258,2,0,0
MAHARASHTRA,2005,Fall in Social Reputation,0,32,38,15,7,92,1,19,12,1,0,33,125,1,51,50,16,7
MAHARASHTRA,2005,Family Problems,38,922,1122,594,173,2849,32,1150,600,156,39,1977,4826,70,2072,1722,750,212
MAHARASHTRA,2005,Ideological Causes/Hero Worshipping,0,5,1,4,0,10,0,1,0,0,0,1,11,0,6,1,4,0
MAHARASHTRA,2005,Illegitimate Pregnancy,0,0,0,0,0,0,0,9,3,0,0,12,12,0,9,3,0,0
MAHARASHTRA,2005,Love Affairs,0,129,23,5,0,157,3,76,4,1,0,84,241,3,205,27,6,0
MAHARASHTRA,2005,"Physical Abuse (Rape,Incest Etc.)",0,2,7,2,0,11,1,16,4,1,0,22,33,1,18,11,3,0
MAHARASHTRA,2005,Poverty,0,55,102,49,19,225,0,19,15,12,2,48,273,0,74,117,61,21
MAHARASHTRA,2005,Professional/Career Problem,0,68,108,68,8,252,0,5,4,0,0,9,261,0,73,112,68,8
MAHARASHTRA,2005,Property Dispute,0,9,19,24,8,60,0,3,3,1,0,7,67,0,12,22,25,8
MAHARASHTRA,2005,Unemployment,0,227,160,62,8,457,0,34,29,13,0,76,533,0,261,189,75,8
MAHARASHTRA,2005,Causes Not known,3,109,133,72,30,347,4,90,38,15,3,150,497,7,199,171,87,33
MAHARASHTRA,2005,Other Causes,7,95,120,66,32,320,6,91,20,7,4,128,448,13,186,140,73,36
MAHARASHTRA,2005,Total,75,2877,3631,2101,919,9603,79,2613,1296,549,286,4823,14426,154,5490,4927,2650,1205
MAHARASHTRA,2005,Total Illness,13,715,1029,733,534,3024,20,523,433,321,228,1525,4549,33,1238,1462,1054,762
MAHARASHTRA,2006,Bankruptcy,0,115,355,213,80,763,0,17,19,10,6,52,815,0,132,374,223,86
MAHARASHTRA,2006,Suspected/Illicit Relation,0,14,9,4,0,27,1,15,9,0,0,25,52,1,29,18,4,0
MAHARASHTRA,2006,Cancellation/Non-Settlement of Marriage,0,58,19,3,0,80,0,66,7,1,0,74,154,0,124,26,4,0
MAHARASHTRA,2006,Infertility,0,11,18,10,1,40,0,42,23,1,2,68,108,0,53,41,11,3
MAHARASHTRA,2006,Illness (Aids/STD),0,27,62,12,6,107,0,7,10,2,0,19,126,0,34,72,14,6
MAHARASHTRA,2006,Cancer,0,6,15,22,11,54,0,3,7,11,6,27,81,0,9,22,33,17
MAHARASHTRA,2006,Paralysis,0,9,21,23,17,70,1,3,4,3,8,19,89,1,12,25,26,25
MAHARASHTRA,2006,Insanity/Mental Illness,12,274,311,183,72,852,10,163,171,76,52,472,1324,22,437,482,259,124
MAHARASHTRA,2006,Other Prolonged Illness,11,454,674,531,420,2090,11,338,260,185,170,964,3054,22,792,934,716,590
MAHARASHTRA,2006,Death of Dear Person,2,25,32,15,9,83,3,30,25,7,0,65,148,5,55,57,22,9
MAHARASHTRA,2006,Dowry Dispute,0,0,0,0,0,0,0,200,42,1,0,243,243,0,200,42,1,0
MAHARASHTRA,2006,Divorce,0,8,12,9,1,30,0,12,4,0,0,16,46,0,20,16,9,1
MAHARASHTRA,2006,Drug Abuse/Addiction,0,167,483,269,51,970,0,1,3,0,0,4,974,0,168,486,269,51
MAHARASHTRA,2006,Failure in Examination,10,131,5,2,0,148,11,122,0,0,0,133,281,21,253,5,2,0
MAHARASHTRA,2006,Fall in Social Reputation,3,29,30,14,6,82,1,20,10,5,0,36,118,4,49,40,19,6
MAHARASHTRA,2006,Family Problems,27,1034,1192,652,210,3115,36,1318,658,187,66,2265,5380,63,2352,1850,839,276
MAHARASHTRA,2006,Ideological Causes/Hero Worshipping,0,4,4,1,0,9,0,3,1,0,0,4,13,0,7,5,1,0
MAHARASHTRA,2006,Illegitimate Pregnancy,0,0,0,0,0,0,1,14,3,0,0,18,18,1,14,3,0,0
MAHARASHTRA,2006,Love Affairs,0,96,16,4,0,116,0,94,14,1,0,109,225,0,190,30,5,0
MAHARASHTRA,2006,"Physical Abuse (Rape,Incest Etc.)",0,2,1,2,1,6,1,8,1,1,0,11,17,1,10,2,3,1
MAHARASHTRA,2006,Poverty,0,89,195,101,28,413,0,28,44,10,7,89,502,0,117,239,111,35
MAHARASHTRA,2006,Professional/Career Problem,0,67,156,77,26,326,0,13,8,4,0,25,351,0,80,164,81,26
MAHARASHTRA,2006,Property Dispute,0,18,25,17,6,66,0,5,4,3,0,12,78,0,23,29,20,6
MAHARASHTRA,2006,Unemployment,0,198,153,35,1,387,0,17,5,4,0,26,413,0,215,158,39,1
MAHARASHTRA,2006,Causes Not known,2,114,97,37,5,255,4,68,10,7,2,91,346,6,182,107,44,7
MAHARASHTRA,2006,Other Causes,1,138,157,90,35,421,5,76,24,6,6,117,538,6,214,181,96,41
MAHARASHTRA,2006,Total,68,3088,4042,2326,986,10510,85,2683,1366,525,325,4984,15494,153,5771,5408,2851,1311
MAHARASHTRA,2006,Total Illness,23,770,1083,771,526,3173,22,514,452,277,236,1501,4674,45,1284,1535,1048,762
MAHARASHTRA,2007,Bankruptcy,0,129,351,290,99,869,0,3,8,3,0,14,883,0,132,359,293,99
MAHARASHTRA,2007,Suspected/Illicit Relation,0,15,15,8,3,41,0,16,10,0,0,26,67,0,31,25,8,3
MAHARASHTRA,2007,Cancellation/Non-Settlement of Marriage,0,52,14,2,0,68,0,62,6,0,0,68,136,0,114,20,2,0
MAHARASHTRA,2007,Infertility,0,9,22,5,1,37,0,41,28,4,0,73,110,0,50,50,9,1
MAHARASHTRA,2007,Illness (Aids/STD),0,41,79,30,16,166,2,23,19,9,6,59,225,2,64,98,39,22
MAHARASHTRA,2007,Cancer,0,10,28,38,13,89,0,3,10,6,6,25,114,0,13,38,44,19
MAHARASHTRA,2007,Paralysis,0,7,14,29,28,78,0,5,10,6,5,26,104,0,12,24,35,33
MAHARASHTRA,2007,Insanity/Mental Illness,5,293,356,189,94,937,8,173,145,80,63,469,1406,13,466,501,269,157
MAHARASHTRA,2007,Other Prolonged Illness,3,368,535,499,369,1774,18,281,225,146,138,808,2582,21,649,760,645,507
MAHARASHTRA,2007,Death of Dear Person,0,23,25,17,8,73,0,37,26,3,8,74,147,0,60,51,20,16
MAHARASHTRA,2007,Dowry Dispute,0,2,4,0,2,8,0,266,68,0,0,334,342,0,268,72,0,2
MAHARASHTRA,2007,Divorce,0,3,4,5,1,13,0,8,6,0,0,14,27,0,11,10,5,1
MAHARASHTRA,2007,Drug Abuse/Addiction,0,224,483,282,73,1062,0,4,3,5,0,12,1074,0,228,486,287,73
MAHARASHTRA,2007,Failure in Examination,6,110,4,0,0,120,1,109,0,0,0,110,230,7,219,4,0,0
MAHARASHTRA,2007,Fall in Social Reputation,0,47,48,26,8,129,0,27,18,6,1,52,181,0,74,66,32,9
MAHARASHTRA,2007,Family Problems,20,1021,1225,641,185,3092,29,1258,558,211,59,2115,5207,49,2279,1783,852,244
MAHARASHTRA,2007,Ideological Causes/Hero Worshipping,0,1,2,0,1,4,0,0,0,0,0,0,4,0,1,2,0,1
MAHARASHTRA,2007,Illegitimate Pregnancy,0,0,0,0,0,0,0,6,4,0,0,10,10,0,6,4,0,0
MAHARASHTRA,2007,Love Affairs,0,108,18,4,0,130,1,83,7,1,0,92,222,1,191,25,5,0
MAHARASHTRA,2007,"Physical Abuse (Rape,Incest Etc.)",0,4,1,0,0,5,1,12,1,0,0,14,19,1,16,2,0,0
MAHARASHTRA,2007,Poverty,0,74,151,113,34,372,0,43,28,9,0,80,452,0,117,179,122,34
MAHARASHTRA,2007,Professional/Career Problem,0,72,134,75,21,302,1,11,7,3,0,22,324,1,83,141,78,21
MAHARASHTRA,2007,Property Dispute,1,17,23,18,7,66,0,4,9,2,1,16,82,1,21,32,20,8
MAHARASHTRA,2007,Unemployment,0,186,118,42,7,353,0,11,7,0,1,19,372,0,197,125,42,8
MAHARASHTRA,2007,Causes Not known,2,80,110,44,14,250,7,63,41,15,3,129,379,9,143,151,59,17
MAHARASHTRA,2007,Other Causes,5,126,144,68,39,382,6,69,17,6,5,103,485,11,195,161,74,44
MAHARASHTRA,2007,Total,42,3022,3908,2425,1023,10420,74,2618,1261,515,296,4764,15184,116,5640,5169,2940,1319
MAHARASHTRA,2007,Total Illness,8,719,1012,785,520,3044,28,485,409,247,218,1387,4431,36,1204,1421,1032,738
MAHARASHTRA,2008,Bankruptcy,0,146,340,233,75,794,0,1,4,7,2,14,808,0,147,344,240,77
MAHARASHTRA,2008,Suspected/Illicit Relation,0,10,13,2,0,25,0,24,13,0,0,37,62,0,34,26,2,0
MAHARASHTRA,2008,Cancellation/Non-Settlement of Marriage,0,50,16,3,0,69,1,69,9,3,0,82,151,1,119,25,6,0
MAHARASHTRA,2008,Infertility,0,10,22,6,1,39,0,43,25,4,0,72,111,0,53,47,10,1
MAHARASHTRA,2008,Illness (Aids/STD),0,15,38,17,2,72,0,7,10,3,0,20,92,0,22,48,20,2
MAHARASHTRA,2008,Cancer,0,5,17,26,9,57,0,3,9,9,6,27,84,0,8,26,35,15
MAHARASHTRA,2008,Paralysis,0,3,4,13,10,30,0,3,2,3,4,12,42,0,6,6,16,14
MAHARASHTRA,2008,Insanity/Mental Illness,3,283,301,143,71,801,9,168,152,91,42,462,1263,12,451,453,234,113
MAHARASHTRA,2008,Other Prolonged Illness,2,365,565,451,359,1742,7,243,217,148,155,770,2512,9,608,782,599,514
MAHARASHTRA,2008,Death of Dear Person,0,15,29,18,5,67,1,29,11,5,2,48,115,1,44,40,23,7
MAHARASHTRA,2008,Dowry Dispute,0,1,0,0,0,1,0,217,36,0,0,253,254,0,218,36,0,0
MAHARASHTRA,2008,Divorce,0,3,4,1,0,8,0,7,4,0,0,11,19,0,10,8,1,0
MAHARASHTRA,2008,Drug Abuse/Addiction,0,252,464,253,53,1022,0,4,3,3,0,10,1032,0,256,467,256,53
MAHARASHTRA,2008,Failure in Examination,11,119,1,0,0,131,7,98,0,0,0,105,236,18,217,1,0,0
MAHARASHTRA,2008,Fall in Social Reputation,0,27,28,21,4,80,0,13,2,2,0,17,97,0,40,30,23,4
MAHARASHTRA,2008,Family Problems,25,1102,1249,679,166,3221,33,1183,644,144,67,2071,5292,58,2285,1893,823,233
MAHARASHTRA,2008,Ideological Causes/Hero Worshipping,0,0,0,0,0,0,0,0,0,0,0,0,0,0,0,0,0,0
MAHARASHTRA,2008,Illegitimate Pregnancy,0,0,0,0,0,0,0,3,2,0,0,5,5,0,3,2,0,0
MAHARASHTRA,2008,Love Affairs,0,88,20,4,0,112,4,83,5,1,0,93,205,4,171,25,5,0
MAHARASHTRA,2008,"Physical Abuse (Rape,Incest Etc.)",0,7,1,1,2,11,1,11,3,1,1,17,28,1,18,4,2,3
MAHARASHTRA,2008,Poverty,0,67,134,94,31,326,0,20,17,10,2,49,375,0,87,151,104,33
MAHARASHTRA,2008,Professional/Career Problem,0,55,90,77,15,237,0,8,6,0,0,14,251,0,63,96,77,15
MAHARASHTRA,2008,Property Dispute,0,7,23,25,6,61,0,1,5,3,1,10,71,0,8,28,28,7
MAHARASHTRA,2008,Unemployment,0,173,117,48,2,340,0,10,1,0,0,11,351,0,183,118,48,2
MAHARASHTRA,2008,Causes Not known,3,121,127,63,12,326,4,69,39,11,3,126,452,7,190,166,74,15
MAHARASHTRA,2008,Other Causes,3,112,122,69,11,317,7,95,32,10,5,149,466,10,207,154,79,16
MAHARASHTRA,2008,Total,47,3036,3725,2247,834,9889,74,2412,1251,458,290,4485,14374,121,5448,4976,2705,1124
MAHARASHTRA,2008,Total Illness,5,671,925,650,451,2702,16,424,390,254,207,1291,3993,21,1095,1315,904,658
MAHARASHTRA,2009,Bankruptcy,0,113,321,225,67,726,0,16,16,7,0,39,765,0,129,337,232,67
MAHARASHTRA,2009,Suspected/Illicit Relation,0,14,11,5,1,31,1,22,13,0,0,36,67,1,36,24,5,1
MAHARASHTRA,2009,Cancellation/Non-Settlement of Marriage,0,48,19,4,0,71,0,62,4,0,0,66,137,0,110,23,4,0
MAHARASHTRA,2009,Infertility,0,6,21,5,0,32,0,40,21,2,0,63,95,0,46,42,7,0
MAHARASHTRA,2009,Illness (Aids/STD),0,17,47,19,5,88,0,7,12,4,1,24,112,0,24,59,23,6
MAHARASHTRA,2009,Cancer,0,13,25,29,19,86,1,12,19,10,11,53,139,1,25,44,39,30
MAHARASHTRA,2009,Paralysis,0,21,26,32,32,111,0,4,6,3,7,20,131,0,25,32,35,39
MAHARASHTRA,2009,Insanity/Mental Illness,7,262,247,135,80,731,4,152,139,80,43,418,1149,11,414,386,215,123
MAHARASHTRA,2009,Other Prolonged Illness,3,343,504,475,406,1731,3,246,254,162,158,823,2554,6,589,758,637,564
MAHARASHTRA,2009,Death of Dear Person,0,22,40,21,9,92,0,20,15,5,2,42,134,0,42,55,26,11
MAHARASHTRA,2009,Dowry Dispute,0,0,0,0,0,0,0,181,30,0,0,211,211,0,181,30,0,0
MAHARASHTRA,2009,Divorce,0,9,6,3,0,18,0,6,0,2,0,8,26,0,15,6,5,0
MAHARASHTRA,2009,Drug Abuse/Addiction,0,257,556,314,64,1191,0,1,2,4,1,8,1199,0,258,558,318,65
MAHARASHTRA,2009,Failure in Examination,6,106,2,1,0,115,9,101,2,0,0,112,227,15,207,4,1,0
MAHARASHTRA,2009,Fall in Social Reputation,0,10,10,7,1,28,1,11,3,1,0,16,44,1,21,13,8,1
MAHARASHTRA,2009,Family Problems,21,1063,1240,648,192,3164,22,1196,662,190,45,2115,5279,43,2259,1902,838,237
MAHARASHTRA,2009,Ideological Causes/Hero Worshipping,1,1,4,0,0,6,0,4,0,1,0,5,11,1,5,4,1,0
MAHARASHTRA,2009,Illegitimate Pregnancy,0,0,0,0,0,0,1,5,1,1,0,8,8,1,5,1,1,0
MAHARASHTRA,2009,Love Affairs,0,92,9,1,0,102,1,88,12,0,0,101,203,1,180,21,1,0
MAHARASHTRA,2009,"Physical Abuse (Rape,Incest Etc.)",0,0,2,0,0,2,0,19,5,2,0,26,28,0,19,7,2,0
MAHARASHTRA,2009,Poverty,0,56,116,71,18,261,1,17,17,6,2,43,304,1,73,133,77,20
MAHARASHTRA,2009,Professional/Career Problem,0,67,116,55,26,264,0,12,7,4,1,24,288,0,79,123,59,27
MAHARASHTRA,2009,Property Dispute,0,8,14,18,1,41,0,2,6,8,0,16,57,0,10,20,26,1
MAHARASHTRA,2009,Unemployment,0,162,110,23,0,295,0,10,6,2,0,18,313,0,172,116,25,0
MAHARASHTRA,2009,Causes Not known,2,104,111,36,14,267,5,51,16,3,3,78,345,7,155,127,39,17
MAHARASHTRA,2009,Other Causes,8,107,129,63,25,332,6,102,26,6,2,142,474,14,209,155,69,27
MAHARASHTRA,2009,Total,48,2901,3686,2190,960,9785,55,2387,1294,503,276,4515,14300,103,5288,4980,2693,1236
MAHARASHTRA,2009,Total Illness,10,656,849,690,542,2747,8,421,430,259,220,1338,4085,18,1077,1279,949,762
MAHARASHTRA,2010,Bankruptcy,0,131,252,180,64,627,0,14,12,4,4,34,661,0,145,264,184,68
MAHARASHTRA,2010,Suspected/Illicit Relation,0,10,12,2,0,24,0,16,10,1,0,27,51,0,26,22,3,0
MAHARASHTRA,2010,Cancellation/Non-Settlement of Marriage,0,62,24,0,0,86,0,58,8,2,0,68,154,0,120,32,2,0
MAHARASHTRA,2010,Infertility,0,14,16,4,0,34,0,39,22,3,0,64,98,0,53,38,7,0
MAHARASHTRA,2010,Illness (Aids/STD),0,18,36,18,9,81,0,6,12,0,1,19,100,0,24,48,18,10
MAHARASHTRA,2010,Cancer,0,12,17,29,20,78,1,4,6,7,7,25,103,1,16,23,36,27
MAHARASHTRA,2010,Paralysis,0,6,9,25,13,53,0,11,8,3,3,25,78,0,17,17,28,16
MAHARASHTRA,2010,Insanity/Mental Illness,5,311,284,161,78,839,7,176,128,77,48,436,1275,12,487,412,238,126
MAHARASHTRA,2010,Other Prolonged Illness,4,359,555,501,405,1824,10,315,255,167,158,905,2729,14,674,810,668,563
MAHARASHTRA,2010,Death of Dear Person,0,26,28,15,12,81,1,25,16,9,7,58,139,1,51,44,24,19
MAHARASHTRA,2010,Dowry Dispute,0,0,0,0,0,0,0,180,61,0,0,241,241,0,180,61,0,0
MAHARASHTRA,2010,Divorce,0,9,11,5,0,25,0,6,5,0,0,11,36,0,15,16,5,0
MAHARASHTRA,2010,Drug Abuse/Addiction,0,341,613,343,89,1386,0,1,5,5,3,14,1400,0,342,618,348,92
MAHARASHTRA,2010,Failure in Examination,11,159,5,1,0,176,14,198,0,0,0,212,388,25,357,5,1,0
MAHARASHTRA,2010,Fall in Social Reputation,0,49,38,25,2,114,3,45,24,5,4,81,195,3,94,62,30,6
MAHARASHTRA,2010,Family Problems,24,1306,1493,715,189,3727,40,1354,664,215,57,2330,6057,64,2660,2157,930,246
MAHARASHTRA,2010,Ideological Causes/Hero Worshipping,0,0,1,1,0,2,1,1,0,0,0,2,4,1,1,1,1,0
MAHARASHTRA,2010,Illegitimate Pregnancy,0,0,0,0,0,0,0,9,6,0,0,15,15,0,9,6,0,0
MAHARASHTRA,2010,Love Affairs,0,114,23,1,0,138,3,97,14,0,0,114,252,3,211,37,1,0
MAHARASHTRA,2010,"Physical Abuse (Rape,Incest Etc.)",0,0,0,0,0,0,1,14,4,1,0,20,20,1,14,4,1,0
MAHARASHTRA,2010,Poverty,0,55,109,64,31,259,2,24,12,7,1,46,305,2,79,121,71,32
MAHARASHTRA,2010,Professional/Career Problem,0,60,50,46,10,166,0,8,6,1,0,15,181,0,68,56,47,10
MAHARASHTRA,2010,Property Dispute,0,10,10,22,1,43,0,2,1,0,1,4,47,0,12,11,22,2
MAHARASHTRA,2010,Unemployment,0,145,87,19,1,252,0,15,4,0,0,19,271,0,160,91,19,1
MAHARASHTRA,2010,Causes Not known,2,136,153,92,40,423,5,88,23,10,2,128,551,7,224,176,102,42
MAHARASHTRA,2010,Other Causes,3,152,146,94,25,420,7,98,28,7,5,145,565,10,250,174,101,30
MAHARASHTRA,2010,Total,49,3485,3972,2363,989,10858,95,2804,1334,524,301,5058,15916,144,6289,5306,2887,1290
MAHARASHTRA,2010,Total Illness,9,706,901,734,525,2875,18,512,409,254,217,1410,4285,27,1218,1310,988,742
MAHARASHTRA,2011,Bankruptcy,0,104,271,240,82,697,1,15,10,8,5,39,736,1,119,281,248,87
MAHARASHTRA,2011,Suspected/Illicit Relation,0,12,8,5,2,27,0,13,13,0,0,26,53,0,25,21,5,2
MAHARASHTRA,2011,Cancellation/Non-Settlement of Marriage,0,75,26,2,0,103,0,62,13,2,0,77,180,0,137,39,4,0
MAHARASHTRA,2011,Infertility,0,9,16,4,2,31,0,41,29,3,0,73,104,0,50,45,7,2
MAHARASHTRA,2011,Illness (Aids/STD),0,8,46,15,7,76,0,5,10,8,3,26,102,0,13,56,23,10
MAHARASHTRA,2011,Cancer,0,8,14,22,18,62,0,3,4,15,10,32,94,0,11,18,37,28
MAHARASHTRA,2011,Paralysis,0,3,13,14,15,45,0,3,7,5,8,23,68,0,6,20,19,23
MAHARASHTRA,2011,Insanity/Mental Illness,2,265,264,151,83,765,5,162,130,85,38,420,1185,7,427,394,236,121
MAHARASHTRA,2011,Other Prolonged Illness,7,356,543,453,432,1791,4,285,242,158,159,848,2639,11,641,785,611,591
MAHARASHTRA,2011,Death of Dear Person,0,31,28,12,10,81,1,29,12,5,4,51,132,1,60,40,17,14
MAHARASHTRA,2011,Dowry Dispute,0,0,2,0,0,2,0,171,41,3,0,215,217,0,171,43,3,0
MAHARASHTRA,2011,Divorce,0,5,12,1,0,18,0,10,10,0,0,20,38,0,15,22,1,0
MAHARASHTRA,2011,Drug Abuse/Addiction,0,353,606,359,85,1403,0,2,7,2,3,14,1417,0,355,613,361,88
MAHARASHTRA,2011,Failure in Examination,4,147,3,0,0,154,6,146,2,0,0,154,308,10,293,5,0,0
MAHARASHTRA,2011,Fall in Social Reputation,0,14,26,18,2,60,1,15,6,5,1,28,88,1,29,32,23,3
MAHARASHTRA,2011,Family Problems,21,1354,1530,757,210,3872,37,1406,784,212,56,2495,6367,58,2760,2314,969,266
MAHARASHTRA,2011,Ideological Causes/Hero Worshipping,2,2,7,0,0,11,0,1,3,0,0,4,15,2,3,10,0,0
MAHARASHTRA,2011,Illegitimate Pregnancy,0,0,0,0,0,0,0,4,4,1,0,9,9,0,4,4,1,0
MAHARASHTRA,2011,Love Affairs,0,128,26,1,0,155,7,108,11,0,0,126,281,7,236,37,1,0
MAHARASHTRA,2011,"Physical Abuse (Rape,Incest Etc.)",0,0,0,0,0,0,1,16,1,0,0,18,18,1,16,1,0,0
MAHARASHTRA,2011,Poverty,0,43,55,36,6,140,2,4,11,3,0,20,160,2,47,66,39,6
MAHARASHTRA,2011,Professional/Career Problem,0,54,58,48,6,166,0,9,5,1,2,17,183,0,63,63,49,8
MAHARASHTRA,2011,Property Dispute,0,5,23,16,3,47,0,2,2,1,0,5,52,0,7,25,17,3
MAHARASHTRA,2011,Unemployment,0,141,79,18,0,238,0,10,1,1,0,12,250,0,151,80,19,0
MAHARASHTRA,2011,Causes Not known,5,173,152,86,44,460,9,80,34,11,3,137,597,14,253,186,97,47
MAHARASHTRA,2011,Other Causes,5,187,152,91,48,483,6,126,30,5,4,171,654,11,313,182,96,52
MAHARASHTRA,2011,Total,46,3477,3960,2349,1055,10887,80,2728,1422,534,296,5060,15947,126,6205,5382,2883,1351
MAHARASHTRA,2011,Total Illness,9,640,880,655,555,2739,9,458,393,271,218,1349,4088,18,1098,1273,926,773
MAHARASHTRA,2012,Bankruptcy,0,77,204,176,55,512,0,6,7,6,1,20,532,0,83,211,182,56
MAHARASHTRA,2012,Suspected/Illicit Relation,0,15,9,2,0,26,0,19,7,1,0,27,53,0,34,16,3,0
MAHARASHTRA,2012,Cancellation/Non-Settlement of Marriage,0,61,29,4,0,94,0,53,6,1,0,60,154,0,114,35,5,0
MAHARASHTRA,2012,Infertility,0,6,23,9,0,38,0,39,19,6,0,64,102,0,45,42,15,0
MAHARASHTRA,2012,Illness (Aids/STD),0,9,30,11,5,55,0,4,7,4,3,18,73,0,13,37,15,8
MAHARASHTRA,2012,Cancer,0,4,9,26,9,48,0,2,9,9,7,27,75,0,6,18,35,16
MAHARASHTRA,2012,Paralysis,0,5,6,21,14,46,0,1,3,1,6,11,57,0,6,9,22,20
MAHARASHTRA,2012,Insanity/Mental Illness,7,218,267,175,71,738,5,164,91,62,36,358,1096,12,382,358,237,107
MAHARASHTRA,2012,Other Prolonged Illness,4,367,536,530,422,1859,8,264,232,168,167,839,2698,12,631,768,698,589
MAHARASHTRA,2012,Death of Dear Person,0,27,35,19,15,96,2,27,23,7,7,66,162,2,54,58,26,22
MAHARASHTRA,2012,Dowry Dispute,0,2,0,0,0,2,0,139,64,22,0,225,227,0,141,64,22,0
MAHARASHTRA,2012,Divorce,0,5,6,0,0,11,0,11,4,0,0,15,26,0,16,10,0,0
MAHARASHTRA,2012,Drug Abuse/Addiction,0,439,693,453,92,1677,0,1,4,7,0,12,1689,0,440,697,460,92
MAHARASHTRA,2012,Failure in Examination,15,148,3,0,0,166,15,156,9,0,0,180,346,30,304,12,0,0
MAHARASHTRA,2012,Fall in Social Reputation,1,11,13,11,6,42,0,9,5,0,2,16,58,1,20,18,11,8
MAHARASHTRA,2012,Family Problems,27,1362,1557,873,255,4074,41,1320,740,259,62,2422,6496,68,2682,2297,1132,317
MAHARASHTRA,2012,Ideological Causes/Hero Worshipping,1,0,0,0,0,1,0,1,0,0,0,1,2,1,1,0,0,0
MAHARASHTRA,2012,Illegitimate Pregnancy,0,0,0,0,0,0,0,5,1,0,0,6,6,0,5,1,0,0
MAHARASHTRA,2012,Love Affairs,1,145,27,0,0,173,1,117,6,0,0,124,297,2,262,33,0,0
MAHARASHTRA,2012,"Physical Abuse (Rape,Incest Etc.)",0,0,0,0,0,0,0,11,1,1,0,13,13,0,11,1,1,0
MAHARASHTRA,2012,Poverty,0,51,72,73,19,215,1,11,9,6,3,30,245,1,62,81,79,22
MAHARASHTRA,2012,Professional/Career Problem,0,62,59,34,10,165,0,5,5,1,0,11,176,0,67,64,35,10
MAHARASHTRA,2012,Property Dispute,0,9,26,14,4,53,0,0,0,0,0,0,53,0,9,26,14,4
MAHARASHTRA,2012,Unemployment,0,130,85,21,2,238,0,16,3,1,0,20,258,0,146,88,22,2
MAHARASHTRA,2012,Causes Not known,9,179,152,107,37,484,2,76,37,5,3,123,607,11,255,189,112,40
MAHARASHTRA,2012,Other Causes,8,164,157,120,42,491,8,74,21,7,10,120,611,16,238,178,127,52
MAHARASHTRA,2012,Total,73,3496,3998,2679,1058,11304,83,2531,1313,574,307,4808,16112,156,6027,5311,3253,1365
MAHARASHTRA,2012,Total Illness,11,603,848,763,521,2746,13,435,342,244,219,1253,3999,24,1038,1190,1007,740
MANIPUR,2001,Bankruptcy,0,0,0,0,0,0,0,0,0,0,0,0,0,0,0,0,0,0
MANIPUR,2001,Suspected/Illicit Relation,0,0,0,0,0,0,0,0,0,0,0,0,0,0,0,0,0,0
MANIPUR,2001,Cancellation/Non-Settlement of Marriage,0,0,0,0,0,0,0,0,0,0,0,0,0,0,0,0,0,0
MANIPUR,2001,Infertility,0,0,0,0,0,0,0,0,0,0,0,0,0,0,0,0,0,0
MANIPUR,2001,Illness (Aids/STD),0,0,0,0,0,0,0,0,0,0,0,0,0,0,0,0,0,0
MANIPUR,2001,Cancer,0,0,0,0,0,0,0,0,0,0,0,0,0,0,0,0,0,0
MANIPUR,2001,Paralysis,0,0,0,0,0,0,0,0,0,0,0,0,0,0,0,0,0,0
MANIPUR,2001,Insanity/Mental Illness,0,0,0,0,0,0,0,0,0,0,0,0,0,0,0,0,0,0
MANIPUR,2001,Other Prolonged Illness,0,0,0,0,0,0,0,0,0,0,0,0,0,0,0,0,0,0
MANIPUR,2001,Death of Dear Person,0,0,0,0,0,0,0,0,0,0,0,0,0,0,0,0,0,0
MANIPUR,2001,Dowry Dispute,0,0,0,0,0,0,0,0,0,0,0,0,0,0,0,0,0,0
MANIPUR,2001,Divorce,0,0,0,0,0,0,0,0,0,0,0,0,0,0,0,0,0,0
MANIPUR,2001,Drug Abuse/Addiction,0,1,1,0,0,2,0,0,0,0,0,0,2,0,1,1,0,0
MANIPUR,2001,Failure in Examination,0,0,0,0,0,0,0,0,0,0,0,0,0,0,0,0,0,0
MANIPUR,2001,Fall in Social Reputation,0,0,0,0,0,0,0,0,0,0,0,0,0,0,0,0,0,0
MANIPUR,2001,Family Problems,0,0,0,0,0,0,0,1,0,0,0,1,1,0,1,0,0,0
MANIPUR,2001,Ideological Causes/Hero Worshipping,0,0,0,0,0,0,0,0,0,0,0,0,0,0,0,0,0,0
MANIPUR,2001,Illegitimate Pregnancy,0,0,0,0,0,0,0,0,0,0,0,0,0,0,0,0,0,0
MANIPUR,2001,Love Affairs,0,0,0,0,0,0,0,0,0,0,0,0,0,0,0,0,0,0
MANIPUR,2001,"Physical Abuse (Rape,Incest Etc.)",0,0,0,0,0,0,0,0,0,0,0,0,0,0,0,0,0,0
MANIPUR,2001,Poverty,0,0,0,0,0,0,0,0,0,0,0,0,0,0,0,0,0,0
MANIPUR,2001,Professional/Career Problem,0,0,0,0,0,0,0,0,0,0,0,0,0,0,0,0,0,0
MANIPUR,2001,Property Dispute,0,0,0,0,0,0,0,0,0,0,0,0,0,0,0,0,0,0
MANIPUR,2001,Unemployment,0,0,0,0,0,0,0,0,0,0,0,0,0,0,0,0,0,0
MANIPUR,2001,Causes Not known,1,11,4,5,1,22,0,10,5,1,0,16,38,1,21,9,6,1
MANIPUR,2001,Other Causes,0,0,0,0,0,0,0,0,0,0,0,0,0,0,0,0,0,0
MANIPUR,2001,Total,1,12,5,5,1,24,0,11,5,1,0,17,41,1,23,10,6,1
MANIPUR,2001,Total Illness,0,0,0,0,0,0,0,0,0,0,0,0,0,0,0,0,0,0
MANIPUR,2002,Bankruptcy,0,0,0,0,0,0,0,0,0,0,0,0,0,0,0,0,0,0
MANIPUR,2002,Suspected/Illicit Relation,0,0,0,0,0,0,0,0,0,0,0,0,0,0,0,0,0,0
MANIPUR,2002,Cancellation/Non-Settlement of Marriage,0,0,0,0,0,0,0,0,0,0,0,0,0,0,0,0,0,0
MANIPUR,2002,Infertility,0,0,0,0,0,0,0,0,0,0,0,0,0,0,0,0,0,0
MANIPUR,2002,Illness (Aids/STD),0,0,0,0,0,0,0,0,0,0,0,0,0,0,0,0,0,0
MANIPUR,2002,Cancer,0,0,0,0,0,0,0,0,0,0,0,0,0,0,0,0,0,0
MANIPUR,2002,Paralysis,0,0,0,0,0,0,0,0,0,0,0,0,0,0,0,0,0,0
MANIPUR,2002,Insanity/Mental Illness,0,0,0,0,0,0,0,0,0,0,0,0,0,0,0,0,0,0
MANIPUR,2002,Other Prolonged Illness,0,0,0,0,0,0,0,0,0,0,0,0,0,0,0,0,0,0
MANIPUR,2002,Death of Dear Person,0,0,0,0,0,0,0,0,0,0,0,0,0,0,0,0,0,0
MANIPUR,2002,Dowry Dispute,0,0,0,0,0,0,0,0,0,0,0,0,0,0,0,0,0,0
MANIPUR,2002,Divorce,0,0,0,0,0,0,0,0,0,0,0,0,0,0,0,0,0,0
MANIPUR,2002,Drug Abuse/Addiction,0,0,0,0,0,0,0,0,0,0,0,0,0,0,0,0,0,0
MANIPUR,2002,Failure in Examination,0,0,0,0,0,0,0,0,0,0,0,0,0,0,0,0,0,0
MANIPUR,2002,Fall in Social Reputation,0,0,0,0,0,0,0,0,0,0,0,0,0,0,0,0,0,0
MANIPUR,2002,Family Problems,0,0,0,0,0,0,0,0,0,0,0,0,0,0,0,0,0,0
MANIPUR,2002,Ideological Causes/Hero Worshipping,0,0,0,0,0,0,0,0,0,0,0,0,0,0,0,0,0,0
MANIPUR,2002,Illegitimate Pregnancy,0,0,0,0,0,0,0,0,0,0,0,0,0,0,0,0,0,0
MANIPUR,2002,Love Affairs,0,0,0,0,0,0,0,0,0,0,0,0,0,0,0,0,0,0
MANIPUR,2002,"Physical Abuse (Rape,Incest Etc.)",0,0,0,0,0,0,0,0,0,0,0,0,0,0,0,0,0,0
MANIPUR,2002,Poverty,0,0,0,0,0,0,0,0,0,0,0,0,0,0,0,0,0,0
MANIPUR,2002,Professional/Career Problem,0,0,0,0,0,0,0,0,0,0,0,0,0,0,0,0,0,0
MANIPUR,2002,Property Dispute,0,0,0,0,0,0,0,0,0,0,0,0,0,0,0,0,0,0
MANIPUR,2002,Unemployment,0,0,0,0,0,0,0,0,0,0,0,0,0,0,0,0,0,0
MANIPUR,2002,Causes Not known,0,9,8,9,4,30,0,7,1,1,0,9,39,0,16,9,10,4
MANIPUR,2002,Other Causes,0,0,0,0,0,0,0,0,0,0,0,0,0,0,0,0,0,0
MANIPUR,2002,Total,0,9,8,9,4,30,0,7,1,1,0,9,39,0,16,9,10,4
MANIPUR,2002,Total Illness,0,0,0,0,0,0,0,0,0,0,0,0,0,0,0,0,0,0
MANIPUR,2003,Bankruptcy,0,0,0,0,0,0,0,0,0,0,0,0,0,0,0,0,0,0
MANIPUR,2003,Suspected/Illicit Relation,0,0,0,0,0,0,0,0,0,0,0,0,0,0,0,0,0,0
MANIPUR,2003,Cancellation/Non-Settlement of Marriage,0,0,0,0,0,0,0,0,0,0,0,0,0,0,0,0,0,0
MANIPUR,2003,Infertility,0,0,0,0,0,0,0,0,0,0,0,0,0,0,0,0,0,0
MANIPUR,2003,Illness (Aids/STD),0,0,0,0,0,0,0,0,0,0,0,0,0,0,0,0,0,0
MANIPUR,2003,Cancer,0,0,0,0,0,0,0,0,0,0,0,0,0,0,0,0,0,0
MANIPUR,2003,Paralysis,0,0,0,0,0,0,0,0,0,0,0,0,0,0,0,0,0,0
MANIPUR,2003,Insanity/Mental Illness,0,0,0,0,0,0,0,0,0,0,0,0,0,0,0,0,0,0
MANIPUR,2003,Other Prolonged Illness,0,0,0,0,0,0,0,0,0,0,0,0,0,0,0,0,0,0
MANIPUR,2003,Death of Dear Person,0,0,0,0,0,0,0,0,0,0,0,0,0,0,0,0,0,0
MANIPUR,2003,Dowry Dispute,0,0,0,0,0,0,0,0,0,0,0,0,0,0,0,0,0,0
MANIPUR,2003,Divorce,0,0,0,0,0,0,0,0,0,0,0,0,0,0,0,0,0,0
MANIPUR,2003,Drug Abuse/Addiction,0,0,0,0,0,0,0,0,0,0,0,0,0,0,0,0,0,0
MANIPUR,2003,Failure in Examination,0,0,0,0,0,0,0,0,0,0,0,0,0,0,0,0,0,0
MANIPUR,2003,Fall in Social Reputation,0,0,0,0,0,0,0,0,0,0,0,0,0,0,0,0,0,0
MANIPUR,2003,Family Problems,0,0,0,0,0,0,0,0,0,0,0,0,0,0,0,0,0,0
MANIPUR,2003,Ideological Causes/Hero Worshipping,0,0,0,0,0,0,0,0,0,0,0,0,0,0,0,0,0,0
MANIPUR,2003,Illegitimate Pregnancy,0,0,0,0,0,0,0,0,0,0,0,0,0,0,0,0,0,0
MANIPUR,2003,Love Affairs,0,0,0,0,0,0,0,0,0,0,0,0,0,0,0,0,0,0
MANIPUR,2003,"Physical Abuse (Rape,Incest Etc.)",0,0,0,0,0,0,0,0,0,0,0,0,0,0,0,0,0,0
MANIPUR,2003,Poverty,0,0,0,0,0,0,0,0,0,0,0,0,0,0,0,0,0,0
MANIPUR,2003,Professional/Career Problem,0,0,0,0,0,0,0,0,0,0,0,0,0,0,0,0,0,0
MANIPUR,2003,Property Dispute,0,0,0,0,0,0,0,0,0,0,0,0,0,0,0,0,0,0
MANIPUR,2003,Unemployment,0,0,0,0,0,0,0,0,0,0,0,0,0,0,0,0,0,0
MANIPUR,2003,Causes Not known,0,9,6,3,3,21,0,4,0,0,1,5,26,0,13,6,3,4
MANIPUR,2003,Other Causes,0,0,0,0,0,0,0,0,0,0,0,0,0,0,0,0,0,0
MANIPUR,2003,Total,0,9,6,3,3,21,0,4,0,0,1,5,26,0,13,6,3,4
MANIPUR,2003,Total Illness,0,0,0,0,0,0,0,0,0,0,0,0,0,0,0,0,0,0
MANIPUR,2004,Bankruptcy,0,0,0,0,0,0,0,0,0,0,0,0,0,0,0,0,0,0
MANIPUR,2004,Suspected/Illicit Relation,0,0,0,0,0,0,0,0,0,0,0,0,0,0,0,0,0,0
MANIPUR,2004,Cancellation/Non-Settlement of Marriage,0,0,0,0,0,0,0,0,0,0,0,0,0,0,0,0,0,0
MANIPUR,2004,Infertility,0,0,0,0,0,0,0,0,0,0,0,0,0,0,0,0,0,0
MANIPUR,2004,Illness (Aids/STD),0,0,0,0,0,0,0,0,0,0,0,0,0,0,0,0,0,0
MANIPUR,2004,Cancer,0,0,0,0,0,0,0,0,0,0,0,0,0,0,0,0,0,0
MANIPUR,2004,Paralysis,0,0,0,0,0,0,0,0,0,0,0,0,0,0,0,0,0,0
MANIPUR,2004,Insanity/Mental Illness,0,0,0,0,0,0,0,0,0,0,0,0,0,0,0,0,0,0
MANIPUR,2004,Other Prolonged Illness,0,0,0,0,0,0,0,0,0,0,0,0,0,0,0,0,0,0
MANIPUR,2004,Death of Dear Person,0,0,0,0,0,0,0,0,0,0,0,0,0,0,0,0,0,0
MANIPUR,2004,Dowry Dispute,0,0,0,0,0,0,0,0,0,0,0,0,0,0,0,0,0,0
MANIPUR,2004,Divorce,0,0,0,0,0,0,0,0,0,0,0,0,0,0,0,0,0,0
MANIPUR,2004,Drug Abuse/Addiction,0,4,0,0,0,4,0,0,0,0,0,0,4,0,4,0,0,0
MANIPUR,2004,Failure in Examination,0,0,0,0,0,0,0,0,0,0,0,0,0,0,0,0,0,0
MANIPUR,2004,Fall in Social Reputation,0,0,0,0,0,0,0,0,0,0,0,0,0,0,0,0,0,0
MANIPUR,2004,Family Problems,0,0,0,0,0,0,0,0,0,0,0,0,0,0,0,0,0,0
MANIPUR,2004,Ideological Causes/Hero Worshipping,0,0,0,0,0,0,0,0,0,0,0,0,0,0,0,0,0,0
MANIPUR,2004,Illegitimate Pregnancy,0,0,0,0,0,0,0,0,0,0,0,0,0,0,0,0,0,0
MANIPUR,2004,Love Affairs,0,1,0,0,0,1,0,1,0,0,0,1,2,0,2,0,0,0
MANIPUR,2004,"Physical Abuse (Rape,Incest Etc.)",0,0,0,0,0,0,0,0,0,0,0,0,0,0,0,0,0,0
MANIPUR,2004,Poverty,0,0,0,0,0,0,0,0,0,0,0,0,0,0,0,0,0,0
MANIPUR,2004,Professional/Career Problem,0,0,0,0,0,0,0,0,0,0,0,0,0,0,0,0,0,0
MANIPUR,2004,Property Dispute,0,0,0,0,0,0,0,0,0,0,0,0,0,0,0,0,0,0
MANIPUR,2004,Unemployment,0,0,0,0,0,0,0,0,0,0,0,0,0,0,0,0,0,0
MANIPUR,2004,Causes Not known,0,11,12,3,0,26,1,4,3,0,0,8,34,1,15,15,3,0
MANIPUR,2004,Other Causes,0,1,0,0,0,1,0,0,0,0,0,0,1,0,1,0,0,0
MANIPUR,2004,Total,0,17,12,3,0,32,1,5,3,0,0,9,41,1,22,15,3,0
MANIPUR,2004,Total Illness,0,0,0,0,0,0,0,0,0,0,0,0,0,0,0,0,0,0
MANIPUR,2005,Bankruptcy,0,0,0,0,0,0,0,0,0,0,0,0,0,0,0,0,0,0
MANIPUR,2005,Suspected/Illicit Relation,0,0,0,0,0,0,0,0,0,0,0,0,0,0,0,0,0,0
MANIPUR,2005,Cancellation/Non-Settlement of Marriage,0,0,0,0,0,0,0,0,0,0,0,0,0,0,0,0,0,0
MANIPUR,2005,Infertility,0,0,0,0,0,0,0,0,0,0,0,0,0,0,0,0,0,0
MANIPUR,2005,Illness (Aids/STD),0,0,0,0,0,0,0,0,0,0,0,0,0,0,0,0,0,0
MANIPUR,2005,Cancer,0,0,0,0,0,0,0,0,0,0,0,0,0,0,0,0,0,0
MANIPUR,2005,Paralysis,0,0,0,0,0,0,0,0,0,0,0,0,0,0,0,0,0,0
MANIPUR,2005,Insanity/Mental Illness,0,0,0,0,0,0,0,0,0,0,0,0,0,0,0,0,0,0
MANIPUR,2005,Other Prolonged Illness,0,0,0,0,0,0,0,0,0,0,0,0,0,0,0,0,0,0
MANIPUR,2005,Death of Dear Person,0,0,0,0,0,0,0,0,0,0,0,0,0,0,0,0,0,0
MANIPUR,2005,Dowry Dispute,0,0,0,0,0,0,0,0,0,0,0,0,0,0,0,0,0,0
MANIPUR,2005,Divorce,0,0,0,0,0,0,0,0,0,0,0,0,0,0,0,0,0,0
MANIPUR,2005,Drug Abuse/Addiction,0,0,0,0,0,0,0,0,0,0,0,0,0,0,0,0,0,0
MANIPUR,2005,Failure in Examination,0,0,0,0,0,0,0,0,0,0,0,0,0,0,0,0,0,0
MANIPUR,2005,Fall in Social Reputation,0,0,0,0,0,0,0,0,0,0,0,0,0,0,0,0,0,0
MANIPUR,2005,Family Problems,0,0,0,0,0,0,0,0,0,0,0,0,0,0,0,0,0,0
MANIPUR,2005,Ideological Causes/Hero Worshipping,0,0,0,0,0,0,0,0,0,0,0,0,0,0,0,0,0,0
MANIPUR,2005,Illegitimate Pregnancy,0,0,0,0,0,0,0,0,0,0,0,0,0,0,0,0,0,0
MANIPUR,2005,Love Affairs,0,0,1,0,0,1,0,2,0,0,0,2,3,0,2,1,0,0
MANIPUR,2005,"Physical Abuse (Rape,Incest Etc.)",0,0,0,0,0,0,0,0,0,0,0,0,0,0,0,0,0,0
MANIPUR,2005,Poverty,0,0,0,0,0,0,0,0,0,0,0,0,0,0,0,0,0,0
MANIPUR,2005,Professional/Career Problem,0,0,1,0,0,1,0,0,0,0,0,0,1,0,0,1,0,0
MANIPUR,2005,Property Dispute,0,0,0,0,0,0,0,0,0,0,0,0,0,0,0,0,0,0
MANIPUR,2005,Unemployment,0,0,2,0,0,2,0,0,0,0,0,0,2,0,0,2,0,0
MANIPUR,2005,Causes Not known,0,5,13,1,0,19,0,0,1,0,0,1,20,0,5,14,1,0
MANIPUR,2005,Other Causes,0,0,0,0,0,0,0,0,1,0,0,1,1,0,0,1,0,0
MANIPUR,2005,Total,0,5,17,1,0,23,0,2,2,0,0,4,27,0,7,19,1,0
MANIPUR,2005,Total Illness,0,0,0,0,0,0,0,0,0,0,0,0,0,0,0,0,0,0
MANIPUR,2006,Bankruptcy,0,0,0,0,0,0,0,0,0,0,0,0,0,0,0,0,0,0
MANIPUR,2006,Suspected/Illicit Relation,0,0,0,0,0,0,0,0,0,0,0,0,0,0,0,0,0,0
MANIPUR,2006,Cancellation/Non-Settlement of Marriage,0,0,0,0,0,0,0,0,0,0,0,0,0,0,0,0,0,0
MANIPUR,2006,Infertility,0,0,0,0,0,0,0,0,0,0,0,0,0,0,0,0,0,0
MANIPUR,2006,Illness (Aids/STD),0,0,0,0,0,0,0,0,0,0,0,0,0,0,0,0,0,0
MANIPUR,2006,Cancer,0,0,0,0,0,0,0,0,0,0,0,0,0,0,0,0,0,0
MANIPUR,2006,Paralysis,0,0,0,0,0,0,0,0,0,0,0,0,0,0,0,0,0,0
MANIPUR,2006,Insanity/Mental Illness,0,0,0,0,0,0,0,0,0,0,0,0,0,0,0,0,0,0
MANIPUR,2006,Other Prolonged Illness,0,0,0,0,0,0,0,0,0,0,0,0,0,0,0,0,0,0
MANIPUR,2006,Death of Dear Person,0,0,0,0,0,0,0,0,0,0,0,0,0,0,0,0,0,0
MANIPUR,2006,Dowry Dispute,0,0,0,0,0,0,0,0,0,0,0,0,0,0,0,0,0,0
MANIPUR,2006,Divorce,0,0,0,0,0,0,0,0,0,0,0,0,0,0,0,0,0,0
MANIPUR,2006,Drug Abuse/Addiction,0,0,0,0,0,0,0,0,0,0,0,0,0,0,0,0,0,0
MANIPUR,2006,Failure in Examination,0,0,0,0,0,0,0,0,0,0,0,0,0,0,0,0,0,0
MANIPUR,2006,Fall in Social Reputation,0,0,0,0,0,0,0,0,0,0,0,0,0,0,0,0,0,0
MANIPUR,2006,Family Problems,0,0,0,0,0,0,0,1,0,0,0,1,1,0,1,0,0,0
MANIPUR,2006,Ideological Causes/Hero Worshipping,0,0,0,0,0,0,0,0,0,0,0,0,0,0,0,0,0,0
MANIPUR,2006,Illegitimate Pregnancy,0,0,0,0,0,0,0,0,0,0,0,0,0,0,0,0,0,0
MANIPUR,2006,Love Affairs,0,0,0,0,0,0,0,0,0,0,0,0,0,0,0,0,0,0
MANIPUR,2006,"Physical Abuse (Rape,Incest Etc.)",0,0,0,0,0,0,0,0,0,0,0,0,0,0,0,0,0,0
MANIPUR,2006,Poverty,0,0,0,0,0,0,0,0,0,0,0,0,0,0,0,0,0,0
MANIPUR,2006,Professional/Career Problem,0,0,0,0,0,0,0,0,0,0,0,0,0,0,0,0,0,0
MANIPUR,2006,Property Dispute,0,0,0,0,0,0,0,0,0,0,0,0,0,0,0,0,0,0
MANIPUR,2006,Unemployment,0,0,0,0,0,0,0,0,0,0,0,0,0,0,0,0,0,0
MANIPUR,2006,Causes Not known,0,4,9,3,0,16,0,4,0,0,0,4,20,0,8,9,3,0
MANIPUR,2006,Other Causes,0,3,2,2,1,8,0,6,1,0,0,7,15,0,9,3,2,1
MANIPUR,2006,Total,0,7,11,5,1,24,0,11,1,0,0,12,36,0,18,12,5,1
MANIPUR,2006,Total Illness,0,0,0,0,0,0,0,0,0,0,0,0,0,0,0,0,0,0
MANIPUR,2007,Bankruptcy,0,0,0,0,0,0,0,0,0,0,0,0,0,0,0,0,0,0
MANIPUR,2007,Suspected/Illicit Relation,0,0,0,0,0,0,0,0,0,0,0,0,0,0,0,0,0,0
MANIPUR,2007,Cancellation/Non-Settlement of Marriage,0,0,0,0,0,0,0,0,0,0,0,0,0,0,0,0,0,0
MANIPUR,2007,Infertility,0,0,0,0,0,0,0,0,0,0,0,0,0,0,0,0,0,0
MANIPUR,2007,Illness (Aids/STD),0,0,0,0,0,0,0,0,0,0,0,0,0,0,0,0,0,0
MANIPUR,2007,Cancer,0,0,0,0,0,0,0,0,0,0,0,0,0,0,0,0,0,0
MANIPUR,2007,Paralysis,0,0,0,0,0,0,0,0,0,0,0,0,0,0,0,0,0,0
MANIPUR,2007,Insanity/Mental Illness,0,0,0,0,0,0,0,0,0,0,0,0,0,0,0,0,0,0
MANIPUR,2007,Other Prolonged Illness,0,0,0,0,0,0,0,0,0,0,0,0,0,0,0,0,0,0
MANIPUR,2007,Death of Dear Person,0,0,0,0,0,0,0,0,0,0,0,0,0,0,0,0,0,0
MANIPUR,2007,Dowry Dispute,0,0,0,0,0,0,0,0,0,0,0,0,0,0,0,0,0,0
MANIPUR,2007,Divorce,0,0,0,0,0,0,0,0,0,0,0,0,0,0,0,0,0,0
MANIPUR,2007,Drug Abuse/Addiction,0,2,0,0,0,2,0,0,0,0,0,0,2,0,2,0,0,0
MANIPUR,2007,Failure in Examination,0,0,0,0,0,0,0,0,0,0,0,0,0,0,0,0,0,0
MANIPUR,2007,Fall in Social Reputation,0,0,0,0,0,0,0,0,0,0,0,0,0,0,0,0,0,0
MANIPUR,2007,Family Problems,0,0,0,0,0,0,0,0,0,0,0,0,0,0,0,0,0,0
MANIPUR,2007,Ideological Causes/Hero Worshipping,0,0,0,0,0,0,0,0,0,0,0,0,0,0,0,0,0,0
MANIPUR,2007,Illegitimate Pregnancy,0,0,0,0,0,0,0,0,0,0,0,0,0,0,0,0,0,0
MANIPUR,2007,Love Affairs,0,1,0,0,0,1,0,0,0,0,0,0,1,0,1,0,0,0
MANIPUR,2007,"Physical Abuse (Rape,Incest Etc.)",0,0,0,0,0,0,0,0,0,0,0,0,0,0,0,0,0,0
MANIPUR,2007,Poverty,0,0,0,0,0,0,0,0,0,0,0,0,0,0,0,0,0,0
MANIPUR,2007,Professional/Career Problem,0,0,0,0,0,0,0,0,0,0,0,0,0,0,0,0,0,0
MANIPUR,2007,Property Dispute,0,0,0,0,0,0,0,0,0,0,0,0,0,0,0,0,0,0
MANIPUR,2007,Unemployment,0,0,0,0,0,0,0,0,0,0,0,0,0,0,0,0,0,0
MANIPUR,2007,Causes Not known,1,4,17,3,0,25,0,4,6,1,0,11,36,1,8,23,4,0
MANIPUR,2007,Other Causes,0,0,0,0,0,0,0,0,0,0,0,0,0,0,0,0,0,0
MANIPUR,2007,Total,1,7,17,3,0,28,0,4,6,1,0,11,39,1,11,23,4,0
MANIPUR,2007,Total Illness,0,0,0,0,0,0,0,0,0,0,0,0,0,0,0,0,0,0
MANIPUR,2008,Bankruptcy,0,0,0,0,0,0,0,0,0,0,0,0,0,0,0,0,0,0
MANIPUR,2008,Suspected/Illicit Relation,0,0,0,0,0,0,0,0,0,0,0,0,0,0,0,0,0,0
MANIPUR,2008,Cancellation/Non-Settlement of Marriage,0,0,0,0,0,0,0,0,0,0,0,0,0,0,0,0,0,0
MANIPUR,2008,Infertility,0,0,0,0,0,0,0,0,0,0,0,0,0,0,0,0,0,0
MANIPUR,2008,Illness (Aids/STD),0,0,0,0,0,0,0,0,0,0,0,0,0,0,0,0,0,0
MANIPUR,2008,Cancer,0,0,0,0,0,0,0,0,0,0,0,0,0,0,0,0,0,0
MANIPUR,2008,Paralysis,0,0,0,0,0,0,0,0,0,0,0,0,0,0,0,0,0,0
MANIPUR,2008,Insanity/Mental Illness,0,0,0,0,0,0,0,0,0,0,0,0,0,0,0,0,0,0
MANIPUR,2008,Other Prolonged Illness,0,0,0,0,0,0,0,0,0,0,0,0,0,0,0,0,0,0
MANIPUR,2008,Death of Dear Person,0,0,0,0,0,0,0,0,0,0,0,0,0,0,0,0,0,0
MANIPUR,2008,Dowry Dispute,0,0,0,0,0,0,0,0,0,0,0,0,0,0,0,0,0,0
MANIPUR,2008,Divorce,0,0,0,0,0,0,0,0,0,0,0,0,0,0,0,0,0,0
MANIPUR,2008,Drug Abuse/Addiction,0,1,0,0,0,1,0,0,0,0,0,0,1,0,1,0,0,0
MANIPUR,2008,Failure in Examination,0,0,0,0,0,0,0,0,0,0,0,0,0,0,0,0,0,0
MANIPUR,2008,Fall in Social Reputation,0,0,0,0,0,0,0,0,0,0,0,0,0,0,0,0,0,0
MANIPUR,2008,Family Problems,0,0,0,0,0,0,0,0,0,0,0,0,0,0,0,0,0,0
MANIPUR,2008,Ideological Causes/Hero Worshipping,0,0,0,0,0,0,0,0,0,0,0,0,0,0,0,0,0,0
MANIPUR,2008,Illegitimate Pregnancy,0,0,0,0,0,0,0,0,0,0,0,0,0,0,0,0,0,0
MANIPUR,2008,Love Affairs,0,0,0,0,0,0,0,0,0,0,0,0,0,0,0,0,0,0
MANIPUR,2008,"Physical Abuse (Rape,Incest Etc.)",0,0,0,0,0,0,0,0,0,0,0,0,0,0,0,0,0,0
MANIPUR,2008,Poverty,0,0,0,0,0,0,0,0,0,0,0,0,0,0,0,0,0,0
MANIPUR,2008,Professional/Career Problem,0,0,0,0,0,0,0,0,0,0,0,0,0,0,0,0,0,0
MANIPUR,2008,Property Dispute,0,0,0,0,0,0,0,0,0,0,0,0,0,0,0,0,0,0
MANIPUR,2008,Unemployment,0,0,0,0,0,0,0,0,0,0,0,0,0,0,0,0,0,0
MANIPUR,2008,Causes Not known,0,10,12,0,0,22,1,7,2,1,0,11,33,1,17,14,1,0
MANIPUR,2008,Other Causes,0,0,0,0,0,0,0,0,0,0,0,0,0,0,0,0,0,0
MANIPUR,2008,Total,0,11,12,0,0,23,1,7,2,1,0,11,34,1,18,14,1,0
MANIPUR,2008,Total Illness,0,0,0,0,0,0,0,0,0,0,0,0,0,0,0,0,0,0
MANIPUR,2009,Bankruptcy,0,0,0,0,0,0,0,0,0,0,0,0,0,0,0,0,0,0
MANIPUR,2009,Suspected/Illicit Relation,0,0,0,0,0,0,0,0,0,0,0,0,0,0,0,0,0,0
MANIPUR,2009,Cancellation/Non-Settlement of Marriage,0,0,0,0,0,0,0,0,0,0,0,0,0,0,0,0,0,0
MANIPUR,2009,Infertility,0,0,0,0,0,0,0,0,0,0,0,0,0,0,0,0,0,0
MANIPUR,2009,Illness (Aids/STD),0,0,0,0,0,0,0,0,0,0,0,0,0,0,0,0,0,0
MANIPUR,2009,Cancer,0,0,0,0,0,0,0,0,0,0,0,0,0,0,0,0,0,0
MANIPUR,2009,Paralysis,0,0,0,0,0,0,0,0,0,0,0,0,0,0,0,0,0,0
MANIPUR,2009,Insanity/Mental Illness,0,0,0,0,0,0,0,0,0,0,0,0,0,0,0,0,0,0
MANIPUR,2009,Other Prolonged Illness,0,0,0,0,0,0,0,0,0,0,0,0,0,0,0,0,0,0
MANIPUR,2009,Death of Dear Person,0,0,0,0,0,0,0,0,0,0,0,0,0,0,0,0,0,0
MANIPUR,2009,Dowry Dispute,0,0,0,0,0,0,0,0,0,0,0,0,0,0,0,0,0,0
MANIPUR,2009,Divorce,0,0,0,0,0,0,0,0,0,0,0,0,0,0,0,0,0,0
MANIPUR,2009,Drug Abuse/Addiction,0,0,0,0,0,0,0,0,0,0,0,0,0,0,0,0,0,0
MANIPUR,2009,Failure in Examination,0,0,0,0,0,0,0,0,0,0,0,0,0,0,0,0,0,0
MANIPUR,2009,Fall in Social Reputation,0,0,0,0,0,0,0,0,0,0,0,0,0,0,0,0,0,0
MANIPUR,2009,Family Problems,0,0,0,0,0,0,0,0,0,0,0,0,0,0,0,0,0,0
MANIPUR,2009,Ideological Causes/Hero Worshipping,0,0,0,0,0,0,0,0,0,0,0,0,0,0,0,0,0,0
MANIPUR,2009,Illegitimate Pregnancy,0,0,0,0,0,0,0,0,0,0,0,0,0,0,0,0,0,0
MANIPUR,2009,Love Affairs,0,0,0,0,0,0,0,1,0,0,0,1,1,0,1,0,0,0
MANIPUR,2009,"Physical Abuse (Rape,Incest Etc.)",0,0,0,0,0,0,0,0,0,0,0,0,0,0,0,0,0,0
MANIPUR,2009,Poverty,0,0,0,0,0,0,0,0,0,0,0,0,0,0,0,0,0,0
MANIPUR,2009,Professional/Career Problem,0,0,0,0,0,0,0,0,0,0,0,0,0,0,0,0,0,0
MANIPUR,2009,Property Dispute,0,0,0,0,0,0,0,0,0,0,0,0,0,0,0,0,0,0
MANIPUR,2009,Unemployment,0,0,0,0,0,0,0,0,0,0,0,0,0,0,0,0,0,0
MANIPUR,2009,Causes Not known,0,5,8,1,0,14,0,3,3,0,0,6,20,0,8,11,1,0
MANIPUR,2009,Other Causes,0,1,3,0,0,4,0,2,0,0,0,2,6,0,3,3,0,0
MANIPUR,2009,Total,0,6,11,1,0,18,0,6,3,0,0,9,27,0,12,14,1,0
MANIPUR,2009,Total Illness,0,0,0,0,0,0,0,0,0,0,0,0,0,0,0,0,0,0
MANIPUR,2010,Bankruptcy,0,0,0,0,0,0,0,0,0,0,0,0,0,0,0,0,0,0
MANIPUR,2010,Suspected/Illicit Relation,0,0,0,0,0,0,0,0,0,0,0,0,0,0,0,0,0,0
MANIPUR,2010,Cancellation/Non-Settlement of Marriage,0,0,0,0,0,0,0,0,0,0,0,0,0,0,0,0,0,0
MANIPUR,2010,Infertility,0,0,0,0,0,0,0,0,0,0,0,0,0,0,0,0,0,0
MANIPUR,2010,Illness (Aids/STD),0,0,0,0,0,0,0,0,0,0,0,0,0,0,0,0,0,0
MANIPUR,2010,Cancer,0,0,0,0,0,0,0,0,0,0,0,0,0,0,0,0,0,0
MANIPUR,2010,Paralysis,0,0,0,0,0,0,0,0,0,0,0,0,0,0,0,0,0,0
MANIPUR,2010,Insanity/Mental Illness,0,0,0,0,0,0,0,0,0,0,0,0,0,0,0,0,0,0
MANIPUR,2010,Other Prolonged Illness,0,0,0,0,0,0,0,0,0,0,0,0,0,0,0,0,0,0
MANIPUR,2010,Death of Dear Person,0,0,0,0,0,0,0,0,0,0,0,0,0,0,0,0,0,0
MANIPUR,2010,Dowry Dispute,0,0,0,0,0,0,0,0,0,0,0,0,0,0,0,0,0,0
MANIPUR,2010,Divorce,0,0,0,0,0,0,0,0,0,0,0,0,0,0,0,0,0,0
MANIPUR,2010,Drug Abuse/Addiction,0,0,0,0,0,0,0,0,0,0,0,0,0,0,0,0,0,0
MANIPUR,2010,Failure in Examination,0,0,0,0,0,0,0,0,0,0,0,0,0,0,0,0,0,0
MANIPUR,2010,Fall in Social Reputation,0,0,0,0,0,0,0,0,0,0,0,0,0,0,0,0,0,0
MANIPUR,2010,Family Problems,0,0,1,0,0,1,0,3,4,1,0,8,9,0,3,5,1,0
MANIPUR,2010,Ideological Causes/Hero Worshipping,0,0,0,0,0,0,0,0,0,0,0,0,0,0,0,0,0,0
MANIPUR,2010,Illegitimate Pregnancy,0,0,0,0,0,0,0,0,0,0,0,0,0,0,0,0,0,0
MANIPUR,2010,Love Affairs,0,1,0,0,0,1,0,0,0,0,0,0,1,0,1,0,0,0
MANIPUR,2010,"Physical Abuse (Rape,Incest Etc.)",0,0,0,0,0,0,0,0,0,0,0,0,0,0,0,0,0,0
MANIPUR,2010,Poverty,0,0,0,0,0,0,0,0,0,0,0,0,0,0,0,0,0,0
MANIPUR,2010,Professional/Career Problem,0,0,0,0,0,0,0,0,0,0,0,0,0,0,0,0,0,0
MANIPUR,2010,Property Dispute,0,0,0,0,0,0,0,0,0,0,0,0,0,0,0,0,0,0
MANIPUR,2010,Unemployment,0,0,0,0,0,0,0,0,0,0,0,0,0,0,0,0,0,0
MANIPUR,2010,Causes Not known,0,0,2,0,0,2,0,0,0,0,0,0,2,0,0,2,0,0
MANIPUR,2010,Other Causes,0,6,10,4,0,20,0,5,0,0,0,5,25,0,11,10,4,0
MANIPUR,2010,Total,0,7,13,4,0,24,0,8,4,1,0,13,37,0,15,17,5,0
MANIPUR,2010,Total Illness,0,0,0,0,0,0,0,0,0,0,0,0,0,0,0,0,0,0
MANIPUR,2011,Bankruptcy,0,0,0,0,0,0,0,0,0,0,0,0,0,0,0,0,0,0
MANIPUR,2011,Suspected/Illicit Relation,0,0,0,0,0,0,0,0,0,0,0,0,0,0,0,0,0,0
MANIPUR,2011,Cancellation/Non-Settlement of Marriage,0,0,0,0,0,0,0,0,0,0,0,0,0,0,0,0,0,0
MANIPUR,2011,Infertility,0,0,0,0,0,0,0,0,0,0,0,0,0,0,0,0,0,0
MANIPUR,2011,Illness (Aids/STD),0,0,0,0,0,0,0,0,0,0,0,0,0,0,0,0,0,0
MANIPUR,2011,Cancer,0,0,0,0,0,0,0,0,0,0,0,0,0,0,0,0,0,0
MANIPUR,2011,Paralysis,0,0,0,0,0,0,0,0,0,0,0,0,0,0,0,0,0,0
MANIPUR,2011,Insanity/Mental Illness,0,0,0,0,0,0,0,0,0,0,0,0,0,0,0,0,0,0
MANIPUR,2011,Other Prolonged Illness,0,0,0,0,0,0,0,0,0,0,0,0,0,0,0,0,0,0
MANIPUR,2011,Death of Dear Person,0,0,0,0,0,0,0,0,0,0,0,0,0,0,0,0,0,0
MANIPUR,2011,Dowry Dispute,0,0,0,0,0,0,0,0,0,0,0,0,0,0,0,0,0,0
MANIPUR,2011,Divorce,0,0,0,0,0,0,0,0,0,0,0,0,0,0,0,0,0,0
MANIPUR,2011,Drug Abuse/Addiction,0,0,0,0,0,0,0,0,0,0,0,0,0,0,0,0,0,0
MANIPUR,2011,Failure in Examination,0,0,0,0,0,0,0,0,0,0,0,0,0,0,0,0,0,0
MANIPUR,2011,Fall in Social Reputation,0,0,0,0,0,0,0,0,0,0,0,0,0,0,0,0,0,0
MANIPUR,2011,Family Problems,0,0,0,0,0,0,0,3,1,1,0,5,5,0,3,1,1,0
MANIPUR,2011,Ideological Causes/Hero Worshipping,0,0,0,0,0,0,0,0,0,0,0,0,0,0,0,0,0,0
MANIPUR,2011,Illegitimate Pregnancy,0,0,0,0,0,0,0,0,0,0,0,0,0,0,0,0,0,0
MANIPUR,2011,Love Affairs,0,0,0,0,0,0,0,4,0,0,0,4,4,0,4,0,0,0
MANIPUR,2011,"Physical Abuse (Rape,Incest Etc.)",0,0,0,0,0,0,0,0,0,0,0,0,0,0,0,0,0,0
MANIPUR,2011,Poverty,0,0,0,0,0,0,0,0,0,0,0,0,0,0,0,0,0,0
MANIPUR,2011,Professional/Career Problem,0,0,0,0,0,0,0,0,0,0,0,0,0,0,0,0,0,0
MANIPUR,2011,Property Dispute,0,0,0,0,0,0,0,0,0,0,0,0,0,0,0,0,0,0
MANIPUR,2011,Unemployment,0,0,0,0,0,0,0,0,0,0,0,0,0,0,0,0,0,0
MANIPUR,2011,Causes Not known,0,1,0,0,0,1,0,0,0,0,0,0,1,0,1,0,0,0
MANIPUR,2011,Other Causes,0,5,9,3,0,17,0,5,1,0,0,6,23,0,10,10,3,0
MANIPUR,2011,Total,0,6,9,3,0,18,0,12,2,1,0,15,33,0,18,11,4,0
MANIPUR,2011,Total Illness,0,0,0,0,0,0,0,0,0,0,0,0,0,0,0,0,0,0
MANIPUR,2012,Bankruptcy,0,0,0,0,0,0,0,0,0,0,0,0,0,0,0,0,0,0
MANIPUR,2012,Suspected/Illicit Relation,0,0,0,0,0,0,0,0,0,0,0,0,0,0,0,0,0,0
MANIPUR,2012,Cancellation/Non-Settlement of Marriage,0,0,0,0,0,0,0,0,0,0,0,0,0,0,0,0,0,0
MANIPUR,2012,Infertility,0,0,0,0,0,0,0,0,0,0,0,0,0,0,0,0,0,0
MANIPUR,2012,Illness (Aids/STD),0,0,0,0,0,0,0,0,0,0,0,0,0,0,0,0,0,0
MANIPUR,2012,Cancer,0,0,0,0,0,0,0,0,0,0,0,0,0,0,0,0,0,0
MANIPUR,2012,Paralysis,0,0,0,0,0,0,0,0,0,0,0,0,0,0,0,0,0,0
MANIPUR,2012,Insanity/Mental Illness,0,0,0,0,0,0,0,0,0,0,0,0,0,0,0,0,0,0
MANIPUR,2012,Other Prolonged Illness,0,0,0,0,0,0,0,0,0,0,0,0,0,0,0,0,0,0
MANIPUR,2012,Death of Dear Person,0,0,0,0,0,0,0,0,0,0,0,0,0,0,0,0,0,0
MANIPUR,2012,Dowry Dispute,0,0,0,0,0,0,0,0,0,0,0,0,0,0,0,0,0,0
MANIPUR,2012,Divorce,0,0,0,0,0,0,0,0,0,0,0,0,0,0,0,0,0,0
MANIPUR,2012,Drug Abuse/Addiction,0,0,0,0,0,0,0,0,0,0,0,0,0,0,0,0,0,0
MANIPUR,2012,Failure in Examination,0,0,0,0,0,0,0,0,0,0,0,0,0,0,0,0,0,0
MANIPUR,2012,Fall in Social Reputation,0,0,0,0,0,0,0,0,0,0,0,0,0,0,0,0,0,0
MANIPUR,2012,Family Problems,0,0,3,0,0,3,0,2,3,1,1,7,10,0,2,6,1,1
MANIPUR,2012,Ideological Causes/Hero Worshipping,0,0,0,0,0,0,0,0,0,0,0,0,0,0,0,0,0,0
MANIPUR,2012,Illegitimate Pregnancy,0,0,0,0,0,0,0,0,0,0,0,0,0,0,0,0,0,0
MANIPUR,2012,Love Affairs,0,4,0,0,0,4,1,2,0,0,0,3,7,1,6,0,0,0
MANIPUR,2012,"Physical Abuse (Rape,Incest Etc.)",0,0,0,0,0,0,0,0,0,0,0,0,0,0,0,0,0,0
MANIPUR,2012,Poverty,0,0,0,0,0,0,0,1,0,0,0,1,1,0,1,0,0,0
MANIPUR,2012,Professional/Career Problem,0,0,1,0,0,1,0,0,0,0,0,0,1,0,0,1,0,0
MANIPUR,2012,Property Dispute,0,0,0,0,0,0,0,0,0,0,0,0,0,0,0,0,0,0
MANIPUR,2012,Unemployment,0,0,0,0,0,0,0,0,0,0,0,0,0,0,0,0,0,0
MANIPUR,2012,Causes Not known,0,0,0,0,0,0,0,0,0,0,0,0,0,0,0,0,0,0
MANIPUR,2012,Other Causes,0,10,5,0,0,15,0,6,1,0,0,7,22,0,16,6,0,0
MANIPUR,2012,Total,0,14,9,0,0,23,1,11,4,1,1,18,41,1,25,13,1,1
MANIPUR,2012,Total Illness,0,0,0,0,0,0,0,0,0,0,0,0,0,0,0,0,0,0
MEGHALAYA,2001,Bankruptcy,0,0,0,0,1,1,0,0,0,0,0,0,1,0,0,0,0,1
MEGHALAYA,2001,Suspected/Illicit Relation,0,0,0,0,0,0,0,0,0,0,0,0,0,0,0,0,0,0
MEGHALAYA,2001,Cancellation/Non-Settlement of Marriage,0,0,0,0,0,0,0,0,0,0,0,0,0,0,0,0,0,0
MEGHALAYA,2001,Infertility,0,0,0,0,0,0,0,0,0,0,0,0,0,0,0,0,0,0
MEGHALAYA,2001,Illness (Aids/STD),0,0,0,0,0,0,0,0,0,0,0,0,0,0,0,0,0,0
MEGHALAYA,2001,Cancer,0,0,0,0,0,0,0,0,0,0,0,0,0,0,0,0,0,0
MEGHALAYA,2001,Paralysis,0,0,0,0,0,0,0,0,0,0,0,0,0,0,0,0,0,0
MEGHALAYA,2001,Insanity/Mental Illness,0,1,1,0,0,2,0,1,0,0,0,1,3,0,2,1,0,0
MEGHALAYA,2001,Other Prolonged Illness,0,0,8,3,1,12,0,3,0,0,0,3,15,0,3,8,3,1
MEGHALAYA,2001,Death of Dear Person,0,0,0,0,0,0,0,0,0,0,0,0,0,0,0,0,0,0
MEGHALAYA,2001,Dowry Dispute,0,0,0,0,0,0,0,0,0,0,0,0,0,0,0,0,0,0
MEGHALAYA,2001,Divorce,0,0,0,0,0,0,0,0,0,0,0,0,0,0,0,0,0,0
MEGHALAYA,2001,Drug Abuse/Addiction,0,0,0,0,0,0,0,0,0,0,0,0,0,0,0,0,0,0
MEGHALAYA,2001,Failure in Examination,0,0,0,0,0,0,0,0,0,0,0,0,0,0,0,0,0,0
MEGHALAYA,2001,Fall in Social Reputation,0,0,0,0,0,0,0,0,0,0,0,0,0,0,0,0,0,0
MEGHALAYA,2001,Family Problems,0,2,1,0,0,3,0,1,0,0,1,2,5,0,3,1,0,1
MEGHALAYA,2001,Ideological Causes/Hero Worshipping,0,0,0,0,0,0,0,0,0,0,0,0,0,0,0,0,0,0
MEGHALAYA,2001,Illegitimate Pregnancy,0,0,0,0,0,0,0,0,0,0,0,0,0,0,0,0,0,0
MEGHALAYA,2001,Love Affairs,0,0,0,0,0,0,0,0,0,0,0,0,0,0,0,0,0,0
MEGHALAYA,2001,"Physical Abuse (Rape,Incest Etc.)",0,0,0,0,0,0,0,0,0,0,0,0,0,0,0,0,0,0
MEGHALAYA,2001,Poverty,0,0,0,0,0,0,0,1,0,0,0,1,1,0,1,0,0,0
MEGHALAYA,2001,Professional/Career Problem,0,0,0,1,0,1,0,0,0,0,0,0,1,0,0,0,1,0
MEGHALAYA,2001,Property Dispute,0,0,0,0,0,0,0,0,0,0,0,0,0,0,0,0,0,0
MEGHALAYA,2001,Unemployment,0,0,0,0,0,0,0,0,0,0,0,0,0,0,0,0,0,0
MEGHALAYA,2001,Causes Not known,1,13,18,0,3,35,0,2,1,0,0,3,38,1,15,19,0,3
MEGHALAYA,2001,Other Causes,0,6,8,1,0,15,0,3,1,3,1,8,23,0,9,9,4,1
MEGHALAYA,2001,Total,1,22,36,5,5,69,0,11,2,3,2,18,87,1,33,38,8,7
MEGHALAYA,2001,Total Illness,0,1,9,3,1,14,0,4,0,0,0,4,18,0,5,9,3,1
MEGHALAYA,2002,Bankruptcy,0,0,0,0,0,0,0,0,0,0,0,0,0,0,0,0,0,0
MEGHALAYA,2002,Suspected/Illicit Relation,0,0,0,0,0,0,0,0,0,0,0,0,0,0,0,0,0,0
MEGHALAYA,2002,Cancellation/Non-Settlement of Marriage,0,0,0,0,0,0,0,0,0,0,0,0,0,0,0,0,0,0
MEGHALAYA,2002,Infertility,0,0,1,0,0,1,0,0,0,0,0,0,1,0,0,1,0,0
MEGHALAYA,2002,Illness (Aids/STD),0,0,0,0,0,0,0,0,0,0,0,0,0,0,0,0,0,0
MEGHALAYA,2002,Cancer,0,0,0,0,0,0,0,0,0,0,0,0,0,0,0,0,0,0
MEGHALAYA,2002,Paralysis,0,0,0,0,0,0,0,0,0,0,0,0,0,0,0,0,0,0
MEGHALAYA,2002,Insanity/Mental Illness,1,1,2,0,0,4,0,0,2,0,0,2,6,1,1,4,0,0
MEGHALAYA,2002,Other Prolonged Illness,0,0,1,4,0,5,0,0,0,0,0,0,5,0,0,1,4,0
MEGHALAYA,2002,Death of Dear Person,0,0,0,0,0,0,0,0,0,0,0,0,0,0,0,0,0,0
MEGHALAYA,2002,Dowry Dispute,0,0,0,0,0,0,0,0,0,0,0,0,0,0,0,0,0,0
MEGHALAYA,2002,Divorce,0,0,0,0,0,0,0,0,0,0,0,0,0,0,0,0,0,0
MEGHALAYA,2002,Drug Abuse/Addiction,0,0,1,1,0,2,0,0,0,0,0,0,2,0,0,1,1,0
MEGHALAYA,2002,Failure in Examination,1,0,0,0,0,1,1,0,0,0,0,1,2,2,0,0,0,0
MEGHALAYA,2002,Fall in Social Reputation,0,0,0,0,0,0,0,0,0,0,0,0,0,0,0,0,0,0
MEGHALAYA,2002,Family Problems,0,2,2,2,3,9,0,0,2,0,0,2,11,0,2,4,2,3
MEGHALAYA,2002,Ideological Causes/Hero Worshipping,0,0,0,0,0,0,0,0,0,0,0,0,0,0,0,0,0,0
MEGHALAYA,2002,Illegitimate Pregnancy,0,0,0,0,0,0,0,0,0,0,0,0,0,0,0,0,0,0
MEGHALAYA,2002,Love Affairs,0,1,1,0,0,2,0,0,0,0,0,0,2,0,1,1,0,0
MEGHALAYA,2002,"Physical Abuse (Rape,Incest Etc.)",0,0,0,0,0,0,0,0,0,0,0,0,0,0,0,0,0,0
MEGHALAYA,2002,Poverty,0,0,0,0,0,0,1,0,0,1,0,2,2,1,0,0,1,0
MEGHALAYA,2002,Professional/Career Problem,0,0,1,0,0,1,0,0,0,0,0,0,1,0,0,1,0,0
MEGHALAYA,2002,Property Dispute,0,0,0,0,0,0,0,0,0,0,0,0,0,0,0,0,0,0
MEGHALAYA,2002,Unemployment,0,0,0,0,0,0,0,0,0,0,0,0,0,0,0,0,0,0
MEGHALAYA,2002,Causes Not known,1,5,12,6,0,24,0,8,2,1,0,11,35,1,13,14,7,0
MEGHALAYA,2002,Other Causes,0,0,0,0,0,0,0,0,0,0,0,0,0,0,0,0,0,0
MEGHALAYA,2002,Total,3,9,21,13,3,49,2,8,6,2,0,18,67,5,17,27,15,3
MEGHALAYA,2002,Total Illness,1,1,3,4,0,9,0,0,2,0,0,2,11,1,1,5,4,0
MEGHALAYA,2003,Bankruptcy,0,0,0,0,0,0,0,0,0,0,0,0,0,0,0,0,0,0
MEGHALAYA,2003,Suspected/Illicit Relation,0,0,0,0,0,0,0,0,0,0,0,0,0,0,0,0,0,0
MEGHALAYA,2003,Cancellation/Non-Settlement of Marriage,0,0,0,0,0,0,0,0,0,0,0,0,0,0,0,0,0,0
MEGHALAYA,2003,Infertility,0,0,0,0,0,0,0,0,0,0,0,0,0,0,0,0,0,0
MEGHALAYA,2003,Illness (Aids/STD),0,0,0,0,0,0,0,0,0,0,0,0,0,0,0,0,0,0
MEGHALAYA,2003,Cancer,0,0,0,0,0,0,0,0,0,0,0,0,0,0,0,0,0,0
MEGHALAYA,2003,Paralysis,0,0,0,0,0,0,0,0,0,0,0,0,0,0,0,0,0,0
MEGHALAYA,2003,Insanity/Mental Illness,0,1,1,0,0,2,1,0,0,0,0,1,3,1,1,1,0,0
MEGHALAYA,2003,Other Prolonged Illness,0,0,0,0,0,0,0,0,0,0,0,0,0,0,0,0,0,0
MEGHALAYA,2003,Death of Dear Person,0,0,0,0,0,0,0,0,0,0,0,0,0,0,0,0,0,0
MEGHALAYA,2003,Dowry Dispute,0,0,0,0,0,0,0,0,0,0,0,0,0,0,0,0,0,0
MEGHALAYA,2003,Divorce,0,0,0,0,0,0,0,1,0,0,0,1,1,0,1,0,0,0
MEGHALAYA,2003,Drug Abuse/Addiction,0,0,0,0,0,0,0,0,0,0,0,0,0,0,0,0,0,0
MEGHALAYA,2003,Failure in Examination,0,0,0,0,0,0,0,0,0,0,0,0,0,0,0,0,0,0
MEGHALAYA,2003,Fall in Social Reputation,0,0,0,0,0,0,0,0,0,0,0,0,0,0,0,0,0,0
MEGHALAYA,2003,Family Problems,0,0,1,0,0,1,0,1,0,0,0,1,2,0,1,1,0,0
MEGHALAYA,2003,Ideological Causes/Hero Worshipping,0,0,0,0,0,0,0,0,0,0,0,0,0,0,0,0,0,0
MEGHALAYA,2003,Illegitimate Pregnancy,0,0,0,0,0,0,0,0,0,0,0,0,0,0,0,0,0,0
MEGHALAYA,2003,Love Affairs,1,0,0,0,0,1,0,1,0,0,0,1,2,1,1,0,0,0
MEGHALAYA,2003,"Physical Abuse (Rape,Incest Etc.)",0,0,0,0,0,0,0,0,0,0,0,0,0,0,0,0,0,0
MEGHALAYA,2003,Poverty,0,0,0,0,0,0,0,0,0,0,0,0,0,0,0,0,0,0
MEGHALAYA,2003,Professional/Career Problem,0,0,0,0,0,0,0,0,0,0,0,0,0,0,0,0,0,0
MEGHALAYA,2003,Property Dispute,0,0,0,0,0,0,0,0,0,0,0,0,0,0,0,0,0,0
MEGHALAYA,2003,Unemployment,0,1,1,1,0,3,0,0,0,0,0,0,3,0,1,1,1,0
MEGHALAYA,2003,Causes Not known,2,5,8,5,1,21,0,1,2,0,1,4,25,2,6,10,5,2
MEGHALAYA,2003,Other Causes,0,0,3,1,0,4,0,1,0,0,0,1,5,0,1,3,1,0
MEGHALAYA,2003,Total,3,7,14,7,1,32,1,5,2,0,1,9,41,4,12,16,7,2
MEGHALAYA,2003,Total Illness,0,1,1,0,0,2,1,0,0,0,0,1,3,1,1,1,0,0
MEGHALAYA,2004,Bankruptcy,0,0,1,0,0,1,0,0,0,0,0,0,1,0,0,1,0,0
MEGHALAYA,2004,Suspected/Illicit Relation,0,0,0,0,0,0,0,0,0,0,0,0,0,0,0,0,0,0
MEGHALAYA,2004,Cancellation/Non-Settlement of Marriage,0,0,0,0,0,0,0,0,0,0,0,0,0,0,0,0,0,0
MEGHALAYA,2004,Infertility,0,0,0,0,0,0,0,0,0,0,0,0,0,0,0,0,0,0
MEGHALAYA,2004,Illness (Aids/STD),0,0,0,0,0,0,0,0,0,0,0,0,0,0,0,0,0,0
MEGHALAYA,2004,Cancer,0,0,0,0,0,0,0,0,0,0,0,0,0,0,0,0,0,0
MEGHALAYA,2004,Paralysis,0,0,0,0,0,0,0,0,0,0,0,0,0,0,0,0,0,0
MEGHALAYA,2004,Insanity/Mental Illness,0,0,1,0,0,1,0,0,0,0,0,0,1,0,0,1,0,0
MEGHALAYA,2004,Other Prolonged Illness,0,0,1,4,0,5,0,0,0,0,0,0,5,0,0,1,4,0
MEGHALAYA,2004,Death of Dear Person,0,0,0,0,0,0,0,0,0,0,0,0,0,0,0,0,0,0
MEGHALAYA,2004,Dowry Dispute,0,0,0,0,0,0,0,0,0,0,0,0,0,0,0,0,0,0
MEGHALAYA,2004,Divorce,0,0,0,0,0,0,0,0,0,0,0,0,0,0,0,0,0,0
MEGHALAYA,2004,Drug Abuse/Addiction,0,0,0,0,0,0,0,0,0,0,0,0,0,0,0,0,0,0
MEGHALAYA,2004,Failure in Examination,0,1,0,0,0,1,0,1,0,0,0,1,2,0,2,0,0,0
MEGHALAYA,2004,Fall in Social Reputation,0,0,0,0,0,0,0,0,0,0,0,0,0,0,0,0,0,0
MEGHALAYA,2004,Family Problems,0,2,3,0,0,5,0,4,1,0,0,5,10,0,6,4,0,0
MEGHALAYA,2004,Ideological Causes/Hero Worshipping,0,0,0,0,0,0,0,0,0,0,0,0,0,0,0,0,0,0
MEGHALAYA,2004,Illegitimate Pregnancy,0,0,0,0,0,0,0,0,0,0,0,0,0,0,0,0,0,0
MEGHALAYA,2004,Love Affairs,0,2,1,1,0,4,0,4,0,0,0,4,8,0,6,1,1,0
MEGHALAYA,2004,"Physical Abuse (Rape,Incest Etc.)",0,0,0,0,0,0,0,0,0,0,0,0,0,0,0,0,0,0
MEGHALAYA,2004,Poverty,0,0,2,0,1,3,0,0,0,0,0,0,3,0,0,2,0,1
MEGHALAYA,2004,Professional/Career Problem,0,0,0,0,0,0,0,0,0,0,0,0,0,0,0,0,0,0
MEGHALAYA,2004,Property Dispute,0,0,0,0,0,0,0,0,0,0,0,0,0,0,0,0,0,0
MEGHALAYA,2004,Unemployment,0,1,0,0,0,1,0,0,0,0,0,0,1,0,1,0,0,0
MEGHALAYA,2004,Causes Not known,0,5,9,3,1,18,0,5,1,0,0,6,24,0,10,10,3,1
MEGHALAYA,2004,Other Causes,0,0,0,0,0,0,0,0,0,0,0,0,0,0,0,0,0,0
MEGHALAYA,2004,Total,0,11,18,8,2,39,0,14,2,0,0,16,55,0,25,20,8,2
MEGHALAYA,2004,Total Illness,0,0,2,4,0,6,0,0,0,0,0,0,6,0,0,2,4,0
MEGHALAYA,2005,Bankruptcy,0,0,0,0,0,0,0,0,0,0,0,0,0,0,0,0,0,0
MEGHALAYA,2005,Suspected/Illicit Relation,0,0,2,1,0,3,0,0,0,0,0,0,3,0,0,2,1,0
MEGHALAYA,2005,Cancellation/Non-Settlement of Marriage,0,0,0,0,0,0,0,0,0,0,0,0,0,0,0,0,0,0
MEGHALAYA,2005,Infertility,0,0,0,0,0,0,0,1,0,0,0,1,1,0,1,0,0,0
MEGHALAYA,2005,Illness (Aids/STD),0,0,0,0,0,0,0,0,0,0,0,0,0,0,0,0,0,0
MEGHALAYA,2005,Cancer,0,0,0,0,0,0,0,0,0,0,0,0,0,0,0,0,0,0
MEGHALAYA,2005,Paralysis,0,0,0,0,0,0,0,0,0,0,0,0,0,0,0,0,0,0
MEGHALAYA,2005,Insanity/Mental Illness,0,0,0,0,0,0,0,0,0,0,0,0,0,0,0,0,0,0
MEGHALAYA,2005,Other Prolonged Illness,0,0,0,0,0,0,0,0,0,0,0,0,0,0,0,0,0,0
MEGHALAYA,2005,Death of Dear Person,0,0,0,0,0,0,0,0,0,0,0,0,0,0,0,0,0,0
MEGHALAYA,2005,Dowry Dispute,0,0,0,0,0,0,0,0,0,0,0,0,0,0,0,0,0,0
MEGHALAYA,2005,Divorce,0,0,0,0,0,0,0,0,0,0,0,0,0,0,0,0,0,0
MEGHALAYA,2005,Drug Abuse/Addiction,0,0,0,0,0,0,0,0,0,0,0,0,0,0,0,0,0,0
MEGHALAYA,2005,Failure in Examination,0,0,0,0,0,0,0,0,0,0,0,0,0,0,0,0,0,0
MEGHALAYA,2005,Fall in Social Reputation,0,0,0,0,0,0,0,0,0,0,0,0,0,0,0,0,0,0
MEGHALAYA,2005,Family Problems,0,0,2,2,3,7,0,2,0,1,0,3,10,0,2,2,3,3
MEGHALAYA,2005,Ideological Causes/Hero Worshipping,0,1,0,1,0,2,0,0,0,0,0,0,2,0,1,0,1,0
MEGHALAYA,2005,Illegitimate Pregnancy,0,0,0,0,0,0,0,1,0,0,0,1,1,0,1,0,0,0
MEGHALAYA,2005,Love Affairs,0,0,0,0,0,0,0,1,0,0,1,2,2,0,1,0,0,1
MEGHALAYA,2005,"Physical Abuse (Rape,Incest Etc.)",0,0,0,0,0,0,0,0,0,0,0,0,0,0,0,0,0,0
MEGHALAYA,2005,Poverty,0,0,0,0,0,0,0,0,0,0,0,0,0,0,0,0,0,0
MEGHALAYA,2005,Professional/Career Problem,0,0,0,0,0,0,0,0,0,0,0,0,0,0,0,0,0,0
MEGHALAYA,2005,Property Dispute,0,0,0,0,0,0,0,0,0,0,0,0,0,0,0,0,0,0
MEGHALAYA,2005,Unemployment,0,0,0,0,0,0,0,0,0,0,0,0,0,0,0,0,0,0
MEGHALAYA,2005,Causes Not known,2,12,8,5,4,31,0,7,3,1,0,11,42,2,19,11,6,4
MEGHALAYA,2005,Other Causes,1,3,2,1,0,7,0,1,2,0,0,3,10,1,4,4,1,0
MEGHALAYA,2005,Total,3,16,14,10,7,50,0,13,5,2,1,21,71,3,29,19,12,8
MEGHALAYA,2005,Total Illness,0,0,0,0,0,0,0,0,0,0,0,0,0,0,0,0,0,0
MEGHALAYA,2006,Bankruptcy,0,0,0,0,0,0,0,0,0,0,0,0,0,0,0,0,0,0
MEGHALAYA,2006,Suspected/Illicit Relation,0,0,0,0,0,0,0,0,0,0,0,0,0,0,0,0,0,0
MEGHALAYA,2006,Cancellation/Non-Settlement of Marriage,0,0,0,0,0,0,0,0,0,0,0,0,0,0,0,0,0,0
MEGHALAYA,2006,Infertility,0,0,0,0,0,0,0,0,0,0,0,0,0,0,0,0,0,0
MEGHALAYA,2006,Illness (Aids/STD),0,1,0,0,0,1,0,0,0,0,0,0,1,0,1,0,0,0
MEGHALAYA,2006,Cancer,0,0,0,0,0,0,0,0,0,0,0,0,0,0,0,0,0,0
MEGHALAYA,2006,Paralysis,0,0,0,0,0,0,0,0,0,0,0,0,0,0,0,0,0,0
MEGHALAYA,2006,Insanity/Mental Illness,0,2,0,0,0,2,0,0,0,0,0,0,2,0,2,0,0,0
MEGHALAYA,2006,Other Prolonged Illness,0,3,0,0,0,3,0,0,0,0,0,0,3,0,3,0,0,0
MEGHALAYA,2006,Death of Dear Person,0,0,0,0,0,0,0,0,0,0,0,0,0,0,0,0,0,0
MEGHALAYA,2006,Dowry Dispute,0,0,0,0,0,0,0,0,0,0,0,0,0,0,0,0,0,0
MEGHALAYA,2006,Divorce,0,0,0,0,0,0,0,0,0,0,0,0,0,0,0,0,0,0
MEGHALAYA,2006,Drug Abuse/Addiction,0,1,0,0,0,1,0,0,0,0,0,0,1,0,1,0,0,0
MEGHALAYA,2006,Failure in Examination,0,0,0,0,0,0,0,0,0,0,0,0,0,0,0,0,0,0
MEGHALAYA,2006,Fall in Social Reputation,0,1,0,0,0,1,0,0,0,0,0,0,1,0,1,0,0,0
MEGHALAYA,2006,Family Problems,0,13,6,3,1,23,0,8,1,0,0,9,32,0,21,7,3,1
MEGHALAYA,2006,Ideological Causes/Hero Worshipping,0,0,0,0,0,0,0,0,0,0,0,0,0,0,0,0,0,0
MEGHALAYA,2006,Illegitimate Pregnancy,0,0,0,0,0,0,0,0,0,0,0,0,0,0,0,0,0,0
MEGHALAYA,2006,Love Affairs,0,1,0,0,0,1,0,1,0,0,0,1,2,0,2,0,0,0
MEGHALAYA,2006,"Physical Abuse (Rape,Incest Etc.)",0,0,0,0,0,0,0,0,0,0,0,0,0,0,0,0,0,0
MEGHALAYA,2006,Poverty,0,0,0,0,0,0,0,0,0,0,0,0,0,0,0,0,0,0
MEGHALAYA,2006,Professional/Career Problem,0,0,0,0,0,0,0,0,0,0,0,0,0,0,0,0,0,0
MEGHALAYA,2006,Property Dispute,0,0,0,0,0,0,0,0,0,0,0,0,0,0,0,0,0,0
MEGHALAYA,2006,Unemployment,0,0,0,0,0,0,0,0,0,0,0,0,0,0,0,0,0,0
MEGHALAYA,2006,Causes Not known,1,15,12,2,3,33,1,8,4,0,0,13,46,2,23,16,2,3
MEGHALAYA,2006,Other Causes,0,3,1,0,0,4,0,0,0,0,0,0,4,0,3,1,0,0
MEGHALAYA,2006,Total,1,40,19,5,4,69,1,17,5,0,0,23,92,2,57,24,5,4
MEGHALAYA,2006,Total Illness,0,6,0,0,0,6,0,0,0,0,0,0,6,0,6,0,0,0
MEGHALAYA,2007,Bankruptcy,0,1,0,0,0,1,0,0,0,0,0,0,1,0,1,0,0,0
MEGHALAYA,2007,Suspected/Illicit Relation,0,0,0,0,0,0,0,0,0,0,0,0,0,0,0,0,0,0
MEGHALAYA,2007,Cancellation/Non-Settlement of Marriage,0,0,0,0,0,0,0,0,0,0,0,0,0,0,0,0,0,0
MEGHALAYA,2007,Infertility,0,0,0,0,0,0,0,0,0,0,0,0,0,0,0,0,0,0
MEGHALAYA,2007,Illness (Aids/STD),0,0,0,0,0,0,0,0,0,0,0,0,0,0,0,0,0,0
MEGHALAYA,2007,Cancer,0,0,0,0,0,0,0,0,0,0,0,0,0,0,0,0,0,0
MEGHALAYA,2007,Paralysis,0,0,0,0,0,0,0,0,0,0,0,0,0,0,0,0,0,0
MEGHALAYA,2007,Insanity/Mental Illness,0,0,0,0,1,1,0,0,1,0,0,1,2,0,0,1,0,1
MEGHALAYA,2007,Other Prolonged Illness,0,0,1,3,0,4,0,0,0,0,0,0,4,0,0,1,3,0
MEGHALAYA,2007,Death of Dear Person,0,0,0,0,0,0,0,0,0,0,0,0,0,0,0,0,0,0
MEGHALAYA,2007,Dowry Dispute,0,0,0,0,0,0,0,0,0,0,0,0,0,0,0,0,0,0
MEGHALAYA,2007,Divorce,0,0,0,0,0,0,0,0,0,0,0,0,0,0,0,0,0,0
MEGHALAYA,2007,Drug Abuse/Addiction,0,0,0,0,0,0,0,0,0,0,0,0,0,0,0,0,0,0
MEGHALAYA,2007,Failure in Examination,1,1,0,0,0,2,0,0,0,0,0,0,2,1,1,0,0,0
MEGHALAYA,2007,Fall in Social Reputation,0,0,0,0,0,0,0,0,0,0,0,0,0,0,0,0,0,0
MEGHALAYA,2007,Family Problems,0,10,9,0,0,19,0,5,6,0,0,11,30,0,15,15,0,0
MEGHALAYA,2007,Ideological Causes/Hero Worshipping,0,0,0,0,0,0,0,0,0,0,0,0,0,0,0,0,0,0
MEGHALAYA,2007,Illegitimate Pregnancy,0,0,0,0,0,0,0,0,0,0,0,0,0,0,0,0,0,0
MEGHALAYA,2007,Love Affairs,0,3,0,0,0,3,0,3,0,0,0,3,6,0,6,0,0,0
MEGHALAYA,2007,"Physical Abuse (Rape,Incest Etc.)",0,0,0,0,0,0,0,0,0,0,0,0,0,0,0,0,0,0
MEGHALAYA,2007,Poverty,0,3,0,0,0,3,0,3,0,0,0,3,6,0,6,0,0,0
MEGHALAYA,2007,Professional/Career Problem,0,0,0,0,0,0,0,0,0,0,0,0,0,0,0,0,0,0
MEGHALAYA,2007,Property Dispute,0,0,0,0,0,0,0,0,0,0,0,0,0,0,0,0,0,0
MEGHALAYA,2007,Unemployment,0,0,0,0,0,0,0,0,0,0,0,0,0,0,0,0,0,0
MEGHALAYA,2007,Causes Not known,0,6,10,4,2,22,0,3,3,0,0,6,28,0,9,13,4,2
MEGHALAYA,2007,Other Causes,0,4,1,0,0,5,0,1,2,0,0,3,8,0,5,3,0,0
MEGHALAYA,2007,Total,1,28,21,7,3,60,0,15,12,0,0,27,87,1,43,33,7,3
MEGHALAYA,2007,Total Illness,0,0,1,3,1,5,0,0,1,0,0,1,6,0,0,2,3,1
MEGHALAYA,2008,Bankruptcy,0,0,0,0,0,0,0,0,0,0,0,0,0,0,0,0,0,0
MEGHALAYA,2008,Suspected/Illicit Relation,0,0,0,0,0,0,0,0,0,0,0,0,0,0,0,0,0,0
MEGHALAYA,2008,Cancellation/Non-Settlement of Marriage,0,0,0,0,0,0,0,0,0,0,0,0,0,0,0,0,0,0
MEGHALAYA,2008,Infertility,0,0,0,0,0,0,0,0,0,0,0,0,0,0,0,0,0,0
MEGHALAYA,2008,Illness (Aids/STD),0,0,0,0,0,0,0,0,0,0,0,0,0,0,0,0,0,0
MEGHALAYA,2008,Cancer,0,0,0,0,0,0,0,0,0,0,0,0,0,0,0,0,0,0
MEGHALAYA,2008,Paralysis,0,0,0,0,0,0,0,0,0,0,0,0,0,0,0,0,0,0
MEGHALAYA,2008,Insanity/Mental Illness,0,1,0,0,0,1,0,2,0,0,0,2,3,0,3,0,0,0
MEGHALAYA,2008,Other Prolonged Illness,0,1,1,0,0,2,0,0,0,0,0,0,2,0,1,1,0,0
MEGHALAYA,2008,Death of Dear Person,0,0,0,0,0,0,0,0,0,0,0,0,0,0,0,0,0,0
MEGHALAYA,2008,Dowry Dispute,0,0,0,0,0,0,0,0,0,0,0,0,0,0,0,0,0,0
MEGHALAYA,2008,Divorce,0,0,0,0,0,0,0,0,0,0,0,0,0,0,0,0,0,0
MEGHALAYA,2008,Drug Abuse/Addiction,0,0,0,0,0,0,0,0,0,0,0,0,0,0,0,0,0,0
MEGHALAYA,2008,Failure in Examination,0,0,0,0,0,0,0,0,0,0,0,0,0,0,0,0,0,0
MEGHALAYA,2008,Fall in Social Reputation,0,0,0,0,0,0,0,0,0,0,0,0,0,0,0,0,0,0
MEGHALAYA,2008,Family Problems,0,0,5,0,0,5,0,1,3,0,0,4,9,0,1,8,0,0
MEGHALAYA,2008,Ideological Causes/Hero Worshipping,0,0,0,0,0,0,0,0,0,0,0,0,0,0,0,0,0,0
MEGHALAYA,2008,Illegitimate Pregnancy,0,0,0,0,0,0,0,0,0,0,0,0,0,0,0,0,0,0
MEGHALAYA,2008,Love Affairs,0,1,2,0,0,3,0,2,0,0,0,2,5,0,3,2,0,0
MEGHALAYA,2008,"Physical Abuse (Rape,Incest Etc.)",0,0,0,0,0,0,0,0,0,0,0,0,0,0,0,0,0,0
MEGHALAYA,2008,Poverty,0,0,0,0,0,0,0,0,0,0,0,0,0,0,0,0,0,0
MEGHALAYA,2008,Professional/Career Problem,0,2,0,2,0,4,0,0,2,0,0,2,6,0,2,2,2,0
MEGHALAYA,2008,Property Dispute,0,0,0,0,0,0,0,0,0,0,0,0,0,0,0,0,0,0
MEGHALAYA,2008,Unemployment,0,0,0,1,0,1,0,0,0,0,0,0,1,0,0,0,1,0
MEGHALAYA,2008,Causes Not known,0,14,17,6,1,38,1,5,7,2,2,17,55,1,19,24,8,3
MEGHALAYA,2008,Other Causes,0,0,2,1,0,3,0,1,0,0,0,1,4,0,1,2,1,0
MEGHALAYA,2008,Total,0,19,27,10,1,57,1,11,12,2,2,28,85,1,30,39,12,3
MEGHALAYA,2008,Total Illness,0,2,1,0,0,3,0,2,0,0,0,2,5,0,4,1,0,0
MEGHALAYA,2009,Bankruptcy,0,0,0,0,0,0,0,0,0,0,0,0,0,0,0,0,0,0
MEGHALAYA,2009,Suspected/Illicit Relation,0,0,0,0,0,0,0,0,0,0,0,0,0,0,0,0,0,0
MEGHALAYA,2009,Cancellation/Non-Settlement of Marriage,0,0,0,0,0,0,0,0,0,0,0,0,0,0,0,0,0,0
MEGHALAYA,2009,Infertility,0,0,0,0,0,0,0,0,0,0,0,0,0,0,0,0,0,0
MEGHALAYA,2009,Illness (Aids/STD),0,0,0,0,0,0,0,0,0,0,0,0,0,0,0,0,0,0
MEGHALAYA,2009,Cancer,0,0,0,0,0,0,0,0,0,0,0,0,0,0,0,0,0,0
MEGHALAYA,2009,Paralysis,0,1,0,0,0,1,0,0,0,2,0,2,3,0,1,0,2,0
MEGHALAYA,2009,Insanity/Mental Illness,0,3,1,6,0,10,0,0,0,3,0,3,13,0,3,1,9,0
MEGHALAYA,2009,Other Prolonged Illness,0,0,1,2,0,3,0,0,0,0,0,0,3,0,0,1,2,0
MEGHALAYA,2009,Death of Dear Person,0,0,0,0,0,0,0,0,0,0,0,0,0,0,0,0,0,0
MEGHALAYA,2009,Dowry Dispute,0,0,0,0,0,0,0,0,0,0,0,0,0,0,0,0,0,0
MEGHALAYA,2009,Divorce,0,0,0,0,0,0,0,0,0,0,0,0,0,0,0,0,0,0
MEGHALAYA,2009,Drug Abuse/Addiction,0,1,0,1,0,2,0,0,0,0,0,0,2,0,1,0,1,0
MEGHALAYA,2009,Failure in Examination,1,1,0,0,0,2,0,0,0,0,0,0,2,1,1,0,0,0
MEGHALAYA,2009,Fall in Social Reputation,0,0,0,0,0,0,0,0,0,0,0,0,0,0,0,0,0,0
MEGHALAYA,2009,Family Problems,0,5,0,3,1,9,0,2,2,0,0,4,13,0,7,2,3,1
MEGHALAYA,2009,Ideological Causes/Hero Worshipping,0,0,0,0,0,0,0,0,0,0,0,0,0,0,0,0,0,0
MEGHALAYA,2009,Illegitimate Pregnancy,0,0,0,0,0,0,0,1,0,0,0,1,1,0,1,0,0,0
MEGHALAYA,2009,Love Affairs,0,3,1,0,0,4,0,1,0,0,0,1,5,0,4,1,0,0
MEGHALAYA,2009,"Physical Abuse (Rape,Incest Etc.)",0,0,0,0,0,0,0,0,0,0,0,0,0,0,0,0,0,0
MEGHALAYA,2009,Poverty,0,0,1,0,0,1,0,0,3,0,0,3,4,0,0,4,0,0
MEGHALAYA,2009,Professional/Career Problem,0,0,0,0,0,0,0,0,0,0,0,0,0,0,0,0,0,0
MEGHALAYA,2009,Property Dispute,0,1,0,0,0,1,0,0,0,0,0,0,1,0,1,0,0,0
MEGHALAYA,2009,Unemployment,0,0,0,0,0,0,0,0,0,0,0,0,0,0,0,0,0,0
MEGHALAYA,2009,Causes Not known,0,8,6,15,3,32,1,12,1,12,3,29,61,1,20,7,27,6
MEGHALAYA,2009,Other Causes,0,1,1,0,0,2,0,2,0,0,0,2,4,0,3,1,0,0
MEGHALAYA,2009,Total,1,24,11,27,4,67,1,18,6,17,3,45,112,2,42,17,44,7
MEGHALAYA,2009,Total Illness,0,4,2,8,0,14,0,0,0,5,0,5,19,0,4,2,13,0
MEGHALAYA,2010,Bankruptcy,0,0,0,0,0,0,0,0,0,0,0,0,0,0,0,0,0,0
MEGHALAYA,2010,Suspected/Illicit Relation,0,1,0,0,0,1,0,0,0,0,0,0,1,0,1,0,0,0
MEGHALAYA,2010,Cancellation/Non-Settlement of Marriage,0,0,0,0,0,0,0,0,0,0,0,0,0,0,0,0,0,0
MEGHALAYA,2010,Infertility,0,0,0,0,0,0,0,0,0,0,0,0,0,0,0,0,0,0
MEGHALAYA,2010,Illness (Aids/STD),0,0,0,0,0,0,0,0,0,0,0,0,0,0,0,0,0,0
MEGHALAYA,2010,Cancer,0,0,0,0,0,0,0,0,0,0,0,0,0,0,0,0,0,0
MEGHALAYA,2010,Paralysis,0,0,0,0,0,0,0,0,0,0,0,0,0,0,0,0,0,0
MEGHALAYA,2010,Insanity/Mental Illness,0,1,0,0,0,1,0,0,0,0,0,0,1,0,1,0,0,0
MEGHALAYA,2010,Other Prolonged Illness,0,4,3,1,2,10,0,3,2,0,0,5,15,0,7,5,1,2
MEGHALAYA,2010,Death of Dear Person,0,0,0,0,0,0,0,0,1,0,0,1,1,0,0,1,0,0
MEGHALAYA,2010,Dowry Dispute,0,0,0,0,0,0,0,0,0,0,0,0,0,0,0,0,0,0
MEGHALAYA,2010,Divorce,0,0,0,0,0,0,0,0,0,0,0,0,0,0,0,0,0,0
MEGHALAYA,2010,Drug Abuse/Addiction,0,0,0,0,0,0,0,0,0,0,0,0,0,0,0,0,0,0
MEGHALAYA,2010,Failure in Examination,0,0,0,0,0,0,0,0,0,0,0,0,0,0,0,0,0,0
MEGHALAYA,2010,Fall in Social Reputation,0,0,0,0,0,0,0,0,0,0,0,0,0,0,0,0,0,0
MEGHALAYA,2010,Family Problems,0,5,2,3,0,10,0,5,1,1,0,7,17,0,10,3,4,0
MEGHALAYA,2010,Ideological Causes/Hero Worshipping,0,0,0,0,0,0,0,0,0,0,0,0,0,0,0,0,0,0
MEGHALAYA,2010,Illegitimate Pregnancy,0,0,0,0,0,0,0,0,0,0,0,0,0,0,0,0,0,0
MEGHALAYA,2010,Love Affairs,0,5,1,0,0,6,0,2,0,0,0,2,8,0,7,1,0,0
MEGHALAYA,2010,"Physical Abuse (Rape,Incest Etc.)",0,0,0,0,0,0,0,0,0,0,0,0,0,0,0,0,0,0
MEGHALAYA,2010,Poverty,0,0,0,0,0,0,0,0,0,0,0,0,0,0,0,0,0,0
MEGHALAYA,2010,Professional/Career Problem,0,0,0,0,0,0,0,0,0,0,0,0,0,0,0,0,0,0
MEGHALAYA,2010,Property Dispute,0,0,0,0,0,0,0,0,0,0,0,0,0,0,0,0,0,0
MEGHALAYA,2010,Unemployment,0,0,0,0,0,0,0,0,0,0,0,0,0,0,0,0,0,0
MEGHALAYA,2010,Causes Not known,2,15,6,5,3,31,1,5,4,1,1,12,43,3,20,10,6,4
MEGHALAYA,2010,Other Causes,0,6,11,4,0,21,0,0,1,0,0,1,22,0,6,12,4,0
MEGHALAYA,2010,Total,2,37,23,13,5,80,1,15,9,2,1,28,108,3,52,32,15,6
MEGHALAYA,2010,Total Illness,0,5,3,1,2,11,0,3,2,0,0,5,16,0,8,5,1,2
MEGHALAYA,2011,Bankruptcy,0,0,0,0,0,0,0,0,0,0,0,0,0,0,0,0,0,0
MEGHALAYA,2011,Suspected/Illicit Relation,0,0,0,0,0,0,0,0,0,0,0,0,0,0,0,0,0,0
MEGHALAYA,2011,Cancellation/Non-Settlement of Marriage,0,0,0,0,0,0,0,0,0,0,0,0,0,0,0,0,0,0
MEGHALAYA,2011,Infertility,0,0,0,0,0,0,0,0,0,0,0,0,0,0,0,0,0,0
MEGHALAYA,2011,Illness (Aids/STD),0,0,0,0,0,0,0,0,0,0,0,0,0,0,0,0,0,0
MEGHALAYA,2011,Cancer,0,0,0,0,0,0,0,0,0,0,0,0,0,0,0,0,0,0
MEGHALAYA,2011,Paralysis,0,0,0,0,0,0,0,0,0,0,0,0,0,0,0,0,0,0
MEGHALAYA,2011,Insanity/Mental Illness,0,3,2,0,0,5,0,2,4,1,0,7,12,0,5,6,1,0
MEGHALAYA,2011,Other Prolonged Illness,0,1,0,0,1,2,0,0,0,1,1,2,4,0,1,0,1,2
MEGHALAYA,2011,Death of Dear Person,0,0,0,0,0,0,0,0,0,0,0,0,0,0,0,0,0,0
MEGHALAYA,2011,Dowry Dispute,0,0,0,0,0,0,0,0,0,0,0,0,0,0,0,0,0,0
MEGHALAYA,2011,Divorce,0,0,1,0,0,1,0,0,0,0,0,0,1,0,0,1,0,0
MEGHALAYA,2011,Drug Abuse/Addiction,0,3,0,0,0,3,0,0,0,0,0,0,3,0,3,0,0,0
MEGHALAYA,2011,Failure in Examination,1,0,0,0,0,1,0,2,0,0,0,2,3,1,2,0,0,0
MEGHALAYA,2011,Fall in Social Reputation,0,0,0,0,0,0,0,0,0,0,0,0,0,0,0,0,0,0
MEGHALAYA,2011,Family Problems,0,6,6,4,0,16,0,4,3,0,0,7,23,0,10,9,4,0
MEGHALAYA,2011,Ideological Causes/Hero Worshipping,0,0,0,0,0,0,0,0,0,0,0,0,0,0,0,0,0,0
MEGHALAYA,2011,Illegitimate Pregnancy,0,0,0,0,0,0,0,0,0,0,0,0,0,0,0,0,0,0
MEGHALAYA,2011,Love Affairs,0,3,0,0,0,3,0,2,0,0,0,2,5,0,5,0,0,0
MEGHALAYA,2011,"Physical Abuse (Rape,Incest Etc.)",0,0,0,0,0,0,0,0,0,0,0,0,0,0,0,0,0,0
MEGHALAYA,2011,Poverty,0,0,0,0,0,0,0,0,0,0,0,0,0,0,0,0,0,0
MEGHALAYA,2011,Professional/Career Problem,0,0,0,0,0,0,0,0,0,0,0,0,0,0,0,0,0,0
MEGHALAYA,2011,Property Dispute,0,0,0,0,0,0,0,0,0,0,0,0,0,0,0,0,0,0
MEGHALAYA,2011,Unemployment,0,0,0,0,0,0,0,0,0,0,0,0,0,0,0,0,0,0
MEGHALAYA,2011,Causes Not known,3,36,11,9,0,59,1,11,6,3,1,22,81,4,47,17,12,1
MEGHALAYA,2011,Other Causes,0,15,5,0,1,21,0,0,0,0,0,0,21,0,15,5,0,1
MEGHALAYA,2011,Total,4,67,25,13,2,111,1,21,13,5,2,42,153,5,88,38,18,4
MEGHALAYA,2011,Total Illness,0,4,2,0,1,7,0,2,4,2,1,9,16,0,6,6,2,2
MEGHALAYA,2012,Bankruptcy,0,0,0,0,0,0,0,0,0,0,0,0,0,0,0,0,0,0
MEGHALAYA,2012,Suspected/Illicit Relation,0,0,0,0,0,0,0,0,0,0,0,0,0,0,0,0,0,0
MEGHALAYA,2012,Cancellation/Non-Settlement of Marriage,0,0,0,0,0,0,0,0,0,0,0,0,0,0,0,0,0,0
MEGHALAYA,2012,Infertility,0,0,0,0,0,0,0,0,0,0,0,0,0,0,0,0,0,0
MEGHALAYA,2012,Illness (Aids/STD),0,0,0,0,0,0,0,0,0,0,0,0,0,0,0,0,0,0
MEGHALAYA,2012,Cancer,0,0,0,1,0,1,0,0,0,0,0,0,1,0,0,0,1,0
MEGHALAYA,2012,Paralysis,0,0,0,0,0,0,0,0,0,0,0,0,0,0,0,0,0,0
MEGHALAYA,2012,Insanity/Mental Illness,0,1,1,0,0,2,0,0,0,0,0,0,2,0,1,1,0,0
MEGHALAYA,2012,Other Prolonged Illness,0,0,0,0,0,0,0,0,0,0,0,0,0,0,0,0,0,0
MEGHALAYA,2012,Death of Dear Person,0,0,0,0,0,0,0,0,0,0,0,0,0,0,0,0,0,0
MEGHALAYA,2012,Dowry Dispute,0,0,0,0,0,0,0,0,0,0,0,0,0,0,0,0,0,0
MEGHALAYA,2012,Divorce,0,0,0,0,0,0,0,1,0,0,0,1,1,0,1,0,0,0
MEGHALAYA,2012,Drug Abuse/Addiction,0,1,1,0,0,2,0,0,0,0,0,0,2,0,1,1,0,0
MEGHALAYA,2012,Failure in Examination,0,0,0,0,0,0,0,0,0,0,0,0,0,0,0,0,0,0
MEGHALAYA,2012,Fall in Social Reputation,0,0,0,0,0,0,0,0,0,0,0,0,0,0,0,0,0,0
MEGHALAYA,2012,Family Problems,1,2,6,2,0,11,0,5,1,1,0,7,18,1,7,7,3,0
MEGHALAYA,2012,Ideological Causes/Hero Worshipping,0,0,0,0,0,0,0,0,0,0,0,0,0,0,0,0,0,0
MEGHALAYA,2012,Illegitimate Pregnancy,0,0,0,0,0,0,0,0,0,0,0,0,0,0,0,0,0,0
MEGHALAYA,2012,Love Affairs,0,1,0,0,0,1,0,1,0,0,0,1,2,0,2,0,0,0
MEGHALAYA,2012,"Physical Abuse (Rape,Incest Etc.)",0,0,0,0,0,0,0,0,0,0,0,0,0,0,0,0,0,0
MEGHALAYA,2012,Poverty,0,0,0,0,0,0,0,0,0,0,0,0,0,0,0,0,0,0
MEGHALAYA,2012,Professional/Career Problem,0,0,0,0,0,0,0,0,0,0,0,0,0,0,0,0,0,0
MEGHALAYA,2012,Property Dispute,0,0,0,0,0,0,0,0,0,0,0,0,0,0,0,0,0,0
MEGHALAYA,2012,Unemployment,0,0,0,0,0,0,0,0,0,0,0,0,0,0,0,0,0,0
MEGHALAYA,2012,Causes Not known,2,34,21,12,1,70,1,19,6,1,0,27,97,3,53,27,13,1
MEGHALAYA,2012,Other Causes,0,1,1,1,0,3,1,1,0,0,0,2,5,1,2,1,1,0
MEGHALAYA,2012,Total,3,40,30,16,1,90,2,27,7,2,0,38,128,5,67,37,18,1
MEGHALAYA,2012,Total Illness,0,1,1,1,0,3,0,0,0,0,0,0,3,0,1,1,1,0
MIZORAM,2001,Bankruptcy,0,0,0,0,0,0,0,0,0,0,0,0,0,0,0,0,0,0
MIZORAM,2001,Suspected/Illicit Relation,0,0,0,0,0,0,0,0,0,0,0,0,0,0,0,0,0,0
MIZORAM,2001,Cancellation/Non-Settlement of Marriage,0,0,0,0,0,0,0,0,0,0,0,0,0,0,0,0,0,0
MIZORAM,2001,Infertility,0,0,0,0,0,0,0,0,0,0,0,0,0,0,0,0,0,0
MIZORAM,2001,Illness (Aids/STD),0,0,0,0,0,0,0,0,0,0,0,0,0,0,0,0,0,0
MIZORAM,2001,Cancer,0,0,0,0,0,0,0,0,0,0,0,0,0,0,0,0,0,0
MIZORAM,2001,Paralysis,0,0,0,0,0,0,0,0,0,0,0,0,0,0,0,0,0,0
MIZORAM,2001,Insanity/Mental Illness,0,0,0,0,0,0,0,0,0,0,0,0,0,0,0,0,0,0
MIZORAM,2001,Other Prolonged Illness,0,0,0,0,0,0,0,0,0,0,0,0,0,0,0,0,0,0
MIZORAM,2001,Death of Dear Person,0,0,0,0,0,0,0,0,0,0,0,0,0,0,0,0,0,0
MIZORAM,2001,Dowry Dispute,0,0,0,0,0,0,0,0,0,0,0,0,0,0,0,0,0,0
MIZORAM,2001,Divorce,0,0,0,0,0,0,0,0,0,0,0,0,0,0,0,0,0,0
MIZORAM,2001,Drug Abuse/Addiction,0,5,1,0,0,6,0,0,0,0,0,0,6,0,5,1,0,0
MIZORAM,2001,Failure in Examination,0,0,0,0,0,0,0,0,0,0,0,0,0,0,0,0,0,0
MIZORAM,2001,Fall in Social Reputation,0,0,0,0,0,0,0,0,0,0,0,0,0,0,0,0,0,0
MIZORAM,2001,Family Problems,0,0,2,4,0,6,0,0,0,0,0,0,6,0,0,2,4,0
MIZORAM,2001,Ideological Causes/Hero Worshipping,0,0,0,0,0,0,0,0,0,0,0,0,0,0,0,0,0,0
MIZORAM,2001,Illegitimate Pregnancy,0,0,0,0,0,0,0,0,0,0,0,0,0,0,0,0,0,0
MIZORAM,2001,Love Affairs,0,0,1,0,0,1,0,0,0,0,0,0,1,0,0,1,0,0
MIZORAM,2001,"Physical Abuse (Rape,Incest Etc.)",0,0,0,0,0,0,0,0,0,0,0,0,0,0,0,0,0,0
MIZORAM,2001,Poverty,0,0,0,0,0,0,0,0,0,0,0,0,0,0,0,0,0,0
MIZORAM,2001,Professional/Career Problem,0,0,0,0,0,0,0,0,0,0,0,0,0,0,0,0,0,0
MIZORAM,2001,Property Dispute,0,0,0,0,0,0,0,0,0,0,0,0,0,0,0,0,0,0
MIZORAM,2001,Unemployment,0,1,0,0,0,1,0,0,0,1,0,1,2,0,1,0,1,0
MIZORAM,2001,Causes Not known,2,12,4,1,1,20,0,2,1,0,0,3,23,2,14,5,1,1
MIZORAM,2001,Other Causes,5,4,2,0,1,12,0,1,1,1,1,4,16,5,5,3,1,2
MIZORAM,2001,Total,7,22,10,5,2,46,0,3,2,2,1,8,54,7,25,12,7,3
MIZORAM,2001,Total Illness,0,0,0,0,0,0,0,0,0,0,0,0,0,0,0,0,0,0
MIZORAM,2002,Bankruptcy,0,0,0,0,0,0,0,0,0,0,0,0,0,0,0,0,0,0
MIZORAM,2002,Suspected/Illicit Relation,0,0,0,0,0,0,0,0,0,0,0,0,0,0,0,0,0,0
MIZORAM,2002,Cancellation/Non-Settlement of Marriage,0,0,0,0,0,0,0,0,0,0,0,0,0,0,0,0,0,0
MIZORAM,2002,Infertility,0,0,0,0,0,0,0,0,0,0,0,0,0,0,0,0,0,0
MIZORAM,2002,Illness (Aids/STD),0,0,0,0,0,0,0,0,0,0,0,0,0,0,0,0,0,0
MIZORAM,2002,Cancer,0,0,0,0,0,0,0,0,0,0,0,0,0,0,0,0,0,0
MIZORAM,2002,Paralysis,0,0,0,0,0,0,0,0,0,0,0,0,0,0,0,0,0,0
MIZORAM,2002,Insanity/Mental Illness,0,0,0,0,0,0,0,0,0,0,0,0,0,0,0,0,0,0
MIZORAM,2002,Other Prolonged Illness,0,0,0,0,0,0,0,0,0,0,0,0,0,0,0,0,0,0
MIZORAM,2002,Death of Dear Person,0,0,0,0,0,0,0,0,0,0,0,0,0,0,0,0,0,0
MIZORAM,2002,Dowry Dispute,0,0,0,0,0,0,0,0,0,0,0,0,0,0,0,0,0,0
MIZORAM,2002,Divorce,0,0,0,0,0,0,0,0,0,0,0,0,0,0,0,0,0,0
MIZORAM,2002,Drug Abuse/Addiction,0,4,0,0,0,4,0,0,0,0,0,0,4,0,4,0,0,0
MIZORAM,2002,Failure in Examination,0,0,0,0,0,0,0,0,0,0,0,0,0,0,0,0,0,0
MIZORAM,2002,Fall in Social Reputation,0,0,0,0,0,0,0,0,0,0,0,0,0,0,0,0,0,0
MIZORAM,2002,Family Problems,0,0,0,0,0,0,0,0,0,0,0,0,0,0,0,0,0,0
MIZORAM,2002,Ideological Causes/Hero Worshipping,0,0,0,0,0,0,0,0,0,0,0,0,0,0,0,0,0,0
MIZORAM,2002,Illegitimate Pregnancy,0,0,0,0,0,0,0,0,0,0,0,0,0,0,0,0,0,0
MIZORAM,2002,Love Affairs,0,0,0,0,0,0,0,0,0,0,0,0,0,0,0,0,0,0
MIZORAM,2002,"Physical Abuse (Rape,Incest Etc.)",0,0,0,0,0,0,0,0,0,0,0,0,0,0,0,0,0,0
MIZORAM,2002,Poverty,0,0,0,0,0,0,0,0,0,0,0,0,0,0,0,0,0,0
MIZORAM,2002,Professional/Career Problem,0,0,0,0,0,0,0,0,0,0,0,0,0,0,0,0,0,0
MIZORAM,2002,Property Dispute,0,0,0,0,0,0,0,0,0,0,0,0,0,0,0,0,0,0
MIZORAM,2002,Unemployment,0,0,0,0,0,0,0,0,0,0,0,0,0,0,0,0,0,0
MIZORAM,2002,Causes Not known,0,23,19,8,2,52,0,5,2,3,0,10,62,0,28,21,11,2
MIZORAM,2002,Other Causes,0,0,0,0,0,0,0,0,0,0,0,0,0,0,0,0,0,0
MIZORAM,2002,Total,0,27,19,8,2,56,0,5,2,3,0,10,66,0,32,21,11,2
MIZORAM,2002,Total Illness,0,0,0,0,0,0,0,0,0,0,0,0,0,0,0,0,0,0
MIZORAM,2003,Bankruptcy,0,1,1,2,0,4,0,0,0,0,0,0,4,0,1,1,2,0
MIZORAM,2003,Suspected/Illicit Relation,0,0,0,0,0,0,0,0,0,0,0,0,0,0,0,0,0,0
MIZORAM,2003,Cancellation/Non-Settlement of Marriage,0,0,0,0,0,0,0,0,0,0,0,0,0,0,0,0,0,0
MIZORAM,2003,Infertility,0,0,0,0,0,0,0,0,0,0,0,0,0,0,0,0,0,0
MIZORAM,2003,Illness (Aids/STD),0,0,0,0,0,0,0,0,0,0,0,0,0,0,0,0,0,0
MIZORAM,2003,Cancer,0,0,0,0,0,0,0,0,0,0,0,0,0,0,0,0,0,0
MIZORAM,2003,Paralysis,0,0,0,0,0,0,0,0,0,0,0,0,0,0,0,0,0,0
MIZORAM,2003,Insanity/Mental Illness,0,0,0,0,0,0,0,0,0,0,0,0,0,0,0,0,0,0
MIZORAM,2003,Other Prolonged Illness,0,0,0,0,0,0,0,0,0,0,0,0,0,0,0,0,0,0
MIZORAM,2003,Death of Dear Person,0,0,0,0,0,0,0,0,0,0,0,0,0,0,0,0,0,0
MIZORAM,2003,Dowry Dispute,0,0,0,0,0,0,0,0,0,0,0,0,0,0,0,0,0,0
MIZORAM,2003,Divorce,0,0,0,0,0,0,0,0,0,0,0,0,0,0,0,0,0,0
MIZORAM,2003,Drug Abuse/Addiction,0,0,0,0,0,0,0,1,0,0,0,1,1,0,1,0,0,0
MIZORAM,2003,Failure in Examination,0,0,0,0,0,0,0,0,0,0,0,0,0,0,0,0,0,0
MIZORAM,2003,Fall in Social Reputation,0,0,0,0,0,0,0,0,0,0,0,0,0,0,0,0,0,0
MIZORAM,2003,Family Problems,0,0,1,0,0,1,0,0,0,0,0,0,1,0,0,1,0,0
MIZORAM,2003,Ideological Causes/Hero Worshipping,0,0,0,0,0,0,0,0,0,0,0,0,0,0,0,0,0,0
MIZORAM,2003,Illegitimate Pregnancy,0,0,0,0,0,0,0,0,0,0,0,0,0,0,0,0,0,0
MIZORAM,2003,Love Affairs,0,0,0,0,0,0,0,0,0,0,0,0,0,0,0,0,0,0
MIZORAM,2003,"Physical Abuse (Rape,Incest Etc.)",0,0,0,0,0,0,0,0,0,0,0,0,0,0,0,0,0,0
MIZORAM,2003,Poverty,0,0,0,0,0,0,0,0,0,0,0,0,0,0,0,0,0,0
MIZORAM,2003,Professional/Career Problem,0,0,0,0,0,0,0,0,0,0,0,0,0,0,0,0,0,0
MIZORAM,2003,Property Dispute,0,0,0,0,0,0,0,0,0,0,0,0,0,0,0,0,0,0
MIZORAM,2003,Unemployment,0,0,0,0,0,0,0,0,0,0,0,0,0,0,0,0,0,0
MIZORAM,2003,Causes Not known,1,16,14,3,0,34,0,2,7,1,0,10,44,1,18,21,4,0
MIZORAM,2003,Other Causes,0,1,0,1,0,2,0,0,0,0,0,0,2,0,1,0,1,0
MIZORAM,2003,Total,1,18,16,6,0,41,0,3,7,1,0,11,52,1,21,23,7,0
MIZORAM,2003,Total Illness,0,0,0,0,0,0,0,0,0,0,0,0,0,0,0,0,0,0
MIZORAM,2004,Bankruptcy,0,0,0,0,0,0,0,0,0,0,0,0,0,0,0,0,0,0
MIZORAM,2004,Suspected/Illicit Relation,0,0,0,0,0,0,0,0,0,0,0,0,0,0,0,0,0,0
MIZORAM,2004,Cancellation/Non-Settlement of Marriage,0,0,0,0,0,0,0,0,0,0,0,0,0,0,0,0,0,0
MIZORAM,2004,Infertility,0,0,0,0,0,0,0,0,0,0,0,0,0,0,0,0,0,0
MIZORAM,2004,Illness (Aids/STD),0,0,0,0,0,0,0,0,0,0,0,0,0,0,0,0,0,0
MIZORAM,2004,Cancer,0,0,0,0,0,0,0,0,0,0,0,0,0,0,0,0,0,0
MIZORAM,2004,Paralysis,0,0,0,0,0,0,0,0,0,0,0,0,0,0,0,0,0,0
MIZORAM,2004,Insanity/Mental Illness,0,0,0,0,0,0,0,0,0,0,0,0,0,0,0,0,0,0
MIZORAM,2004,Other Prolonged Illness,0,0,0,0,0,0,0,0,0,0,0,0,0,0,0,0,0,0
MIZORAM,2004,Death of Dear Person,0,0,0,0,0,0,0,0,0,0,0,0,0,0,0,0,0,0
MIZORAM,2004,Dowry Dispute,0,0,0,0,0,0,0,0,0,0,0,0,0,0,0,0,0,0
MIZORAM,2004,Divorce,0,0,0,0,0,0,0,0,0,0,0,0,0,0,0,0,0,0
MIZORAM,2004,Drug Abuse/Addiction,0,8,0,0,0,8,0,2,0,0,0,2,10,0,10,0,0,0
MIZORAM,2004,Failure in Examination,0,0,0,0,0,0,0,0,0,0,0,0,0,0,0,0,0,0
MIZORAM,2004,Fall in Social Reputation,0,0,0,0,0,0,0,0,0,0,0,0,0,0,0,0,0,0
MIZORAM,2004,Family Problems,0,0,0,0,0,0,0,0,0,0,0,0,0,0,0,0,0,0
MIZORAM,2004,Ideological Causes/Hero Worshipping,0,0,0,0,0,0,0,0,0,0,0,0,0,0,0,0,0,0
MIZORAM,2004,Illegitimate Pregnancy,0,0,0,0,0,0,0,0,0,0,0,0,0,0,0,0,0,0
MIZORAM,2004,Love Affairs,0,0,0,0,0,0,0,0,0,0,0,0,0,0,0,0,0,0
MIZORAM,2004,"Physical Abuse (Rape,Incest Etc.)",0,0,0,0,0,0,0,0,0,0,0,0,0,0,0,0,0,0
MIZORAM,2004,Poverty,0,0,0,0,0,0,0,0,0,0,0,0,0,0,0,0,0,0
MIZORAM,2004,Professional/Career Problem,0,0,0,0,0,0,0,0,0,0,0,0,0,0,0,0,0,0
MIZORAM,2004,Property Dispute,0,0,0,0,0,0,0,0,0,0,0,0,0,0,0,0,0,0
MIZORAM,2004,Unemployment,0,0,0,0,0,0,0,0,0,0,0,0,0,0,0,0,0,0
MIZORAM,2004,Causes Not known,0,21,17,7,0,45,0,4,1,0,0,5,50,0,25,18,7,0
MIZORAM,2004,Other Causes,0,0,0,0,0,0,0,0,0,0,0,0,0,0,0,0,0,0
MIZORAM,2004,Total,0,29,17,7,0,53,0,6,1,0,0,7,60,0,35,18,7,0
MIZORAM,2004,Total Illness,0,0,0,0,0,0,0,0,0,0,0,0,0,0,0,0,0,0
MIZORAM,2005,Bankruptcy,0,0,0,0,0,0,0,0,0,0,0,0,0,0,0,0,0,0
MIZORAM,2005,Suspected/Illicit Relation,0,0,0,0,0,0,0,0,0,0,0,0,0,0,0,0,0,0
MIZORAM,2005,Cancellation/Non-Settlement of Marriage,0,0,0,0,0,0,0,0,0,0,0,0,0,0,0,0,0,0
MIZORAM,2005,Infertility,0,0,0,0,0,0,0,0,0,0,0,0,0,0,0,0,0,0
MIZORAM,2005,Illness (Aids/STD),0,0,0,0,0,0,0,0,0,0,0,0,0,0,0,0,0,0
MIZORAM,2005,Cancer,0,0,0,0,0,0,0,0,0,0,0,0,0,0,0,0,0,0
MIZORAM,2005,Paralysis,0,0,0,0,0,0,0,0,0,0,0,0,0,0,0,0,0,0
MIZORAM,2005,Insanity/Mental Illness,0,0,0,0,0,0,0,0,0,0,0,0,0,0,0,0,0,0
MIZORAM,2005,Other Prolonged Illness,0,0,0,0,0,0,0,0,0,0,0,0,0,0,0,0,0,0
MIZORAM,2005,Death of Dear Person,0,0,0,0,0,0,0,0,0,0,0,0,0,0,0,0,0,0
MIZORAM,2005,Dowry Dispute,0,0,0,0,0,0,0,0,0,0,0,0,0,0,0,0,0,0
MIZORAM,2005,Divorce,0,0,1,0,0,1,0,0,0,0,0,0,1,0,0,1,0,0
MIZORAM,2005,Drug Abuse/Addiction,0,3,0,0,0,3,0,0,0,0,0,0,3,0,3,0,0,0
MIZORAM,2005,Failure in Examination,0,0,0,0,0,0,0,0,0,0,0,0,0,0,0,0,0,0
MIZORAM,2005,Fall in Social Reputation,0,0,0,0,0,0,0,0,0,0,0,0,0,0,0,0,0,0
MIZORAM,2005,Family Problems,0,0,0,0,0,0,0,0,0,0,0,0,0,0,0,0,0,0
MIZORAM,2005,Ideological Causes/Hero Worshipping,0,0,0,0,0,0,0,0,0,0,0,0,0,0,0,0,0,0
MIZORAM,2005,Illegitimate Pregnancy,0,0,0,0,0,0,0,0,0,0,0,0,0,0,0,0,0,0
MIZORAM,2005,Love Affairs,0,0,0,0,0,0,0,0,0,0,0,0,0,0,0,0,0,0
MIZORAM,2005,"Physical Abuse (Rape,Incest Etc.)",0,0,0,0,0,0,0,0,0,0,0,0,0,0,0,0,0,0
MIZORAM,2005,Poverty,0,0,0,0,0,0,0,0,0,0,0,0,0,0,0,0,0,0
MIZORAM,2005,Professional/Career Problem,0,0,0,0,0,0,0,0,0,0,0,0,0,0,0,0,0,0
MIZORAM,2005,Property Dispute,0,0,0,0,0,0,0,0,0,0,0,0,0,0,0,0,0,0
MIZORAM,2005,Unemployment,0,0,0,0,0,0,0,0,0,0,0,0,0,0,0,0,0,0
MIZORAM,2005,Causes Not known,0,7,5,0,0,12,0,1,1,0,0,2,14,0,8,6,0,0
MIZORAM,2005,Other Causes,2,9,14,4,2,31,0,2,3,1,0,6,37,2,11,17,5,2
MIZORAM,2005,Total,2,19,20,4,2,47,0,3,4,1,0,8,55,2,22,24,5,2
MIZORAM,2005,Total Illness,0,0,0,0,0,0,0,0,0,0,0,0,0,0,0,0,0,0
MIZORAM,2006,Bankruptcy,0,0,0,0,0,0,0,0,0,0,0,0,0,0,0,0,0,0
MIZORAM,2006,Suspected/Illicit Relation,0,0,0,0,0,0,0,0,0,0,0,0,0,0,0,0,0,0
MIZORAM,2006,Cancellation/Non-Settlement of Marriage,0,0,0,0,0,0,0,0,0,0,0,0,0,0,0,0,0,0
MIZORAM,2006,Infertility,0,0,0,0,0,0,0,0,0,0,0,0,0,0,0,0,0,0
MIZORAM,2006,Illness (Aids/STD),0,0,0,0,0,0,0,0,0,0,0,0,0,0,0,0,0,0
MIZORAM,2006,Cancer,0,0,0,0,0,0,0,0,0,0,0,0,0,0,0,0,0,0
MIZORAM,2006,Paralysis,0,0,0,0,0,0,0,0,0,0,0,0,0,0,0,0,0,0
MIZORAM,2006,Insanity/Mental Illness,0,0,1,0,0,1,0,0,0,0,0,0,1,0,0,1,0,0
MIZORAM,2006,Other Prolonged Illness,0,0,0,0,0,0,0,0,0,0,0,0,0,0,0,0,0,0
MIZORAM,2006,Death of Dear Person,0,0,0,0,0,0,0,0,0,1,0,1,1,0,0,0,1,0
MIZORAM,2006,Dowry Dispute,0,0,0,0,0,0,0,0,0,0,0,0,0,0,0,0,0,0
MIZORAM,2006,Divorce,0,0,0,0,0,0,0,0,0,0,0,0,0,0,0,0,0,0
MIZORAM,2006,Drug Abuse/Addiction,0,5,1,0,0,6,0,0,0,0,0,0,6,0,5,1,0,0
MIZORAM,2006,Failure in Examination,0,0,0,0,0,0,0,0,0,0,0,0,0,0,0,0,0,0
MIZORAM,2006,Fall in Social Reputation,0,0,0,0,0,0,0,0,0,0,0,0,0,0,0,0,0,0
MIZORAM,2006,Family Problems,0,3,3,2,1,9,0,1,0,1,0,2,11,0,4,3,3,1
MIZORAM,2006,Ideological Causes/Hero Worshipping,0,0,0,0,0,0,0,0,0,0,0,0,0,0,0,0,0,0
MIZORAM,2006,Illegitimate Pregnancy,0,0,0,0,0,0,0,0,0,0,0,0,0,0,0,0,0,0
MIZORAM,2006,Love Affairs,0,0,0,0,0,0,0,1,0,0,0,1,1,0,1,0,0,0
MIZORAM,2006,"Physical Abuse (Rape,Incest Etc.)",0,0,0,0,0,0,0,0,0,0,0,0,0,0,0,0,0,0
MIZORAM,2006,Poverty,0,1,1,0,1,3,0,0,0,0,0,0,3,0,1,1,0,1
MIZORAM,2006,Professional/Career Problem,0,1,0,0,0,1,0,0,0,0,0,0,1,0,1,0,0,0
MIZORAM,2006,Property Dispute,0,0,0,0,0,0,0,0,0,0,0,0,0,0,0,0,0,0
MIZORAM,2006,Unemployment,0,0,0,0,0,0,0,0,0,0,0,0,0,0,0,0,0,0
MIZORAM,2006,Causes Not known,0,7,3,0,2,12,0,1,0,1,0,2,14,0,8,3,1,2
MIZORAM,2006,Other Causes,0,14,13,1,0,28,0,2,2,0,0,4,32,0,16,15,1,0
MIZORAM,2006,Total,0,31,22,3,4,60,0,5,2,3,0,10,70,0,36,24,6,4
MIZORAM,2006,Total Illness,0,0,1,0,0,1,0,0,0,0,0,0,1,0,0,1,0,0
MIZORAM,2007,Bankruptcy,0,0,0,0,0,0,0,0,0,0,0,0,0,0,0,0,0,0
MIZORAM,2007,Suspected/Illicit Relation,0,0,0,0,0,0,0,0,0,0,0,0,0,0,0,0,0,0
MIZORAM,2007,Cancellation/Non-Settlement of Marriage,0,0,0,0,0,0,0,0,0,0,0,0,0,0,0,0,0,0
MIZORAM,2007,Infertility,0,0,0,0,0,0,0,0,0,0,0,0,0,0,0,0,0,0
MIZORAM,2007,Illness (Aids/STD),0,0,0,0,0,0,0,0,0,0,0,0,0,0,0,0,0,0
MIZORAM,2007,Cancer,0,0,0,0,0,0,0,0,0,0,0,0,0,0,0,0,0,0
MIZORAM,2007,Paralysis,0,0,0,0,0,0,0,0,0,0,0,0,0,0,0,0,0,0
MIZORAM,2007,Insanity/Mental Illness,0,0,0,0,0,0,0,0,0,0,0,0,0,0,0,0,0,0
MIZORAM,2007,Other Prolonged Illness,0,0,0,0,0,0,0,0,0,0,0,0,0,0,0,0,0,0
MIZORAM,2007,Death of Dear Person,0,0,0,0,0,0,0,0,0,0,0,0,0,0,0,0,0,0
MIZORAM,2007,Dowry Dispute,0,0,0,0,0,0,0,0,0,0,0,0,0,0,0,0,0,0
MIZORAM,2007,Divorce,0,0,0,0,0,0,0,0,0,0,0,0,0,0,0,0,0,0
MIZORAM,2007,Drug Abuse/Addiction,0,0,0,0,0,0,0,0,0,0,0,0,0,0,0,0,0,0
MIZORAM,2007,Failure in Examination,0,0,0,0,0,0,0,0,0,0,0,0,0,0,0,0,0,0
MIZORAM,2007,Fall in Social Reputation,0,0,2,1,2,5,0,0,0,2,0,2,7,0,0,2,3,2
MIZORAM,2007,Family Problems,0,0,0,0,0,0,0,0,0,0,0,0,0,0,0,0,0,0
MIZORAM,2007,Ideological Causes/Hero Worshipping,0,0,0,0,0,0,0,0,0,0,0,0,0,0,0,0,0,0
MIZORAM,2007,Illegitimate Pregnancy,0,0,0,0,0,0,0,0,0,0,0,0,0,0,0,0,0,0
MIZORAM,2007,Love Affairs,0,0,1,0,0,1,0,0,0,0,0,0,1,0,0,1,0,0
MIZORAM,2007,"Physical Abuse (Rape,Incest Etc.)",0,0,0,0,0,0,0,0,0,0,0,0,0,0,0,0,0,0
MIZORAM,2007,Poverty,0,0,0,0,0,0,0,0,0,0,0,0,0,0,0,0,0,0
MIZORAM,2007,Professional/Career Problem,0,0,0,0,0,0,0,0,0,0,0,0,0,0,0,0,0,0
MIZORAM,2007,Property Dispute,0,0,0,0,0,0,0,0,0,0,0,0,0,0,0,0,0,0
MIZORAM,2007,Unemployment,0,0,0,0,0,0,0,0,0,0,0,0,0,0,0,0,0,0
MIZORAM,2007,Causes Not known,1,9,5,1,0,16,0,1,3,0,0,4,20,1,10,8,1,0
MIZORAM,2007,Other Causes,0,0,0,0,0,0,0,0,0,0,0,0,0,0,0,0,0,0
MIZORAM,2007,Total,1,9,8,2,2,22,0,1,3,2,0,6,28,1,10,11,4,2
MIZORAM,2007,Total Illness,0,0,0,0,0,0,0,0,0,0,0,0,0,0,0,0,0,0
MIZORAM,2008,Bankruptcy,0,0,0,0,0,0,0,0,0,0,0,0,0,0,0,0,0,0
MIZORAM,2008,Suspected/Illicit Relation,0,0,0,0,0,0,0,0,0,0,0,0,0,0,0,0,0,0
MIZORAM,2008,Cancellation/Non-Settlement of Marriage,0,0,0,0,0,0,0,0,0,0,0,0,0,0,0,0,0,0
MIZORAM,2008,Infertility,0,0,0,0,0,0,0,0,0,0,0,0,0,0,0,0,0,0
MIZORAM,2008,Illness (Aids/STD),0,0,0,0,0,0,0,0,0,0,0,0,0,0,0,0,0,0
MIZORAM,2008,Cancer,0,0,0,0,0,0,0,0,0,0,0,0,0,0,0,0,0,0
MIZORAM,2008,Paralysis,0,0,0,0,0,0,0,0,0,0,0,0,0,0,0,0,0,0
MIZORAM,2008,Insanity/Mental Illness,0,0,0,0,0,0,0,0,0,0,0,0,0,0,0,0,0,0
MIZORAM,2008,Other Prolonged Illness,0,0,0,0,0,0,0,0,0,0,0,0,0,0,0,0,0,0
MIZORAM,2008,Death of Dear Person,0,0,0,0,0,0,0,0,0,0,0,0,0,0,0,0,0,0
MIZORAM,2008,Dowry Dispute,0,0,0,0,0,0,0,0,0,0,0,0,0,0,0,0,0,0
MIZORAM,2008,Divorce,0,0,0,0,0,0,0,0,0,0,0,0,0,0,0,0,0,0
MIZORAM,2008,Drug Abuse/Addiction,0,2,4,0,0,6,0,0,1,0,0,1,7,0,2,5,0,0
MIZORAM,2008,Failure in Examination,0,0,0,0,0,0,0,0,0,0,0,0,0,0,0,0,0,0
MIZORAM,2008,Fall in Social Reputation,0,0,0,0,0,0,0,0,0,0,0,0,0,0,0,0,0,0
MIZORAM,2008,Family Problems,0,1,0,0,0,1,0,0,0,0,0,0,1,0,1,0,0,0
MIZORAM,2008,Ideological Causes/Hero Worshipping,0,0,0,0,0,0,0,0,0,0,0,0,0,0,0,0,0,0
MIZORAM,2008,Illegitimate Pregnancy,0,0,0,0,0,0,0,0,0,0,0,0,0,0,0,0,0,0
MIZORAM,2008,Love Affairs,0,0,0,0,0,0,0,0,0,0,0,0,0,0,0,0,0,0
MIZORAM,2008,"Physical Abuse (Rape,Incest Etc.)",0,0,0,0,0,0,0,0,0,0,0,0,0,0,0,0,0,0
MIZORAM,2008,Poverty,0,0,0,0,0,0,0,0,0,0,0,0,0,0,0,0,0,0
MIZORAM,2008,Professional/Career Problem,0,0,0,0,0,0,0,0,0,0,0,0,0,0,0,0,0,0
MIZORAM,2008,Property Dispute,0,0,0,0,0,0,0,0,0,0,0,0,0,0,0,0,0,0
MIZORAM,2008,Unemployment,0,0,0,0,0,0,0,0,0,0,0,0,0,0,0,0,0,0
MIZORAM,2008,Causes Not known,0,7,9,7,0,23,0,2,2,1,0,5,28,0,9,11,8,0
MIZORAM,2008,Other Causes,0,2,3,0,0,5,0,0,0,0,0,0,5,0,2,3,0,0
MIZORAM,2008,Total,0,12,16,7,0,35,0,2,3,1,0,6,41,0,14,19,8,0
MIZORAM,2008,Total Illness,0,0,0,0,0,0,0,0,0,0,0,0,0,0,0,0,0,0
MIZORAM,2009,Bankruptcy,0,0,0,0,0,0,0,0,0,0,0,0,0,0,0,0,0,0
MIZORAM,2009,Suspected/Illicit Relation,0,0,0,0,0,0,0,0,0,0,0,0,0,0,0,0,0,0
MIZORAM,2009,Cancellation/Non-Settlement of Marriage,0,0,0,0,0,0,0,0,0,0,0,0,0,0,0,0,0,0
MIZORAM,2009,Infertility,0,0,0,0,0,0,0,0,0,0,0,0,0,0,0,0,0,0
MIZORAM,2009,Illness (Aids/STD),0,0,0,0,0,0,0,0,0,0,0,0,0,0,0,0,0,0
MIZORAM,2009,Cancer,0,0,0,0,0,0,0,0,0,0,0,0,0,0,0,0,0,0
MIZORAM,2009,Paralysis,0,0,0,0,0,0,0,0,0,0,0,0,0,0,0,0,0,0
MIZORAM,2009,Insanity/Mental Illness,0,0,0,0,0,0,0,0,0,0,0,0,0,0,0,0,0,0
MIZORAM,2009,Other Prolonged Illness,0,0,0,0,0,0,0,0,0,0,0,0,0,0,0,0,0,0
MIZORAM,2009,Death of Dear Person,0,0,0,0,0,0,0,0,0,0,0,0,0,0,0,0,0,0
MIZORAM,2009,Dowry Dispute,0,0,0,0,0,0,0,0,0,0,0,0,0,0,0,0,0,0
MIZORAM,2009,Divorce,0,0,0,0,0,0,0,0,0,0,0,0,0,0,0,0,0,0
MIZORAM,2009,Drug Abuse/Addiction,1,2,0,0,0,3,0,0,0,0,0,0,3,1,2,0,0,0
MIZORAM,2009,Failure in Examination,0,0,0,0,0,0,0,0,0,0,0,0,0,0,0,0,0,0
MIZORAM,2009,Fall in Social Reputation,0,0,0,0,0,0,0,0,0,0,0,0,0,0,0,0,0,0
MIZORAM,2009,Family Problems,0,0,0,0,0,0,0,0,0,0,0,0,0,0,0,0,0,0
MIZORAM,2009,Ideological Causes/Hero Worshipping,0,0,0,0,0,0,0,0,0,0,0,0,0,0,0,0,0,0
MIZORAM,2009,Illegitimate Pregnancy,0,0,0,0,0,0,0,0,0,0,0,0,0,0,0,0,0,0
MIZORAM,2009,Love Affairs,0,0,0,0,0,0,0,0,0,0,0,0,0,0,0,0,0,0
MIZORAM,2009,"Physical Abuse (Rape,Incest Etc.)",0,0,0,0,0,0,0,0,0,0,0,0,0,0,0,0,0,0
MIZORAM,2009,Poverty,0,0,0,0,0,0,0,0,0,0,0,0,0,0,0,0,0,0
MIZORAM,2009,Professional/Career Problem,0,0,0,0,0,0,0,0,0,0,0,0,0,0,0,0,0,0
MIZORAM,2009,Property Dispute,0,0,0,0,0,0,0,0,0,0,0,0,0,0,0,0,0,0
MIZORAM,2009,Unemployment,0,0,0,0,0,0,0,0,0,0,0,0,0,0,0,0,0,0
MIZORAM,2009,Causes Not known,0,7,6,1,0,14,0,1,0,1,0,2,16,0,8,6,2,0
MIZORAM,2009,Other Causes,0,22,19,3,1,45,0,2,2,1,0,5,50,0,24,21,4,1
MIZORAM,2009,Total,1,31,25,4,1,62,0,3,2,2,0,7,69,1,34,27,6,1
MIZORAM,2009,Total Illness,0,0,0,0,0,0,0,0,0,0,0,0,0,0,0,0,0,0
MIZORAM,2010,Bankruptcy,0,0,0,0,0,0,0,0,0,0,0,0,0,0,0,0,0,0
MIZORAM,2010,Suspected/Illicit Relation,0,0,0,0,0,0,0,0,0,0,0,0,0,0,0,0,0,0
MIZORAM,2010,Cancellation/Non-Settlement of Marriage,0,0,0,0,0,0,0,0,0,0,0,0,0,0,0,0,0,0
MIZORAM,2010,Infertility,0,0,0,0,0,0,0,0,0,0,0,0,0,0,0,0,0,0
MIZORAM,2010,Illness (Aids/STD),0,0,0,0,0,0,0,0,0,0,0,0,0,0,0,0,0,0
MIZORAM,2010,Cancer,0,0,0,0,0,0,0,0,0,0,0,0,0,0,0,0,0,0
MIZORAM,2010,Paralysis,0,0,0,0,0,0,0,0,0,0,0,0,0,0,0,0,0,0
MIZORAM,2010,Insanity/Mental Illness,0,0,0,0,0,0,0,0,0,0,0,0,0,0,0,0,0,0
MIZORAM,2010,Other Prolonged Illness,0,0,0,0,0,0,0,0,0,0,0,0,0,0,0,0,0,0
MIZORAM,2010,Death of Dear Person,0,0,0,0,0,0,0,0,0,0,0,0,0,0,0,0,0,0
MIZORAM,2010,Dowry Dispute,0,0,0,0,0,0,0,0,0,0,0,0,0,0,0,0,0,0
MIZORAM,2010,Divorce,0,0,1,0,0,1,0,0,0,0,0,0,1,0,0,1,0,0
MIZORAM,2010,Drug Abuse/Addiction,0,5,1,0,0,6,0,0,0,0,0,0,6,0,5,1,0,0
MIZORAM,2010,Failure in Examination,0,0,0,0,0,0,0,0,0,0,0,0,0,0,0,0,0,0
MIZORAM,2010,Fall in Social Reputation,0,0,0,0,0,0,0,0,0,0,0,0,0,0,0,0,0,0
MIZORAM,2010,Family Problems,0,1,0,0,1,2,0,0,0,0,0,0,2,0,1,0,0,1
MIZORAM,2010,Ideological Causes/Hero Worshipping,0,0,0,0,0,0,0,0,0,0,0,0,0,0,0,0,0,0
MIZORAM,2010,Illegitimate Pregnancy,0,0,0,0,0,0,0,0,0,0,0,0,0,0,0,0,0,0
MIZORAM,2010,Love Affairs,0,1,0,0,0,1,0,3,0,0,0,3,4,0,4,0,0,0
MIZORAM,2010,"Physical Abuse (Rape,Incest Etc.)",0,0,0,0,0,0,0,0,0,0,0,0,0,0,0,0,0,0
MIZORAM,2010,Poverty,0,0,0,0,0,0,0,0,0,0,0,0,0,0,0,0,0,0
MIZORAM,2010,Professional/Career Problem,0,0,0,0,0,0,0,0,0,0,0,0,0,0,0,0,0,0
MIZORAM,2010,Property Dispute,0,0,0,0,0,0,0,0,0,0,0,0,0,0,0,0,0,0
MIZORAM,2010,Unemployment,0,0,0,0,0,0,0,0,0,0,0,0,0,0,0,0,0,0
MIZORAM,2010,Causes Not known,3,22,21,6,1,53,0,3,0,0,0,3,56,3,25,21,6,1
MIZORAM,2010,Other Causes,1,1,2,0,0,4,0,2,1,0,0,3,7,1,3,3,0,0
MIZORAM,2010,Total,4,30,25,6,2,67,0,8,1,0,0,9,76,4,38,26,6,2
MIZORAM,2010,Total Illness,0,0,0,0,0,0,0,0,0,0,0,0,0,0,0,0,0,0
MIZORAM,2011,Bankruptcy,0,0,0,0,0,0,0,0,0,0,0,0,0,0,0,0,0,0
MIZORAM,2011,Suspected/Illicit Relation,0,0,0,0,0,0,0,0,0,0,0,0,0,0,0,0,0,0
MIZORAM,2011,Cancellation/Non-Settlement of Marriage,0,0,0,0,0,0,0,0,0,0,0,0,0,0,0,0,0,0
MIZORAM,2011,Infertility,0,0,0,0,0,0,0,0,0,0,0,0,0,0,0,0,0,0
MIZORAM,2011,Illness (Aids/STD),0,10,0,0,0,10,0,0,0,0,0,0,10,0,10,0,0,0
MIZORAM,2011,Cancer,0,0,0,0,0,0,0,0,0,0,0,0,0,0,0,0,0,0
MIZORAM,2011,Paralysis,0,0,0,0,0,0,0,0,0,0,0,0,0,0,0,0,0,0
MIZORAM,2011,Insanity/Mental Illness,0,0,0,0,0,0,0,0,0,0,0,0,0,0,0,0,0,0
MIZORAM,2011,Other Prolonged Illness,0,0,0,0,1,1,0,0,0,0,0,0,1,0,0,0,0,1
MIZORAM,2011,Death of Dear Person,0,0,2,0,0,2,0,0,0,0,0,0,2,0,0,2,0,0
MIZORAM,2011,Dowry Dispute,0,0,0,0,0,0,0,0,0,0,0,0,0,0,0,0,0,0
MIZORAM,2011,Divorce,0,3,4,0,0,7,0,0,0,1,0,1,8,0,3,4,1,0
MIZORAM,2011,Drug Abuse/Addiction,0,5,0,0,0,5,0,0,0,0,0,0,5,0,5,0,0,0
MIZORAM,2011,Failure in Examination,0,0,0,0,0,0,0,0,0,0,0,0,0,0,0,0,0,0
MIZORAM,2011,Fall in Social Reputation,0,0,0,0,0,0,0,0,0,0,0,0,0,0,0,0,0,0
MIZORAM,2011,Family Problems,1,0,5,0,0,6,0,0,0,0,0,0,6,1,0,5,0,0
MIZORAM,2011,Ideological Causes/Hero Worshipping,0,0,0,0,0,0,0,0,0,0,0,0,0,0,0,0,0,0
MIZORAM,2011,Illegitimate Pregnancy,0,0,0,0,0,0,0,2,0,0,0,2,2,0,2,0,0,0
MIZORAM,2011,Love Affairs,0,0,0,0,0,0,0,0,0,0,0,0,0,0,0,0,0,0
MIZORAM,2011,"Physical Abuse (Rape,Incest Etc.)",0,0,0,0,0,0,0,0,0,0,0,0,0,0,0,0,0,0
MIZORAM,2011,Poverty,0,0,0,1,0,1,0,0,0,0,0,0,1,0,0,0,1,0
MIZORAM,2011,Professional/Career Problem,0,0,0,0,0,0,0,0,0,0,0,0,0,0,0,0,0,0
MIZORAM,2011,Property Dispute,0,0,0,0,0,0,0,0,0,0,0,0,0,0,0,0,0,0
MIZORAM,2011,Unemployment,0,0,0,0,0,0,0,0,0,0,0,0,0,0,0,0,0,0
MIZORAM,2011,Causes Not known,1,16,17,5,1,40,0,3,5,1,0,9,49,1,19,22,6,1
MIZORAM,2011,Other Causes,0,3,1,1,0,5,0,0,1,0,0,1,6,0,3,2,1,0
MIZORAM,2011,Total,2,37,29,7,2,77,0,5,6,2,0,13,90,2,42,35,9,2
MIZORAM,2011,Total Illness,0,10,0,0,1,11,0,0,0,0,0,0,11,0,10,0,0,1
MIZORAM,2012,Bankruptcy,0,0,0,0,0,0,0,0,0,0,0,0,0,0,0,0,0,0
MIZORAM,2012,Suspected/Illicit Relation,0,0,0,0,0,0,0,0,0,0,0,0,0,0,0,0,0,0
MIZORAM,2012,Cancellation/Non-Settlement of Marriage,0,0,0,0,0,0,0,0,0,0,0,0,0,0,0,0,0,0
MIZORAM,2012,Infertility,0,0,0,0,0,0,0,0,0,0,0,0,0,0,0,0,0,0
MIZORAM,2012,Illness (Aids/STD),0,0,0,0,0,0,0,0,0,0,0,0,0,0,0,0,0,0
MIZORAM,2012,Cancer,0,0,0,0,0,0,0,0,0,0,0,0,0,0,0,0,0,0
MIZORAM,2012,Paralysis,0,0,0,0,0,0,0,0,0,0,0,0,0,0,0,0,0,0
MIZORAM,2012,Insanity/Mental Illness,0,0,0,0,0,0,0,0,0,0,0,0,0,0,0,0,0,0
MIZORAM,2012,Other Prolonged Illness,0,0,0,0,0,0,0,0,0,0,0,0,0,0,0,0,0,0
MIZORAM,2012,Death of Dear Person,0,0,0,0,0,0,0,0,0,0,0,0,0,0,0,0,0,0
MIZORAM,2012,Dowry Dispute,0,0,0,0,0,0,0,0,0,0,0,0,0,0,0,0,0,0
MIZORAM,2012,Divorce,0,0,0,0,0,0,0,0,0,0,0,0,0,0,0,0,0,0
MIZORAM,2012,Drug Abuse/Addiction,1,27,23,3,3,57,2,2,0,0,0,4,61,3,29,23,3,3
MIZORAM,2012,Failure in Examination,0,0,0,0,0,0,0,0,0,0,0,0,0,0,0,0,0,0
MIZORAM,2012,Fall in Social Reputation,0,0,0,0,0,0,0,0,0,0,0,0,0,0,0,0,0,0
MIZORAM,2012,Family Problems,0,3,1,1,0,5,0,0,0,0,0,0,5,0,3,1,1,0
MIZORAM,2012,Ideological Causes/Hero Worshipping,0,0,0,0,0,0,0,0,0,0,0,0,0,0,0,0,0,0
MIZORAM,2012,Illegitimate Pregnancy,0,0,0,0,0,0,0,0,0,3,0,3,3,0,0,0,3,0
MIZORAM,2012,Love Affairs,0,0,0,0,0,0,0,0,0,0,0,0,0,0,0,0,0,0
MIZORAM,2012,"Physical Abuse (Rape,Incest Etc.)",0,0,0,0,0,0,0,0,0,0,0,0,0,0,0,0,0,0
MIZORAM,2012,Poverty,3,9,9,2,1,24,0,0,0,0,1,1,25,3,9,9,2,2
MIZORAM,2012,Professional/Career Problem,0,0,0,0,0,0,0,0,0,0,0,0,0,0,0,0,0,0
MIZORAM,2012,Property Dispute,0,0,0,0,0,0,0,0,0,0,0,0,0,0,0,0,0,0
MIZORAM,2012,Unemployment,0,0,0,0,0,0,0,0,0,0,0,0,0,0,0,0,0,0
MIZORAM,2012,Causes Not known,1,19,9,6,0,35,0,1,1,0,0,2,37,1,20,10,6,0
MIZORAM,2012,Other Causes,2,12,15,3,4,36,1,4,0,1,0,6,42,3,16,15,4,4
MIZORAM,2012,Total,7,70,57,15,8,157,3,7,1,4,1,16,173,10,77,58,19,9
MIZORAM,2012,Total Illness,0,0,0,0,0,0,0,0,0,0,0,0,0,0,0,0,0,0
NAGALAND,2001,Bankruptcy,0,0,0,0,0,0,0,0,0,0,0,0,0,0,0,0,0,0
NAGALAND,2001,Suspected/Illicit Relation,0,0,0,0,0,0,0,0,0,0,0,0,0,0,0,0,0,0
NAGALAND,2001,Cancellation/Non-Settlement of Marriage,0,0,0,0,0,0,0,0,0,0,0,0,0,0,0,0,0,0
NAGALAND,2001,Infertility,0,0,0,0,0,0,0,0,0,0,0,0,0,0,0,0,0,0
NAGALAND,2001,Illness (Aids/STD),0,0,0,0,0,0,0,0,0,0,0,0,0,0,0,0,0,0
NAGALAND,2001,Cancer,0,0,0,0,0,0,0,0,0,0,0,0,0,0,0,0,0,0
NAGALAND,2001,Paralysis,0,0,0,0,0,0,0,0,0,0,0,0,0,0,0,0,0,0
NAGALAND,2001,Insanity/Mental Illness,0,0,0,0,0,0,0,0,0,0,0,0,0,0,0,0,0,0
NAGALAND,2001,Other Prolonged Illness,0,0,1,0,0,1,0,0,0,0,0,0,1,0,0,1,0,0
NAGALAND,2001,Death of Dear Person,0,0,0,0,0,0,0,0,0,0,0,0,0,0,0,0,0,0
NAGALAND,2001,Dowry Dispute,0,0,0,0,0,0,0,0,0,0,0,0,0,0,0,0,0,0
NAGALAND,2001,Divorce,0,0,0,0,0,0,0,0,0,0,0,0,0,0,0,0,0,0
NAGALAND,2001,Drug Abuse/Addiction,0,0,2,0,0,2,0,0,0,0,0,0,2,0,0,2,0,0
NAGALAND,2001,Failure in Examination,0,0,0,0,0,0,0,0,0,0,0,0,0,0,0,0,0,0
NAGALAND,2001,Fall in Social Reputation,0,0,0,0,0,0,0,0,0,0,0,0,0,0,0,0,0,0
NAGALAND,2001,Family Problems,0,1,3,1,0,5,0,1,1,1,0,3,8,0,2,4,2,0
NAGALAND,2001,Ideological Causes/Hero Worshipping,0,0,0,0,0,0,0,0,0,0,0,0,0,0,0,0,0,0
NAGALAND,2001,Illegitimate Pregnancy,0,0,0,0,0,0,0,0,0,0,0,0,0,0,0,0,0,0
NAGALAND,2001,Love Affairs,0,0,0,0,0,0,0,3,0,0,0,3,3,0,3,0,0,0
NAGALAND,2001,"Physical Abuse (Rape,Incest Etc.)",0,0,0,0,0,0,0,0,0,2,0,2,2,0,0,0,2,0
NAGALAND,2001,Poverty,0,0,0,0,0,0,0,0,0,0,0,0,0,0,0,0,0,0
NAGALAND,2001,Professional/Career Problem,0,0,0,0,0,0,0,0,0,0,0,0,0,0,0,0,0,0
NAGALAND,2001,Property Dispute,0,0,0,0,0,0,0,0,0,0,0,0,0,0,0,0,0,0
NAGALAND,2001,Unemployment,0,0,0,0,0,0,0,0,0,0,0,0,0,0,0,0,0,0
NAGALAND,2001,Causes Not known,0,2,8,1,0,11,0,2,4,0,0,6,17,0,4,12,1,0
NAGALAND,2001,Other Causes,0,5,1,0,0,6,0,1,0,0,0,1,7,0,6,1,0,0
NAGALAND,2001,Total,0,8,15,2,0,25,0,7,5,3,0,15,40,0,15,20,5,0
NAGALAND,2001,Total Illness,0,0,1,0,0,1,0,0,0,0,0,0,1,0,0,1,0,0
NAGALAND,2002,Bankruptcy,0,0,0,0,0,0,0,0,0,0,0,0,0,0,0,0,0,0
NAGALAND,2002,Suspected/Illicit Relation,0,0,0,0,0,0,0,0,0,0,0,0,0,0,0,0,0,0
NAGALAND,2002,Cancellation/Non-Settlement of Marriage,0,0,0,0,0,0,0,0,0,0,0,0,0,0,0,0,0,0
NAGALAND,2002,Infertility,0,0,0,0,0,0,0,0,0,0,0,0,0,0,0,0,0,0
NAGALAND,2002,Illness (Aids/STD),0,0,0,0,0,0,0,0,0,0,0,0,0,0,0,0,0,0
NAGALAND,2002,Cancer,0,0,0,0,0,0,0,0,0,0,0,0,0,0,0,0,0,0
NAGALAND,2002,Paralysis,0,0,0,0,0,0,0,0,0,0,0,0,0,0,0,0,0,0
NAGALAND,2002,Insanity/Mental Illness,0,0,0,0,0,0,0,0,0,0,0,0,0,0,0,0,0,0
NAGALAND,2002,Other Prolonged Illness,0,0,0,0,0,0,0,0,0,0,0,0,0,0,0,0,0,0
NAGALAND,2002,Death of Dear Person,0,0,0,0,0,0,0,0,0,0,0,0,0,0,0,0,0,0
NAGALAND,2002,Dowry Dispute,0,0,0,0,0,0,0,0,0,0,0,0,0,0,0,0,0,0
NAGALAND,2002,Divorce,0,0,0,0,0,0,0,0,0,0,0,0,0,0,0,0,0,0
NAGALAND,2002,Drug Abuse/Addiction,0,0,0,0,0,0,0,0,0,0,0,0,0,0,0,0,0,0
NAGALAND,2002,Failure in Examination,0,0,0,0,0,0,0,0,0,0,0,0,0,0,0,0,0,0
NAGALAND,2002,Fall in Social Reputation,0,0,0,0,0,0,0,0,0,0,0,0,0,0,0,0,0,0
NAGALAND,2002,Family Problems,0,0,0,0,0,0,0,0,0,0,0,0,0,0,0,0,0,0
NAGALAND,2002,Ideological Causes/Hero Worshipping,0,0,0,0,0,0,0,0,0,0,0,0,0,0,0,0,0,0
NAGALAND,2002,Illegitimate Pregnancy,0,0,0,0,0,0,0,0,0,0,0,0,0,0,0,0,0,0
NAGALAND,2002,Love Affairs,0,0,0,0,0,0,0,0,0,0,0,0,0,0,0,0,0,0
NAGALAND,2002,"Physical Abuse (Rape,Incest Etc.)",0,0,0,0,0,0,0,0,0,0,0,0,0,0,0,0,0,0
NAGALAND,2002,Poverty,0,0,0,0,0,0,0,0,0,0,0,0,0,0,0,0,0,0
NAGALAND,2002,Professional/Career Problem,0,0,5,0,0,5,0,2,1,0,0,3,8,0,2,6,0,0
NAGALAND,2002,Property Dispute,0,0,0,0,0,0,0,0,0,0,0,0,0,0,0,0,0,0
NAGALAND,2002,Unemployment,1,0,3,0,0,4,1,0,0,0,0,1,5,2,0,3,0,0
NAGALAND,2002,Causes Not known,0,2,6,0,0,8,0,1,2,0,0,3,11,0,3,8,0,0
NAGALAND,2002,Other Causes,0,0,1,1,0,2,1,0,0,0,0,1,3,1,0,1,1,0
NAGALAND,2002,Total,1,2,15,1,0,19,2,3,3,0,0,8,27,3,5,18,1,0
NAGALAND,2002,Total Illness,0,0,0,0,0,0,0,0,0,0,0,0,0,0,0,0,0,0
NAGALAND,2003,Bankruptcy,0,0,0,0,0,0,0,0,0,0,0,0,0,0,0,0,0,0
NAGALAND,2003,Suspected/Illicit Relation,0,0,0,0,0,0,0,2,0,0,0,2,2,0,2,0,0,0
NAGALAND,2003,Cancellation/Non-Settlement of Marriage,0,0,0,0,0,0,0,0,0,0,0,0,0,0,0,0,0,0
NAGALAND,2003,Infertility,0,0,0,0,0,0,0,0,0,0,0,0,0,0,0,0,0,0
NAGALAND,2003,Illness (Aids/STD),0,0,0,0,0,0,0,0,0,0,0,0,0,0,0,0,0,0
NAGALAND,2003,Cancer,0,0,0,0,0,0,0,0,0,0,0,0,0,0,0,0,0,0
NAGALAND,2003,Paralysis,0,0,0,0,0,0,0,0,0,0,0,0,0,0,0,0,0,0
NAGALAND,2003,Insanity/Mental Illness,0,0,0,0,0,0,0,0,0,0,0,0,0,0,0,0,0,0
NAGALAND,2003,Other Prolonged Illness,0,0,0,0,0,0,0,0,0,0,0,0,0,0,0,0,0,0
NAGALAND,2003,Death of Dear Person,0,0,0,0,0,0,0,0,0,0,0,0,0,0,0,0,0,0
NAGALAND,2003,Dowry Dispute,0,0,0,0,0,0,0,0,0,0,0,0,0,0,0,0,0,0
NAGALAND,2003,Divorce,0,0,0,0,0,0,0,0,0,0,0,0,0,0,0,0,0,0
NAGALAND,2003,Drug Abuse/Addiction,0,2,3,0,0,5,0,0,0,0,0,0,5,0,2,3,0,0
NAGALAND,2003,Failure in Examination,0,0,0,0,0,0,0,0,0,0,0,0,0,0,0,0,0,0
NAGALAND,2003,Fall in Social Reputation,0,0,0,0,0,0,0,0,0,0,0,0,0,0,0,0,0,0
NAGALAND,2003,Family Problems,0,0,0,0,0,0,0,0,0,0,0,0,0,0,0,0,0,0
NAGALAND,2003,Ideological Causes/Hero Worshipping,0,0,0,0,0,0,0,0,0,0,0,0,0,0,0,0,0,0
NAGALAND,2003,Illegitimate Pregnancy,0,0,0,0,0,0,0,1,0,0,0,1,1,0,1,0,0,0
NAGALAND,2003,Love Affairs,0,0,0,0,0,0,0,0,0,0,0,0,0,0,0,0,0,0
NAGALAND,2003,"Physical Abuse (Rape,Incest Etc.)",0,0,0,0,0,0,0,0,0,0,0,0,0,0,0,0,0,0
NAGALAND,2003,Poverty,0,0,0,0,0,0,0,0,0,0,0,0,0,0,0,0,0,0
NAGALAND,2003,Professional/Career Problem,0,0,0,0,0,0,0,0,0,0,0,0,0,0,0,0,0,0
NAGALAND,2003,Property Dispute,0,0,0,0,0,0,0,0,0,0,0,0,0,0,0,0,0,0
NAGALAND,2003,Unemployment,0,0,0,0,0,0,0,0,0,0,0,0,0,0,0,0,0,0
NAGALAND,2003,Causes Not known,0,4,8,0,0,12,0,1,0,0,0,1,13,0,5,8,0,0
NAGALAND,2003,Other Causes,0,0,0,0,0,0,0,1,0,0,0,1,1,0,1,0,0,0
NAGALAND,2003,Total,0,6,11,0,0,17,0,5,0,0,0,5,22,0,11,11,0,0
NAGALAND,2003,Total Illness,0,0,0,0,0,0,0,0,0,0,0,0,0,0,0,0,0,0
NAGALAND,2004,Bankruptcy,0,0,0,0,0,0,0,0,0,0,0,0,0,0,0,0,0,0
NAGALAND,2004,Suspected/Illicit Relation,0,0,0,0,0,0,0,0,0,0,0,0,0,0,0,0,0,0
NAGALAND,2004,Cancellation/Non-Settlement of Marriage,0,0,0,0,0,0,0,0,0,0,0,0,0,0,0,0,0,0
NAGALAND,2004,Infertility,0,0,0,0,0,0,0,0,0,0,0,0,0,0,0,0,0,0
NAGALAND,2004,Illness (Aids/STD),0,0,0,0,0,0,0,0,0,0,0,0,0,0,0,0,0,0
NAGALAND,2004,Cancer,0,0,0,0,0,0,0,0,0,0,0,0,0,0,0,0,0,0
NAGALAND,2004,Paralysis,0,0,0,0,0,0,0,0,0,0,0,0,0,0,0,0,0,0
NAGALAND,2004,Insanity/Mental Illness,0,0,0,0,0,0,0,0,0,0,0,0,0,0,0,0,0,0
NAGALAND,2004,Other Prolonged Illness,0,0,0,0,0,0,0,0,0,0,0,0,0,0,0,0,0,0
NAGALAND,2004,Death of Dear Person,0,0,0,0,0,0,0,0,0,0,0,0,0,0,0,0,0,0
NAGALAND,2004,Dowry Dispute,0,0,0,0,0,0,0,0,0,0,0,0,0,0,0,0,0,0
NAGALAND,2004,Divorce,0,0,0,0,0,0,0,0,0,0,0,0,0,0,0,0,0,0
NAGALAND,2004,Drug Abuse/Addiction,0,0,0,0,0,0,0,0,0,0,0,0,0,0,0,0,0,0
NAGALAND,2004,Failure in Examination,0,0,0,0,0,0,0,0,0,0,0,0,0,0,0,0,0,0
NAGALAND,2004,Fall in Social Reputation,0,0,0,0,0,0,0,0,0,0,0,0,0,0,0,0,0,0
NAGALAND,2004,Family Problems,0,0,0,0,0,0,0,0,0,0,0,0,0,0,0,0,0,0
NAGALAND,2004,Ideological Causes/Hero Worshipping,0,0,0,0,0,0,0,0,0,0,0,0,0,0,0,0,0,0
NAGALAND,2004,Illegitimate Pregnancy,0,0,0,0,0,0,0,0,0,0,0,0,0,0,0,0,0,0
NAGALAND,2004,Love Affairs,0,0,0,0,0,0,0,0,0,0,0,0,0,0,0,0,0,0
NAGALAND,2004,"Physical Abuse (Rape,Incest Etc.)",0,0,0,0,0,0,0,0,0,0,0,0,0,0,0,0,0,0
NAGALAND,2004,Poverty,0,0,0,0,0,0,0,0,0,0,0,0,0,0,0,0,0,0
NAGALAND,2004,Professional/Career Problem,0,0,0,0,0,0,0,0,0,0,0,0,0,0,0,0,0,0
NAGALAND,2004,Property Dispute,0,0,0,0,0,0,0,0,0,0,0,0,0,0,0,0,0,0
NAGALAND,2004,Unemployment,0,0,0,0,0,0,0,0,0,0,0,0,0,0,0,0,0,0
NAGALAND,2004,Causes Not known,0,10,13,2,0,25,0,4,2,0,0,6,31,0,14,15,2,0
NAGALAND,2004,Other Causes,0,0,0,0,0,0,0,0,0,0,0,0,0,0,0,0,0,0
NAGALAND,2004,Total,0,10,13,2,0,25,0,4,2,0,0,6,31,0,14,15,2,0
NAGALAND,2004,Total Illness,0,0,0,0,0,0,0,0,0,0,0,0,0,0,0,0,0,0
NAGALAND,2005,Bankruptcy,0,0,0,0,0,0,0,0,0,0,0,0,0,0,0,0,0,0
NAGALAND,2005,Suspected/Illicit Relation,0,0,0,0,0,0,0,0,0,0,0,0,0,0,0,0,0,0
NAGALAND,2005,Cancellation/Non-Settlement of Marriage,0,0,0,0,0,0,0,0,0,0,0,0,0,0,0,0,0,0
NAGALAND,2005,Infertility,0,0,0,0,0,0,0,0,0,0,0,0,0,0,0,0,0,0
NAGALAND,2005,Illness (Aids/STD),0,0,0,0,0,0,0,0,0,0,0,0,0,0,0,0,0,0
NAGALAND,2005,Cancer,0,0,0,0,0,0,0,0,0,0,0,0,0,0,0,0,0,0
NAGALAND,2005,Paralysis,0,0,0,0,0,0,0,0,0,0,0,0,0,0,0,0,0,0
NAGALAND,2005,Insanity/Mental Illness,0,0,0,0,0,0,0,0,0,0,0,0,0,0,0,0,0,0
NAGALAND,2005,Other Prolonged Illness,0,0,2,1,0,3,0,0,1,0,0,1,4,0,0,3,1,0
NAGALAND,2005,Death of Dear Person,0,0,0,0,0,0,0,0,0,0,0,0,0,0,0,0,0,0
NAGALAND,2005,Dowry Dispute,0,0,0,0,0,0,0,0,0,0,0,0,0,0,0,0,0,0
NAGALAND,2005,Divorce,0,0,0,0,0,0,0,0,0,0,0,0,0,0,0,0,0,0
NAGALAND,2005,Drug Abuse/Addiction,0,1,7,0,0,8,0,0,0,0,0,0,8,0,1,7,0,0
NAGALAND,2005,Failure in Examination,0,0,0,0,0,0,0,0,0,0,0,0,0,0,0,0,0,0
NAGALAND,2005,Fall in Social Reputation,0,0,0,0,0,0,0,0,0,0,0,0,0,0,0,0,0,0
NAGALAND,2005,Family Problems,0,0,0,0,0,0,0,0,0,0,0,0,0,0,0,0,0,0
NAGALAND,2005,Ideological Causes/Hero Worshipping,0,0,0,0,0,0,0,0,0,0,0,0,0,0,0,0,0,0
NAGALAND,2005,Illegitimate Pregnancy,0,0,0,0,0,0,0,0,0,0,0,0,0,0,0,0,0,0
NAGALAND,2005,Love Affairs,0,1,0,0,0,1,0,2,0,0,0,2,3,0,3,0,0,0
NAGALAND,2005,"Physical Abuse (Rape,Incest Etc.)",0,0,0,0,0,0,0,0,0,0,0,0,0,0,0,0,0,0
NAGALAND,2005,Poverty,0,0,0,0,0,0,0,0,0,0,0,0,0,0,0,0,0,0
NAGALAND,2005,Professional/Career Problem,0,0,0,0,0,0,0,0,0,0,0,0,0,0,0,0,0,0
NAGALAND,2005,Property Dispute,0,0,0,0,0,0,0,0,0,0,0,0,0,0,0,0,0,0
NAGALAND,2005,Unemployment,0,0,0,0,0,0,0,0,0,0,0,0,0,0,0,0,0,0
NAGALAND,2005,Causes Not known,0,0,0,0,0,0,0,0,0,0,0,0,0,0,0,0,0,0
NAGALAND,2005,Other Causes,0,2,4,3,0,9,0,1,2,0,0,3,12,0,3,6,3,0
NAGALAND,2005,Total,0,4,13,4,0,21,0,3,3,0,0,6,27,0,7,16,4,0
NAGALAND,2005,Total Illness,0,0,2,1,0,3,0,0,1,0,0,1,4,0,0,3,1,0
NAGALAND,2006,Bankruptcy,0,0,0,0,0,0,0,0,0,0,0,0,0,0,0,0,0,0
NAGALAND,2006,Suspected/Illicit Relation,0,0,0,0,0,0,0,0,0,0,0,0,0,0,0,0,0,0
NAGALAND,2006,Cancellation/Non-Settlement of Marriage,0,0,0,0,0,0,0,0,0,0,0,0,0,0,0,0,0,0
NAGALAND,2006,Infertility,0,0,0,0,0,0,0,0,0,0,0,0,0,0,0,0,0,0
NAGALAND,2006,Illness (Aids/STD),0,0,0,0,0,0,0,0,0,0,0,0,0,0,0,0,0,0
NAGALAND,2006,Cancer,0,0,0,0,0,0,0,0,0,0,0,0,0,0,0,0,0,0
NAGALAND,2006,Paralysis,0,0,0,0,0,0,0,0,0,0,0,0,0,0,0,0,0,0
NAGALAND,2006,Insanity/Mental Illness,0,0,0,0,0,0,0,0,0,0,0,0,0,0,0,0,0,0
NAGALAND,2006,Other Prolonged Illness,0,0,0,0,0,0,0,1,0,0,0,1,1,0,1,0,0,0
NAGALAND,2006,Death of Dear Person,0,0,0,0,0,0,0,0,0,0,0,0,0,0,0,0,0,0
NAGALAND,2006,Dowry Dispute,0,0,0,0,0,0,0,0,0,0,0,0,0,0,0,0,0,0
NAGALAND,2006,Divorce,0,0,0,0,0,0,0,0,0,0,0,0,0,0,0,0,0,0
NAGALAND,2006,Drug Abuse/Addiction,0,1,1,0,0,2,0,1,0,0,0,1,3,0,2,1,0,0
NAGALAND,2006,Failure in Examination,0,0,0,0,0,0,0,0,0,0,0,0,0,0,0,0,0,0
NAGALAND,2006,Fall in Social Reputation,0,0,0,0,0,0,0,0,0,0,0,0,0,0,0,0,0,0
NAGALAND,2006,Family Problems,0,3,1,1,0,5,0,0,1,0,0,1,6,0,3,2,1,0
NAGALAND,2006,Ideological Causes/Hero Worshipping,0,0,0,0,0,0,0,0,0,0,0,0,0,0,0,0,0,0
NAGALAND,2006,Illegitimate Pregnancy,0,0,0,0,0,0,0,0,0,0,0,0,0,0,0,0,0,0
NAGALAND,2006,Love Affairs,0,0,0,0,0,0,0,0,0,0,0,0,0,0,0,0,0,0
NAGALAND,2006,"Physical Abuse (Rape,Incest Etc.)",0,0,0,0,0,0,0,0,0,0,0,0,0,0,0,0,0,0
NAGALAND,2006,Poverty,0,0,0,0,0,0,0,0,0,0,0,0,0,0,0,0,0,0
NAGALAND,2006,Professional/Career Problem,0,0,0,0,0,0,0,0,0,0,0,0,0,0,0,0,0,0
NAGALAND,2006,Property Dispute,0,0,0,0,0,0,0,0,0,0,0,0,0,0,0,0,0,0
NAGALAND,2006,Unemployment,0,2,0,0,0,2,0,0,0,0,0,0,2,0,2,0,0,0
NAGALAND,2006,Causes Not known,1,3,3,2,0,9,0,2,3,0,0,5,14,1,5,6,2,0
NAGALAND,2006,Other Causes,0,0,1,0,0,1,0,0,0,1,0,1,2,0,0,1,1,0
NAGALAND,2006,Total,1,9,6,3,0,19,0,4,4,1,0,9,28,1,13,10,4,0
NAGALAND,2006,Total Illness,0,0,0,0,0,0,0,1,0,0,0,1,1,0,1,0,0,0
NAGALAND,2007,Bankruptcy,0,0,0,0,0,0,0,0,0,0,0,0,0,0,0,0,0,0
NAGALAND,2007,Suspected/Illicit Relation,0,0,0,0,0,0,0,0,0,0,0,0,0,0,0,0,0,0
NAGALAND,2007,Cancellation/Non-Settlement of Marriage,0,0,0,0,0,0,0,0,0,0,0,0,0,0,0,0,0,0
NAGALAND,2007,Infertility,0,0,0,0,0,0,0,0,0,0,0,0,0,0,0,0,0,0
NAGALAND,2007,Illness (Aids/STD),0,0,0,0,0,0,0,0,0,0,0,0,0,0,0,0,0,0
NAGALAND,2007,Cancer,0,0,0,0,0,0,0,0,0,0,0,0,0,0,0,0,0,0
NAGALAND,2007,Paralysis,0,0,0,0,0,0,0,0,0,0,0,0,0,0,0,0,0,0
NAGALAND,2007,Insanity/Mental Illness,0,0,0,0,0,0,0,0,1,0,0,1,1,0,0,1,0,0
NAGALAND,2007,Other Prolonged Illness,0,0,0,0,0,0,0,0,0,0,0,0,0,0,0,0,0,0
NAGALAND,2007,Death of Dear Person,0,0,0,0,0,0,0,0,0,0,0,0,0,0,0,0,0,0
NAGALAND,2007,Dowry Dispute,0,0,0,0,0,0,0,0,0,0,0,0,0,0,0,0,0,0
NAGALAND,2007,Divorce,0,0,0,0,0,0,0,0,0,0,0,0,0,0,0,0,0,0
NAGALAND,2007,Drug Abuse/Addiction,0,0,1,0,0,1,0,0,1,0,0,1,2,0,0,2,0,0
NAGALAND,2007,Failure in Examination,0,0,0,0,0,0,0,0,0,0,0,0,0,0,0,0,0,0
NAGALAND,2007,Fall in Social Reputation,0,0,0,0,0,0,0,0,0,0,0,0,0,0,0,0,0,0
NAGALAND,2007,Family Problems,0,1,1,0,0,2,0,0,2,0,0,2,4,0,1,3,0,0
NAGALAND,2007,Ideological Causes/Hero Worshipping,0,0,0,0,0,0,0,0,0,0,0,0,0,0,0,0,0,0
NAGALAND,2007,Illegitimate Pregnancy,0,0,0,0,0,0,0,0,0,0,0,0,0,0,0,0,0,0
NAGALAND,2007,Love Affairs,0,0,0,0,0,0,0,0,0,0,0,0,0,0,0,0,0,0
NAGALAND,2007,"Physical Abuse (Rape,Incest Etc.)",0,0,0,0,0,0,0,0,0,0,0,0,0,0,0,0,0,0
NAGALAND,2007,Poverty,0,0,0,0,0,0,0,0,0,0,0,0,0,0,0,0,0,0
NAGALAND,2007,Professional/Career Problem,0,0,0,0,0,0,0,0,0,0,0,0,0,0,0,0,0,0
NAGALAND,2007,Property Dispute,0,0,0,0,0,0,0,0,0,0,0,0,0,0,0,0,0,0
NAGALAND,2007,Unemployment,0,0,0,0,0,0,0,0,0,0,0,0,0,0,0,0,0,0
NAGALAND,2007,Causes Not known,0,1,3,4,0,8,0,1,0,0,0,1,9,0,2,3,4,0
NAGALAND,2007,Other Causes,0,2,3,1,0,6,0,2,0,0,0,2,8,0,4,3,1,0
NAGALAND,2007,Total,0,4,8,5,0,17,0,3,4,0,0,7,24,0,7,12,5,0
NAGALAND,2007,Total Illness,0,0,0,0,0,0,0,0,1,0,0,1,1,0,0,1,0,0
NAGALAND,2008,Bankruptcy,0,0,0,0,0,0,0,0,0,0,0,0,0,0,0,0,0,0
NAGALAND,2008,Suspected/Illicit Relation,0,0,0,0,0,0,0,0,0,0,0,0,0,0,0,0,0,0
NAGALAND,2008,Cancellation/Non-Settlement of Marriage,0,0,0,0,0,0,0,0,0,0,0,0,0,0,0,0,0,0
NAGALAND,2008,Infertility,0,0,0,0,0,0,0,0,0,0,0,0,0,0,0,0,0,0
NAGALAND,2008,Illness (Aids/STD),0,0,0,0,0,0,0,0,0,0,0,0,0,0,0,0,0,0
NAGALAND,2008,Cancer,0,0,0,0,0,0,0,0,0,0,0,0,0,0,0,0,0,0
NAGALAND,2008,Paralysis,0,0,0,0,0,0,0,0,0,0,0,0,0,0,0,0,0,0
NAGALAND,2008,Insanity/Mental Illness,0,0,0,0,0,0,0,0,0,0,0,0,0,0,0,0,0,0
NAGALAND,2008,Other Prolonged Illness,0,0,0,0,0,0,0,0,0,0,0,0,0,0,0,0,0,0
NAGALAND,2008,Death of Dear Person,0,0,0,0,0,0,0,0,0,0,0,0,0,0,0,0,0,0
NAGALAND,2008,Dowry Dispute,0,0,0,0,0,0,0,0,0,0,0,0,0,0,0,0,0,0
NAGALAND,2008,Divorce,0,0,0,0,0,0,0,0,0,0,0,0,0,0,0,0,0,0
NAGALAND,2008,Drug Abuse/Addiction,0,0,2,0,0,2,0,0,0,0,0,0,2,0,0,2,0,0
NAGALAND,2008,Failure in Examination,0,0,0,0,0,0,0,0,0,0,0,0,0,0,0,0,0,0
NAGALAND,2008,Fall in Social Reputation,0,0,0,0,0,0,0,0,0,0,0,0,0,0,0,0,0,0
NAGALAND,2008,Family Problems,0,0,0,2,0,2,0,2,0,0,0,2,4,0,2,0,2,0
NAGALAND,2008,Ideological Causes/Hero Worshipping,0,0,0,0,0,0,0,0,0,0,0,0,0,0,0,0,0,0
NAGALAND,2008,Illegitimate Pregnancy,0,0,0,0,0,0,0,0,0,0,0,0,0,0,0,0,0,0
NAGALAND,2008,Love Affairs,0,0,0,0,0,0,0,0,0,0,0,0,0,0,0,0,0,0
NAGALAND,2008,"Physical Abuse (Rape,Incest Etc.)",0,0,0,0,0,0,0,0,0,0,0,0,0,0,0,0,0,0
NAGALAND,2008,Poverty,0,0,0,0,0,0,0,0,0,0,0,0,0,0,0,0,0,0
NAGALAND,2008,Professional/Career Problem,0,0,0,0,0,0,0,0,0,0,0,0,0,0,0,0,0,0
NAGALAND,2008,Property Dispute,0,0,0,0,0,0,0,0,0,0,0,0,0,0,0,0,0,0
NAGALAND,2008,Unemployment,0,0,0,0,0,0,0,0,0,0,0,0,0,0,0,0,0,0
NAGALAND,2008,Causes Not known,0,1,5,1,0,7,0,3,0,0,0,3,10,0,4,5,1,0
NAGALAND,2008,Other Causes,0,1,13,7,0,21,0,3,2,0,0,5,26,0,4,15,7,0
NAGALAND,2008,Total,0,2,20,10,0,32,0,8,2,0,0,10,42,0,10,22,10,0
NAGALAND,2008,Total Illness,0,0,0,0,0,0,0,0,0,0,0,0,0,0,0,0,0,0
NAGALAND,2009,Bankruptcy,0,0,1,0,0,1,0,0,0,0,0,0,1,0,0,1,0,0
NAGALAND,2009,Suspected/Illicit Relation,0,1,0,0,0,1,0,0,0,0,0,0,1,0,1,0,0,0
NAGALAND,2009,Cancellation/Non-Settlement of Marriage,0,0,0,0,0,0,0,0,0,0,0,0,0,0,0,0,0,0
NAGALAND,2009,Infertility,0,0,0,0,0,0,0,0,0,0,0,0,0,0,0,0,0,0
NAGALAND,2009,Illness (Aids/STD),0,0,0,0,0,0,0,0,0,0,0,0,0,0,0,0,0,0
NAGALAND,2009,Cancer,0,0,0,0,0,0,0,0,0,0,0,0,0,0,0,0,0,0
NAGALAND,2009,Paralysis,0,0,0,0,0,0,0,0,0,0,0,0,0,0,0,0,0,0
NAGALAND,2009,Insanity/Mental Illness,0,0,1,0,0,1,0,0,0,0,0,0,1,0,0,1,0,0
NAGALAND,2009,Other Prolonged Illness,0,0,0,0,0,0,0,0,0,0,0,0,0,0,0,0,0,0
NAGALAND,2009,Death of Dear Person,0,0,0,0,0,0,0,0,0,0,0,0,0,0,0,0,0,0
NAGALAND,2009,Dowry Dispute,0,0,0,0,0,0,0,0,0,0,0,0,0,0,0,0,0,0
NAGALAND,2009,Divorce,0,0,0,0,0,0,0,0,0,0,0,0,0,0,0,0,0,0
NAGALAND,2009,Drug Abuse/Addiction,0,0,1,0,0,1,0,0,0,0,0,0,1,0,0,1,0,0
NAGALAND,2009,Failure in Examination,0,0,0,0,0,0,0,0,0,0,0,0,0,0,0,0,0,0
NAGALAND,2009,Fall in Social Reputation,0,0,0,0,0,0,0,0,0,0,0,0,0,0,0,0,0,0
NAGALAND,2009,Family Problems,0,1,0,1,0,2,0,0,0,0,0,0,2,0,1,0,1,0
NAGALAND,2009,Ideological Causes/Hero Worshipping,0,0,0,0,0,0,0,0,0,0,0,0,0,0,0,0,0,0
NAGALAND,2009,Illegitimate Pregnancy,0,0,0,0,0,0,0,0,0,0,0,0,0,0,0,0,0,0
NAGALAND,2009,Love Affairs,0,0,0,0,0,0,0,0,0,0,0,0,0,0,0,0,0,0
NAGALAND,2009,"Physical Abuse (Rape,Incest Etc.)",0,0,0,0,0,0,0,0,0,0,0,0,0,0,0,0,0,0
NAGALAND,2009,Poverty,0,0,0,0,0,0,0,0,0,0,0,0,0,0,0,0,0,0
NAGALAND,2009,Professional/Career Problem,0,0,0,0,0,0,0,0,0,0,0,0,0,0,0,0,0,0
NAGALAND,2009,Property Dispute,0,0,0,0,0,0,0,0,0,0,0,0,0,0,0,0,0,0
NAGALAND,2009,Unemployment,0,0,0,0,0,0,0,0,0,0,0,0,0,0,0,0,0,0
NAGALAND,2009,Causes Not known,2,10,4,3,0,19,0,3,2,0,0,5,24,2,13,6,3,0
NAGALAND,2009,Other Causes,0,0,0,0,0,0,0,1,0,0,0,1,1,0,1,0,0,0
NAGALAND,2009,Total,2,12,7,4,0,25,0,4,2,0,0,6,31,2,16,9,4,0
NAGALAND,2009,Total Illness,0,0,1,0,0,1,0,0,0,0,0,0,1,0,0,1,0,0
NAGALAND,2010,Bankruptcy,0,0,0,0,0,0,0,0,0,0,0,0,0,0,0,0,0,0
NAGALAND,2010,Suspected/Illicit Relation,0,0,0,0,0,0,0,0,0,0,0,0,0,0,0,0,0,0
NAGALAND,2010,Cancellation/Non-Settlement of Marriage,0,0,0,0,0,0,0,0,0,0,0,0,0,0,0,0,0,0
NAGALAND,2010,Infertility,0,0,0,0,0,0,0,0,0,0,0,0,0,0,0,0,0,0
NAGALAND,2010,Illness (Aids/STD),0,0,0,0,0,0,0,0,0,0,0,0,0,0,0,0,0,0
NAGALAND,2010,Cancer,0,0,0,0,0,0,0,0,0,0,0,0,0,0,0,0,0,0
NAGALAND,2010,Paralysis,0,0,0,0,0,0,0,0,0,0,0,0,0,0,0,0,0,0
NAGALAND,2010,Insanity/Mental Illness,0,0,0,0,0,0,0,0,0,0,0,0,0,0,0,0,0,0
NAGALAND,2010,Other Prolonged Illness,0,0,0,0,0,0,0,0,0,0,0,0,0,0,0,0,0,0
NAGALAND,2010,Death of Dear Person,0,0,0,0,0,0,0,0,0,0,0,0,0,0,0,0,0,0
NAGALAND,2010,Dowry Dispute,0,0,0,0,0,0,0,0,0,0,0,0,0,0,0,0,0,0
NAGALAND,2010,Divorce,0,0,0,0,0,0,0,0,0,0,0,0,0,0,0,0,0,0
NAGALAND,2010,Drug Abuse/Addiction,0,0,0,0,0,0,0,0,0,0,0,0,0,0,0,0,0,0
NAGALAND,2010,Failure in Examination,0,0,0,0,0,0,0,0,0,0,0,0,0,0,0,0,0,0
NAGALAND,2010,Fall in Social Reputation,0,0,0,0,0,0,0,0,0,0,0,0,0,0,0,0,0,0
NAGALAND,2010,Family Problems,0,0,2,0,0,2,0,0,0,0,0,0,2,0,0,2,0,0
NAGALAND,2010,Ideological Causes/Hero Worshipping,0,0,0,0,0,0,0,0,0,0,0,0,0,0,0,0,0,0
NAGALAND,2010,Illegitimate Pregnancy,0,0,0,0,0,0,0,0,0,0,0,0,0,0,0,0,0,0
NAGALAND,2010,Love Affairs,0,0,0,0,0,0,0,0,0,0,0,0,0,0,0,0,0,0
NAGALAND,2010,"Physical Abuse (Rape,Incest Etc.)",0,0,0,0,0,0,0,0,0,0,0,0,0,0,0,0,0,0
NAGALAND,2010,Poverty,0,0,0,0,0,0,0,0,0,0,0,0,0,0,0,0,0,0
NAGALAND,2010,Professional/Career Problem,0,0,0,0,0,0,0,0,0,0,0,0,0,0,0,0,0,0
NAGALAND,2010,Property Dispute,0,0,0,0,0,0,0,0,0,0,0,0,0,0,0,0,0,0
NAGALAND,2010,Unemployment,0,0,0,0,0,0,0,0,0,0,0,0,0,0,0,0,0,0
NAGALAND,2010,Causes Not known,0,4,4,0,0,8,0,0,0,0,0,0,8,0,4,4,0,0
NAGALAND,2010,Other Causes,0,0,0,1,0,1,0,1,0,0,0,1,2,0,1,0,1,0
NAGALAND,2010,Total,0,4,6,1,0,11,0,1,0,0,0,1,12,0,5,6,1,0
NAGALAND,2010,Total Illness,0,0,0,0,0,0,0,0,0,0,0,0,0,0,0,0,0,0
NAGALAND,2011,Bankruptcy,0,0,0,0,0,0,0,0,0,0,0,0,0,0,0,0,0,0
NAGALAND,2011,Suspected/Illicit Relation,0,0,0,0,0,0,0,0,0,0,0,0,0,0,0,0,0,0
NAGALAND,2011,Cancellation/Non-Settlement of Marriage,0,0,0,0,0,0,0,0,0,0,0,0,0,0,0,0,0,0
NAGALAND,2011,Infertility,0,0,0,0,0,0,0,0,0,0,0,0,0,0,0,0,0,0
NAGALAND,2011,Illness (Aids/STD),0,0,0,0,0,0,0,0,0,0,0,0,0,0,0,0,0,0
NAGALAND,2011,Cancer,0,0,0,0,0,0,0,0,0,0,0,0,0,0,0,0,0,0
NAGALAND,2011,Paralysis,0,0,0,0,0,0,0,0,0,0,0,0,0,0,0,0,0,0
NAGALAND,2011,Insanity/Mental Illness,0,0,0,0,0,0,0,0,0,0,0,0,0,0,0,0,0,0
NAGALAND,2011,Other Prolonged Illness,0,0,0,0,0,0,0,0,0,0,0,0,0,0,0,0,0,0
NAGALAND,2011,Death of Dear Person,0,0,0,0,0,0,0,0,0,0,0,0,0,0,0,0,0,0
NAGALAND,2011,Dowry Dispute,0,0,0,0,0,0,0,0,0,0,0,0,0,0,0,0,0,0
NAGALAND,2011,Divorce,0,0,0,0,0,0,0,0,0,0,0,0,0,0,0,0,0,0
NAGALAND,2011,Drug Abuse/Addiction,0,0,0,0,0,0,0,0,0,0,0,0,0,0,0,0,0,0
NAGALAND,2011,Failure in Examination,0,0,0,0,0,0,0,0,0,0,0,0,0,0,0,0,0,0
NAGALAND,2011,Fall in Social Reputation,0,0,0,0,0,0,0,0,0,0,0,0,0,0,0,0,0,0
NAGALAND,2011,Family Problems,0,0,0,0,0,0,0,0,0,0,0,0,0,0,0,0,0,0
NAGALAND,2011,Ideological Causes/Hero Worshipping,0,0,0,0,0,0,0,0,0,0,0,0,0,0,0,0,0,0
NAGALAND,2011,Illegitimate Pregnancy,0,0,0,0,0,0,0,0,0,0,0,0,0,0,0,0,0,0
NAGALAND,2011,Love Affairs,0,0,0,0,0,0,0,0,0,0,0,0,0,0,0,0,0,0
NAGALAND,2011,"Physical Abuse (Rape,Incest Etc.)",0,0,0,0,0,0,0,0,0,0,0,0,0,0,0,0,0,0
NAGALAND,2011,Poverty,0,0,0,0,0,0,0,0,0,0,0,0,0,0,0,0,0,0
NAGALAND,2011,Professional/Career Problem,0,0,0,0,0,0,0,0,0,0,0,0,0,0,0,0,0,0
NAGALAND,2011,Property Dispute,0,0,0,0,0,0,0,0,0,0,0,0,0,0,0,0,0,0
NAGALAND,2011,Unemployment,0,0,0,0,0,0,0,0,0,0,0,0,0,0,0,0,0,0
NAGALAND,2011,Causes Not known,0,5,8,3,0,16,0,6,2,0,0,8,24,0,11,10,3,0
NAGALAND,2011,Other Causes,0,1,3,5,0,9,0,0,0,0,0,0,9,0,1,3,5,0
NAGALAND,2011,Total,0,6,11,8,0,25,0,6,2,0,0,8,33,0,12,13,8,0
NAGALAND,2011,Total Illness,0,0,0,0,0,0,0,0,0,0,0,0,0,0,0,0,0,0
NAGALAND,2012,Bankruptcy,0,0,0,0,0,0,0,0,0,0,0,0,0,0,0,0,0,0
NAGALAND,2012,Suspected/Illicit Relation,0,0,0,0,0,0,0,0,0,0,0,0,0,0,0,0,0,0
NAGALAND,2012,Cancellation/Non-Settlement of Marriage,0,0,0,0,0,0,0,0,0,0,0,0,0,0,0,0,0,0
NAGALAND,2012,Infertility,0,0,0,0,0,0,0,0,0,0,0,0,0,0,0,0,0,0
NAGALAND,2012,Illness (Aids/STD),0,0,0,0,0,0,0,0,0,0,0,0,0,0,0,0,0,0
NAGALAND,2012,Cancer,0,0,0,0,0,0,0,0,0,0,0,0,0,0,0,0,0,0
NAGALAND,2012,Paralysis,0,0,0,0,0,0,0,0,0,0,0,0,0,0,0,0,0,0
NAGALAND,2012,Insanity/Mental Illness,0,0,0,0,0,0,0,0,0,0,0,0,0,0,0,0,0,0
NAGALAND,2012,Other Prolonged Illness,0,0,0,0,0,0,0,0,0,0,0,0,0,0,0,0,0,0
NAGALAND,2012,Death of Dear Person,0,0,0,0,0,0,0,0,0,0,0,0,0,0,0,0,0,0
NAGALAND,2012,Dowry Dispute,0,0,0,0,0,0,0,0,0,0,0,0,0,0,0,0,0,0
NAGALAND,2012,Divorce,0,0,0,1,0,1,0,0,0,0,0,0,1,0,0,0,1,0
NAGALAND,2012,Drug Abuse/Addiction,0,0,0,0,0,0,0,0,0,0,0,0,0,0,0,0,0,0
NAGALAND,2012,Failure in Examination,0,0,0,0,0,0,0,0,0,0,0,0,0,0,0,0,0,0
NAGALAND,2012,Fall in Social Reputation,0,0,0,0,0,0,0,0,0,0,0,0,0,0,0,0,0,0
NAGALAND,2012,Family Problems,0,0,0,0,0,0,0,0,0,0,0,0,0,0,0,0,0,0
NAGALAND,2012,Ideological Causes/Hero Worshipping,0,0,0,0,0,0,0,0,0,0,0,0,0,0,0,0,0,0
NAGALAND,2012,Illegitimate Pregnancy,0,0,0,0,0,0,0,0,0,0,0,0,0,0,0,0,0,0
NAGALAND,2012,Love Affairs,0,0,0,0,0,0,0,0,0,0,0,0,0,0,0,0,0,0
NAGALAND,2012,"Physical Abuse (Rape,Incest Etc.)",0,0,0,0,0,0,0,0,0,0,0,0,0,0,0,0,0,0
NAGALAND,2012,Poverty,0,0,0,0,0,0,0,0,0,0,0,0,0,0,0,0,0,0
NAGALAND,2012,Professional/Career Problem,0,0,0,0,0,0,0,0,0,0,0,0,0,0,0,0,0,0
NAGALAND,2012,Property Dispute,0,0,0,0,0,0,0,0,0,0,0,0,0,0,0,0,0,0
NAGALAND,2012,Unemployment,0,0,0,0,0,0,0,0,0,0,0,0,0,0,0,0,0,0
NAGALAND,2012,Causes Not known,0,10,6,3,0,19,0,2,1,0,0,3,22,0,12,7,3,0
NAGALAND,2012,Other Causes,0,1,2,1,0,4,1,2,0,0,0,3,7,1,3,2,1,0
NAGALAND,2012,Total,0,11,8,5,0,24,1,4,1,0,0,6,30,1,15,9,5,0
NAGALAND,2012,Total Illness,0,0,0,0,0,0,0,0,0,0,0,0,0,0,0,0,0,0
ODISHA,2001,Bankruptcy,0,4,7,2,0,13,0,1,0,3,0,4,17,0,5,7,5,0
ODISHA,2001,Suspected/Illicit Relation,0,11,7,0,0,18,0,40,29,0,0,69,87,0,51,36,0,0
ODISHA,2001,Cancellation/Non-Settlement of Marriage,0,6,0,0,0,6,0,22,6,0,0,28,34,0,28,6,0,0
ODISHA,2001,Infertility,0,4,1,1,0,6,0,6,15,2,0,23,29,0,10,16,3,0
ODISHA,2001,Illness (Aids/STD),0,0,0,0,0,0,0,0,0,0,0,0,0,0,0,0,0,0
ODISHA,2001,Cancer,0,0,2,14,5,21,0,0,5,3,0,8,29,0,0,7,17,5
ODISHA,2001,Paralysis,0,0,0,7,6,13,0,0,1,3,0,4,17,0,0,1,10,6
ODISHA,2001,Insanity/Mental Illness,0,9,25,18,6,58,0,5,15,8,2,30,88,0,14,40,26,8
ODISHA,2001,Other Prolonged Illness,0,14,22,36,17,89,1,21,27,22,6,77,166,1,35,49,58,23
ODISHA,2001,Death of Dear Person,0,0,0,3,5,8,0,2,2,0,2,6,14,0,2,2,3,7
ODISHA,2001,Dowry Dispute,0,0,0,0,0,0,0,85,43,3,0,131,131,0,85,43,3,0
ODISHA,2001,Divorce,0,0,1,0,0,1,0,5,8,2,0,15,16,0,5,9,2,0
ODISHA,2001,Drug Abuse/Addiction,0,17,2,1,0,20,0,0,0,0,0,0,20,0,17,2,1,0
ODISHA,2001,Failure in Examination,2,25,1,0,0,28,6,15,5,2,0,28,56,8,40,6,2,0
ODISHA,2001,Fall in Social Reputation,0,1,2,3,0,6,0,0,5,1,0,6,12,0,1,7,4,0
ODISHA,2001,Family Problems,8,138,171,96,12,425,3,211,208,79,22,523,948,11,349,379,175,34
ODISHA,2001,Ideological Causes/Hero Worshipping,0,0,0,0,0,0,0,0,0,0,0,0,0,0,0,0,0,0
ODISHA,2001,Illegitimate Pregnancy,0,0,0,0,0,0,2,29,11,0,0,42,42,2,29,11,0,0
ODISHA,2001,Love Affairs,0,65,24,6,0,95,1,109,23,0,0,133,228,1,174,47,6,0
ODISHA,2001,"Physical Abuse (Rape,Incest Etc.)",0,0,0,0,0,0,0,2,2,0,0,4,4,0,2,2,0,0
ODISHA,2001,Poverty,1,9,10,21,3,44,3,9,5,14,3,34,78,4,18,15,35,6
ODISHA,2001,Professional/Career Problem,0,0,6,0,1,7,0,0,0,0,0,0,7,0,0,6,0,1
ODISHA,2001,Property Dispute,0,5,12,15,1,33,0,3,2,2,7,14,47,0,8,14,17,8
ODISHA,2001,Unemployment,0,51,36,5,0,92,0,22,13,1,0,36,128,0,73,49,6,0
ODISHA,2001,Causes Not known,18,200,250,182,54,704,27,185,169,64,24,469,1173,45,385,419,246,78
ODISHA,2001,Other Causes,7,149,130,82,34,402,19,109,85,51,15,279,681,26,258,215,133,49
ODISHA,2001,Total,36,708,709,492,144,2089,62,881,679,260,81,1963,4052,98,1589,1388,752,225
ODISHA,2001,Total Illness,0,23,49,75,34,181,1,26,48,36,8,119,300,1,49,97,111,42
ODISHA,2002,Bankruptcy,0,9,13,5,0,27,0,4,7,3,1,15,42,0,13,20,8,1
ODISHA,2002,Suspected/Illicit Relation,0,25,10,0,0,35,0,93,31,3,7,134,169,0,118,41,3,7
ODISHA,2002,Cancellation/Non-Settlement of Marriage,0,2,0,0,0,2,0,25,4,0,0,29,31,0,27,4,0,0
ODISHA,2002,Infertility,0,1,1,1,1,4,0,5,10,1,0,16,20,0,6,11,2,1
ODISHA,2002,Illness (Aids/STD),0,0,1,2,0,3,0,0,1,1,0,2,5,0,0,2,3,0
ODISHA,2002,Cancer,0,1,0,12,2,15,0,1,4,14,0,19,34,0,2,4,26,2
ODISHA,2002,Paralysis,0,0,0,5,0,5,0,0,0,13,0,13,18,0,0,0,18,0
ODISHA,2002,Insanity/Mental Illness,0,17,32,9,4,62,0,15,8,3,4,30,92,0,32,40,12,8
ODISHA,2002,Other Prolonged Illness,0,9,23,51,20,103,2,22,14,22,8,68,171,2,31,37,73,28
ODISHA,2002,Death of Dear Person,0,2,3,0,0,5,0,0,1,2,2,5,10,0,2,4,2,2
ODISHA,2002,Dowry Dispute,0,0,0,0,0,0,1,64,35,0,0,100,100,1,64,35,0,0
ODISHA,2002,Divorce,0,0,1,1,0,2,0,0,5,0,0,5,7,0,0,6,1,0
ODISHA,2002,Drug Abuse/Addiction,0,9,2,0,0,11,0,0,0,0,0,0,11,0,9,2,0,0
ODISHA,2002,Failure in Examination,6,24,6,1,0,37,3,15,4,0,0,22,59,9,39,10,1,0
ODISHA,2002,Fall in Social Reputation,0,0,36,13,0,49,0,0,0,1,0,1,50,0,0,36,14,0
ODISHA,2002,Family Problems,5,148,153,79,29,414,12,192,135,75,10,424,838,17,340,288,154,39
ODISHA,2002,Ideological Causes/Hero Worshipping,0,0,0,0,0,0,0,3,6,5,2,16,16,0,3,6,5,2
ODISHA,2002,Illegitimate Pregnancy,0,0,0,0,0,0,0,12,9,0,0,21,21,0,12,9,0,0
ODISHA,2002,Love Affairs,0,57,30,0,0,87,1,47,51,1,0,100,187,1,104,81,1,0
ODISHA,2002,"Physical Abuse (Rape,Incest Etc.)",0,0,0,0,0,0,0,1,1,0,0,2,2,0,1,1,0,0
ODISHA,2002,Poverty,2,23,14,56,5,100,0,12,4,1,1,18,118,2,35,18,57,6
ODISHA,2002,Professional/Career Problem,0,23,22,25,3,73,0,9,16,4,0,29,102,0,32,38,29,3
ODISHA,2002,Property Dispute,1,3,17,21,1,43,0,0,4,6,0,10,53,1,3,21,27,1
ODISHA,2002,Unemployment,0,75,81,8,3,167,0,11,5,0,0,16,183,0,86,86,8,3
ODISHA,2002,Causes Not known,30,285,251,194,63,823,29,124,108,59,8,328,1151,59,409,359,253,71
ODISHA,2002,Other Causes,11,139,249,131,34,564,21,128,103,52,30,334,898,32,267,352,183,64
ODISHA,2002,Total,55,852,945,614,165,2631,69,783,566,266,73,1757,4388,124,1635,1511,880,238
ODISHA,2002,Total Illness,0,27,56,79,26,188,2,38,27,53,12,132,320,2,65,83,132,38
ODISHA,2003,Bankruptcy,0,1,9,4,0,14,0,0,3,1,0,4,18,0,1,12,5,0
ODISHA,2003,Suspected/Illicit Relation,0,18,15,0,0,33,1,60,28,3,0,92,125,1,78,43,3,0
ODISHA,2003,Cancellation/Non-Settlement of Marriage,0,0,0,0,0,0,0,5,0,0,0,5,5,0,5,0,0,0
ODISHA,2003,Infertility,0,0,3,3,2,8,0,5,6,3,0,14,22,0,5,9,6,2
ODISHA,2003,Illness (Aids/STD),0,0,2,0,1,3,0,0,2,0,1,3,6,0,0,4,0,2
ODISHA,2003,Cancer,0,0,1,3,1,5,0,0,0,1,0,1,6,0,0,1,4,1
ODISHA,2003,Paralysis,0,2,1,0,0,3,0,0,1,0,2,3,6,0,2,2,0,2
ODISHA,2003,Insanity/Mental Illness,1,17,11,8,5,42,1,6,8,1,1,17,59,2,23,19,9,6
ODISHA,2003,Other Prolonged Illness,0,7,20,32,13,72,0,24,11,9,2,46,118,0,31,31,41,15
ODISHA,2003,Death of Dear Person,0,1,1,1,0,3,0,33,25,0,0,58,61,0,34,26,1,0
ODISHA,2003,Dowry Dispute,0,0,0,0,0,0,0,49,20,3,0,72,72,0,49,20,3,0
ODISHA,2003,Divorce,0,0,1,1,0,2,0,1,2,1,0,4,6,0,1,3,2,0
ODISHA,2003,Drug Abuse/Addiction,0,0,0,0,0,0,0,0,0,0,0,0,0,0,0,0,0,0
ODISHA,2003,Failure in Examination,2,37,2,0,0,41,7,14,0,1,0,22,63,9,51,2,1,0
ODISHA,2003,Fall in Social Reputation,0,9,11,2,1,23,0,5,5,1,0,11,34,0,14,16,3,1
ODISHA,2003,Family Problems,2,196,226,131,28,583,0,174,122,90,29,415,998,2,370,348,221,57
ODISHA,2003,Ideological Causes/Hero Worshipping,0,11,7,1,1,20,0,8,1,0,0,9,29,0,19,8,1,1
ODISHA,2003,Illegitimate Pregnancy,0,0,0,0,0,0,0,15,8,0,0,23,23,0,15,8,0,0
ODISHA,2003,Love Affairs,2,90,39,0,0,131,5,79,64,0,0,148,279,7,169,103,0,0
ODISHA,2003,"Physical Abuse (Rape,Incest Etc.)",0,0,0,0,0,0,0,0,0,0,0,0,0,0,0,0,0,0
ODISHA,2003,Poverty,1,7,0,30,3,41,0,4,4,2,0,10,51,1,11,4,32,3
ODISHA,2003,Professional/Career Problem,0,4,1,0,0,5,0,0,0,0,0,0,5,0,4,1,0,0
ODISHA,2003,Property Dispute,0,13,3,2,1,19,0,0,0,0,0,0,19,0,13,3,2,1
ODISHA,2003,Unemployment,0,50,57,2,0,109,0,11,10,0,0,21,130,0,61,67,2,0
ODISHA,2003,Causes Not known,10,198,200,166,37,611,5,101,63,66,8,243,854,15,299,263,232,45
ODISHA,2003,Other Causes,49,265,299,275,84,972,27,208,100,99,25,459,1431,76,473,399,374,109
ODISHA,2003,Total,67,926,909,661,177,2740,46,802,483,281,68,1680,4420,113,1728,1392,942,245
ODISHA,2003,Total Illness,1,26,35,43,20,125,1,30,22,11,6,70,195,2,56,57,54,26
ODISHA,2004,Bankruptcy,0,2,8,4,0,14,1,1,2,0,0,4,18,1,3,10,4,0
ODISHA,2004,Suspected/Illicit Relation,1,38,25,3,0,67,3,70,22,0,0,95,162,4,108,47,3,0
ODISHA,2004,Cancellation/Non-Settlement of Marriage,0,1,0,0,0,1,0,10,3,0,0,13,14,0,11,3,0,0
ODISHA,2004,Infertility,0,0,1,2,0,3,0,3,10,4,0,17,20,0,3,11,6,0
ODISHA,2004,Illness (Aids/STD),0,0,2,0,0,2,0,1,1,0,0,2,4,0,1,3,0,0
ODISHA,2004,Cancer,0,0,4,7,7,18,0,0,2,1,1,4,22,0,0,6,8,8
ODISHA,2004,Paralysis,0,0,1,0,4,5,0,1,0,1,0,2,7,0,1,1,1,4
ODISHA,2004,Insanity/Mental Illness,1,15,18,16,5,55,1,13,5,3,1,23,78,2,28,23,19,6
ODISHA,2004,Other Prolonged Illness,1,10,26,28,7,72,0,9,32,15,9,65,137,1,19,58,43,16
ODISHA,2004,Death of Dear Person,2,1,0,2,1,6,0,2,4,3,0,9,15,2,3,4,5,1
ODISHA,2004,Dowry Dispute,0,5,0,0,0,5,0,87,39,1,0,127,132,0,92,39,1,0
ODISHA,2004,Divorce,0,0,1,0,0,1,0,2,1,0,0,3,4,0,2,2,0,0
ODISHA,2004,Drug Abuse/Addiction,0,1,1,2,0,4,0,0,0,0,0,0,4,0,1,1,2,0
ODISHA,2004,Failure in Examination,11,29,0,0,0,40,10,18,0,0,0,28,68,21,47,0,0,0
ODISHA,2004,Fall in Social Reputation,0,7,1,4,1,13,0,0,0,0,0,0,13,0,7,1,4,1
ODISHA,2004,Family Problems,4,140,265,186,44,639,9,172,144,83,36,444,1083,13,312,409,269,80
ODISHA,2004,Ideological Causes/Hero Worshipping,0,0,0,0,0,0,0,0,0,0,0,0,0,0,0,0,0,0
ODISHA,2004,Illegitimate Pregnancy,0,0,0,0,0,0,1,14,8,0,0,23,23,1,14,8,0,0
ODISHA,2004,Love Affairs,1,54,11,1,0,67,7,60,5,0,0,72,139,8,114,16,1,0
ODISHA,2004,"Physical Abuse (Rape,Incest Etc.)",0,0,0,0,0,0,0,3,1,0,0,4,4,0,3,1,0,0
ODISHA,2004,Poverty,0,0,3,2,0,5,0,2,3,0,0,5,10,0,2,6,2,0
ODISHA,2004,Professional/Career Problem,0,4,0,0,0,4,0,0,0,0,0,0,4,0,4,0,0,0
ODISHA,2004,Property Dispute,0,4,26,18,11,59,0,7,2,2,1,12,71,0,11,28,20,12
ODISHA,2004,Unemployment,0,55,68,0,1,124,0,6,14,1,0,21,145,0,61,82,1,1
ODISHA,2004,Causes Not known,28,190,195,121,34,568,20,126,94,33,17,290,858,48,316,289,154,51
ODISHA,2004,Other Causes,35,191,248,220,78,772,27,178,104,80,19,408,1180,62,369,352,300,97
ODISHA,2004,Total,84,747,904,616,193,2544,79,785,496,227,84,1671,4215,163,1532,1400,843,277
ODISHA,2004,Total Illness,2,25,51,51,23,152,1,24,40,20,11,96,248,3,49,91,71,34
ODISHA,2005,Bankruptcy,0,0,6,5,1,12,0,0,0,0,0,0,12,0,0,6,5,1
ODISHA,2005,Suspected/Illicit Relation,0,15,19,4,0,38,5,65,23,4,0,97,135,5,80,42,8,0
ODISHA,2005,Cancellation/Non-Settlement of Marriage,0,2,0,0,0,2,0,5,4,0,0,9,11,0,7,4,0,0
ODISHA,2005,Infertility,0,0,0,0,0,0,0,1,5,2,0,8,8,0,1,5,2,0
ODISHA,2005,Illness (Aids/STD),0,0,3,0,0,3,0,0,0,0,0,0,3,0,0,3,0,0
ODISHA,2005,Cancer,0,0,2,5,5,12,0,0,1,3,2,6,18,0,0,3,8,7
ODISHA,2005,Paralysis,0,0,0,0,0,0,0,0,0,0,0,0,0,0,0,0,0,0
ODISHA,2005,Insanity/Mental Illness,0,21,29,15,11,76,1,14,13,14,5,47,123,1,35,42,29,16
ODISHA,2005,Other Prolonged Illness,1,8,25,33,26,93,0,11,28,20,11,70,163,1,19,53,53,37
ODISHA,2005,Death of Dear Person,0,0,1,1,0,2,0,0,1,2,0,3,5,0,0,2,3,0
ODISHA,2005,Dowry Dispute,0,0,0,0,0,0,0,47,22,3,0,72,72,0,47,22,3,0
ODISHA,2005,Divorce,0,0,0,11,0,11,0,4,3,0,0,7,18,0,4,3,11,0
ODISHA,2005,Drug Abuse/Addiction,0,0,2,0,0,2,0,0,0,0,0,0,2,0,0,2,0,0
ODISHA,2005,Failure in Examination,4,27,0,0,0,31,4,10,0,0,0,14,45,8,37,0,0,0
ODISHA,2005,Fall in Social Reputation,0,0,4,0,0,4,0,0,2,0,0,2,6,0,0,6,0,0
ODISHA,2005,Family Problems,1,182,283,208,81,755,5,160,185,109,26,485,1240,6,342,468,317,107
ODISHA,2005,Ideological Causes/Hero Worshipping,0,1,0,0,0,1,0,0,0,0,0,0,1,0,1,0,0,0
ODISHA,2005,Illegitimate Pregnancy,0,0,0,0,0,0,1,23,8,0,0,32,32,1,23,8,0,0
ODISHA,2005,Love Affairs,2,48,11,0,0,61,5,74,9,1,0,89,150,7,122,20,1,0
ODISHA,2005,"Physical Abuse (Rape,Incest Etc.)",0,0,0,0,0,0,0,0,0,0,0,0,0,0,0,0,0,0
ODISHA,2005,Poverty,0,3,6,6,1,16,0,1,3,2,0,6,22,0,4,9,8,1
ODISHA,2005,Professional/Career Problem,0,7,5,0,0,12,0,0,0,0,0,0,12,0,7,5,0,0
ODISHA,2005,Property Dispute,0,1,6,21,4,32,0,0,2,0,1,3,35,0,1,8,21,5
ODISHA,2005,Unemployment,0,50,52,2,0,104,0,13,5,0,0,18,122,0,63,57,2,0
ODISHA,2005,Causes Not known,25,173,198,125,37,558,14,127,115,50,8,314,872,39,300,313,175,45
ODISHA,2005,Other Causes,25,188,267,182,67,729,25,131,143,53,20,372,1101,50,319,410,235,87
ODISHA,2005,Total,58,726,919,618,233,2554,60,686,572,263,73,1654,4208,118,1412,1491,881,306
ODISHA,2005,Total Illness,1,29,59,53,42,184,1,25,42,37,18,123,307,2,54,101,90,60
ODISHA,2006,Bankruptcy,0,1,8,3,0,12,0,0,0,0,0,0,12,0,1,8,3,0
ODISHA,2006,Suspected/Illicit Relation,0,38,17,2,0,57,3,58,19,0,0,80,137,3,96,36,2,0
ODISHA,2006,Cancellation/Non-Settlement of Marriage,0,2,0,0,0,2,0,1,3,0,0,4,6,0,3,3,0,0
ODISHA,2006,Infertility,0,0,1,0,2,3,0,3,5,2,0,10,13,0,3,6,2,2
ODISHA,2006,Illness (Aids/STD),0,0,2,2,1,5,0,0,0,0,0,0,5,0,0,2,2,1
ODISHA,2006,Cancer,0,0,0,1,4,5,0,1,4,3,0,8,13,0,1,4,4,4
ODISHA,2006,Paralysis,0,0,0,2,0,2,0,0,0,0,0,0,2,0,0,0,2,0
ODISHA,2006,Insanity/Mental Illness,2,21,23,21,10,77,0,7,13,3,5,28,105,2,28,36,24,15
ODISHA,2006,Other Prolonged Illness,0,11,34,36,13,94,0,10,19,20,2,51,145,0,21,53,56,15
ODISHA,2006,Death of Dear Person,0,2,0,0,0,2,0,0,0,0,0,0,2,0,2,0,0,0
ODISHA,2006,Dowry Dispute,0,0,0,0,0,0,0,31,8,0,0,39,39,0,31,8,0,0
ODISHA,2006,Divorce,0,0,0,0,0,0,0,7,2,1,0,10,10,0,7,2,1,0
ODISHA,2006,Drug Abuse/Addiction,0,0,0,0,0,0,0,0,0,0,0,0,0,0,0,0,0,0
ODISHA,2006,Failure in Examination,5,13,4,0,0,22,4,6,0,0,0,10,32,9,19,4,0,0
ODISHA,2006,Fall in Social Reputation,0,9,21,16,2,48,0,11,13,10,3,37,85,0,20,34,26,5
ODISHA,2006,Family Problems,5,153,220,126,47,551,7,168,130,68,21,394,945,12,321,350,194,68
ODISHA,2006,Ideological Causes/Hero Worshipping,0,0,0,0,0,0,0,0,0,0,0,0,0,0,0,0,0,0
ODISHA,2006,Illegitimate Pregnancy,0,0,0,0,0,0,1,16,4,0,0,21,21,1,16,4,0,0
ODISHA,2006,Love Affairs,1,40,15,5,0,61,4,58,8,2,0,72,133,5,98,23,7,0
ODISHA,2006,"Physical Abuse (Rape,Incest Etc.)",0,0,0,0,0,0,0,0,0,0,0,0,0,0,0,0,0,0
ODISHA,2006,Poverty,0,0,1,1,2,4,0,0,1,1,1,3,7,0,0,2,2,3
ODISHA,2006,Professional/Career Problem,0,0,2,1,0,3,0,0,4,0,0,4,7,0,0,6,1,0
ODISHA,2006,Property Dispute,0,5,8,13,5,31,0,1,0,0,0,1,32,0,6,8,13,5
ODISHA,2006,Unemployment,0,34,56,10,0,100,0,7,16,5,0,28,128,0,41,72,15,0
ODISHA,2006,Causes Not known,10,253,239,147,76,725,21,237,174,79,20,531,1256,31,490,413,226,96
ODISHA,2006,Other Causes,20,159,219,107,64,569,19,125,142,53,22,361,930,39,284,361,160,86
ODISHA,2006,Total,43,741,870,493,226,2373,59,747,565,247,74,1692,4065,102,1488,1435,740,300
ODISHA,2006,Total Illness,2,32,59,62,28,183,0,18,36,26,7,87,270,2,50,95,88,35
ODISHA,2007,Bankruptcy,0,1,0,0,0,1,0,2,0,0,0,2,3,0,3,0,0,0
ODISHA,2007,Suspected/Illicit Relation,0,19,6,3,0,28,0,33,18,2,0,53,81,0,52,24,5,0
ODISHA,2007,Cancellation/Non-Settlement of Marriage,0,7,2,0,0,9,0,19,1,0,0,20,29,0,26,3,0,0
ODISHA,2007,Infertility,0,0,0,0,0,0,0,6,8,0,0,14,14,0,6,8,0,0
ODISHA,2007,Illness (Aids/STD),0,3,3,2,4,12,0,5,1,0,3,9,21,0,8,4,2,7
ODISHA,2007,Cancer,0,0,0,0,0,0,0,2,5,4,0,11,11,0,2,5,4,0
ODISHA,2007,Paralysis,0,0,0,0,0,0,0,0,0,0,0,0,0,0,0,0,0,0
ODISHA,2007,Insanity/Mental Illness,3,14,11,7,4,39,1,7,5,3,1,17,56,4,21,16,10,5
ODISHA,2007,Other Prolonged Illness,1,25,47,54,34,161,1,23,22,14,8,68,229,2,48,69,68,42
ODISHA,2007,Death of Dear Person,0,0,2,0,0,2,0,13,8,0,0,21,23,0,13,10,0,0
ODISHA,2007,Dowry Dispute,0,0,0,0,0,0,0,57,14,0,0,71,71,0,57,14,0,0
ODISHA,2007,Divorce,0,0,0,0,0,0,0,15,12,1,0,28,28,0,15,12,1,0
ODISHA,2007,Drug Abuse/Addiction,0,0,0,0,0,0,0,0,0,0,0,0,0,0,0,0,0,0
ODISHA,2007,Failure in Examination,1,21,0,0,0,22,3,13,0,0,0,16,38,4,34,0,0,0
ODISHA,2007,Fall in Social Reputation,0,10,11,5,0,26,0,4,2,1,0,7,33,0,14,13,6,0
ODISHA,2007,Family Problems,7,202,267,172,68,716,3,199,172,71,20,465,1181,10,401,439,243,88
ODISHA,2007,Ideological Causes/Hero Worshipping,0,0,0,0,0,0,0,0,0,0,0,0,0,0,0,0,0,0
ODISHA,2007,Illegitimate Pregnancy,0,0,0,0,0,0,0,13,2,0,0,15,15,0,13,2,0,0
ODISHA,2007,Love Affairs,0,48,23,15,6,92,4,75,14,0,0,93,185,4,123,37,15,6
ODISHA,2007,"Physical Abuse (Rape,Incest Etc.)",0,0,0,0,0,0,0,0,0,0,0,0,0,0,0,0,0,0
ODISHA,2007,Poverty,0,0,2,2,2,6,0,0,0,0,1,1,7,0,0,2,2,3
ODISHA,2007,Professional/Career Problem,0,3,6,10,4,23,0,0,0,0,0,0,23,0,3,6,10,4
ODISHA,2007,Property Dispute,0,5,5,1,2,13,0,0,0,0,0,0,13,0,5,5,1,2
ODISHA,2007,Unemployment,0,34,8,4,0,46,0,12,1,0,0,13,59,0,46,9,4,0
ODISHA,2007,Causes Not known,24,213,264,148,63,712,29,208,144,71,25,477,1189,53,421,408,219,88
ODISHA,2007,Other Causes,41,171,191,118,59,580,29,172,127,76,15,419,999,70,343,318,194,74
ODISHA,2007,Total,77,776,848,541,246,2488,70,878,556,243,73,1820,4308,147,1654,1404,784,319
ODISHA,2007,Total Illness,4,42,61,63,42,212,2,37,33,21,12,105,317,6,79,94,84,54
ODISHA,2008,Bankruptcy,0,0,4,6,0,10,0,0,0,0,0,0,10,0,0,4,6,0
ODISHA,2008,Suspected/Illicit Relation,1,34,17,11,3,66,2,28,26,5,1,62,128,3,62,43,16,4
ODISHA,2008,Cancellation/Non-Settlement of Marriage,1,16,9,6,2,34,0,11,12,1,2,26,60,1,27,21,7,4
ODISHA,2008,Infertility,0,0,3,0,0,3,0,4,14,0,0,18,21,0,4,17,0,0
ODISHA,2008,Illness (Aids/STD),0,0,8,6,1,15,0,0,4,3,1,8,23,0,0,12,9,2
ODISHA,2008,Cancer,0,0,1,0,0,1,0,0,0,1,0,1,2,0,0,1,1,0
ODISHA,2008,Paralysis,0,0,0,1,0,1,0,0,0,0,0,0,1,0,0,0,1,0
ODISHA,2008,Insanity/Mental Illness,0,12,23,12,5,52,0,10,6,4,7,27,79,0,22,29,16,12
ODISHA,2008,Other Prolonged Illness,2,7,22,31,12,74,0,4,16,11,14,45,119,2,11,38,42,26
ODISHA,2008,Death of Dear Person,0,3,1,0,2,6,0,2,3,1,0,6,12,0,5,4,1,2
ODISHA,2008,Dowry Dispute,0,0,0,0,0,0,0,111,45,3,0,159,159,0,111,45,3,0
ODISHA,2008,Divorce,0,0,0,0,0,0,0,5,5,0,0,10,10,0,5,5,0,0
ODISHA,2008,Drug Abuse/Addiction,0,0,0,3,0,3,0,0,0,0,0,0,3,0,0,0,3,0
ODISHA,2008,Failure in Examination,2,29,0,0,0,31,3,19,1,0,0,23,54,5,48,1,0,0
ODISHA,2008,Fall in Social Reputation,0,1,18,2,0,21,0,7,4,0,0,11,32,0,8,22,2,0
ODISHA,2008,Family Problems,9,182,266,173,74,704,9,171,180,98,42,500,1204,18,353,446,271,116
ODISHA,2008,Ideological Causes/Hero Worshipping,0,0,0,0,0,0,0,0,0,0,0,0,0,0,0,0,0,0
ODISHA,2008,Illegitimate Pregnancy,0,0,0,0,0,0,2,18,1,0,0,21,21,2,18,1,0,0
ODISHA,2008,Love Affairs,1,68,27,7,4,107,4,78,20,2,1,105,212,5,146,47,9,5
ODISHA,2008,"Physical Abuse (Rape,Incest Etc.)",0,0,0,0,0,0,0,1,0,0,0,1,1,0,1,0,0,0
ODISHA,2008,Poverty,0,9,37,13,6,65,0,0,0,0,0,0,65,0,9,37,13,6
ODISHA,2008,Professional/Career Problem,0,18,8,3,0,29,0,1,1,0,0,2,31,0,19,9,3,0
ODISHA,2008,Property Dispute,0,1,18,14,0,33,0,0,2,2,1,5,38,0,1,20,16,1
ODISHA,2008,Unemployment,0,49,38,30,0,117,0,8,1,0,0,9,126,0,57,39,30,0
ODISHA,2008,Causes Not known,46,393,284,264,90,1077,28,183,176,80,29,496,1573,74,576,460,344,119
ODISHA,2008,Other Causes,52,222,237,131,64,706,7,59,79,48,21,214,920,59,281,316,179,85
ODISHA,2008,Total,114,1044,1021,713,263,3155,55,720,596,259,119,1749,4904,169,1764,1617,972,382
ODISHA,2008,Total Illness,2,19,54,50,18,143,0,14,26,19,22,81,224,2,33,80,69,40
ODISHA,2009,Bankruptcy,0,2,2,1,0,5,0,0,0,0,0,0,5,0,2,2,1,0
ODISHA,2009,Suspected/Illicit Relation,0,21,14,2,0,37,2,51,16,4,0,73,110,2,72,30,6,0
ODISHA,2009,Cancellation/Non-Settlement of Marriage,0,5,10,0,0,15,0,9,17,0,0,26,41,0,14,27,0,0
ODISHA,2009,Infertility,0,0,0,0,0,0,0,1,0,2,1,4,4,0,1,0,2,1
ODISHA,2009,Illness (Aids/STD),0,3,6,3,4,16,0,3,3,6,1,13,29,0,6,9,9,5
ODISHA,2009,Cancer,0,2,0,0,3,5,0,0,0,1,0,1,6,0,2,0,1,3
ODISHA,2009,Paralysis,0,0,0,0,0,0,0,0,0,0,0,0,0,0,0,0,0,0
ODISHA,2009,Insanity/Mental Illness,0,13,21,25,11,70,0,7,14,8,5,34,104,0,20,35,33,16
ODISHA,2009,Other Prolonged Illness,0,11,10,20,24,65,0,10,11,15,3,39,104,0,21,21,35,27
ODISHA,2009,Death of Dear Person,0,0,3,0,0,3,0,1,4,2,0,7,10,0,1,7,2,0
ODISHA,2009,Dowry Dispute,0,0,0,0,0,0,0,74,27,1,0,102,102,0,74,27,1,0
ODISHA,2009,Divorce,0,0,0,0,0,0,0,5,5,0,0,10,10,0,5,5,0,0
ODISHA,2009,Drug Abuse/Addiction,0,2,2,0,0,4,0,0,0,0,0,0,4,0,2,2,0,0
ODISHA,2009,Failure in Examination,10,52,4,0,0,66,5,32,0,0,0,37,103,15,84,4,0,0
ODISHA,2009,Fall in Social Reputation,0,2,7,12,8,29,0,8,6,0,0,14,43,0,10,13,12,8
ODISHA,2009,Family Problems,6,129,234,127,28,524,7,166,161,63,7,404,928,13,295,395,190,35
ODISHA,2009,Ideological Causes/Hero Worshipping,0,0,0,0,0,0,0,0,0,0,0,0,0,0,0,0,0,0
ODISHA,2009,Illegitimate Pregnancy,0,0,0,0,0,0,0,3,0,0,0,3,3,0,3,0,0,0
ODISHA,2009,Love Affairs,11,64,29,2,0,106,12,74,18,1,0,105,211,23,138,47,3,0
ODISHA,2009,"Physical Abuse (Rape,Incest Etc.)",0,0,0,0,0,0,0,1,0,0,1,2,2,0,1,0,0,1
ODISHA,2009,Poverty,0,2,2,5,0,9,0,0,0,0,0,0,9,0,2,2,5,0
ODISHA,2009,Professional/Career Problem,0,14,5,7,0,26,0,1,1,0,0,2,28,0,15,6,7,0
ODISHA,2009,Property Dispute,0,5,11,5,0,21,0,0,2,1,3,6,27,0,5,13,6,3
ODISHA,2009,Unemployment,0,77,35,0,0,112,0,21,5,0,0,26,138,0,98,40,0,0
ODISHA,2009,Causes Not known,27,206,230,138,84,685,17,165,154,73,43,452,1137,44,371,384,211,127
ODISHA,2009,Other Causes,15,236,289,181,48,769,24,151,153,88,22,438,1207,39,387,442,269,70
ODISHA,2009,Total,69,846,914,528,210,2567,67,783,597,265,86,1798,4365,136,1629,1511,793,296
ODISHA,2009,Total Illness,0,29,37,48,42,156,0,20,28,30,9,87,243,0,49,65,78,51
ODISHA,2010,Bankruptcy,0,4,7,7,1,19,0,0,0,0,0,0,19,0,4,7,7,1
ODISHA,2010,Suspected/Illicit Relation,4,24,23,12,6,69,4,45,29,6,1,85,154,8,69,52,18,7
ODISHA,2010,Cancellation/Non-Settlement of Marriage,0,11,7,0,0,18,0,29,10,2,0,41,59,0,40,17,2,0
ODISHA,2010,Infertility,0,0,0,0,1,1,0,2,3,1,0,6,7,0,2,3,1,1
ODISHA,2010,Illness (Aids/STD),1,2,6,6,5,20,0,0,7,5,5,17,37,1,2,13,11,10
ODISHA,2010,Cancer,0,0,0,0,0,0,0,0,0,0,0,0,0,0,0,0,0,0
ODISHA,2010,Paralysis,0,0,0,0,0,0,0,0,0,0,0,0,0,0,0,0,0,0
ODISHA,2010,Insanity/Mental Illness,1,10,15,18,7,51,1,14,14,13,2,44,95,2,24,29,31,9
ODISHA,2010,Other Prolonged Illness,0,4,17,22,15,58,1,11,10,13,5,40,98,1,15,27,35,20
ODISHA,2010,Death of Dear Person,0,5,2,0,0,7,0,3,3,0,0,6,13,0,8,5,0,0
ODISHA,2010,Dowry Dispute,0,2,0,0,0,2,1,59,23,1,1,85,87,1,61,23,1,1
ODISHA,2010,Divorce,0,0,0,0,0,0,0,2,1,0,0,3,3,0,2,1,0,0
ODISHA,2010,Drug Abuse/Addiction,0,0,6,0,0,6,0,0,0,0,0,0,6,0,0,6,0,0
ODISHA,2010,Failure in Examination,6,59,6,0,0,71,4,36,0,0,0,40,111,10,95,6,0,0
ODISHA,2010,Fall in Social Reputation,1,7,30,32,7,77,0,32,29,5,0,66,143,1,39,59,37,7
ODISHA,2010,Family Problems,5,127,195,104,34,465,9,190,134,67,16,416,881,14,317,329,171,50
ODISHA,2010,Ideological Causes/Hero Worshipping,0,1,0,0,0,1,0,0,0,0,1,1,2,0,1,0,0,1
ODISHA,2010,Illegitimate Pregnancy,0,0,0,0,0,0,0,3,3,0,0,6,6,0,3,3,0,0
ODISHA,2010,Love Affairs,2,66,28,6,1,103,10,86,28,1,0,125,228,12,152,56,7,1
ODISHA,2010,"Physical Abuse (Rape,Incest Etc.)",0,0,0,0,0,0,0,0,0,0,0,0,0,0,0,0,0,0
ODISHA,2010,Poverty,0,0,5,12,0,17,0,0,0,2,0,2,19,0,0,5,14,0
ODISHA,2010,Professional/Career Problem,0,5,2,0,0,7,0,1,0,0,0,1,8,0,6,2,0,0
ODISHA,2010,Property Dispute,0,5,13,13,1,32,0,0,4,3,1,8,40,0,5,17,16,2
ODISHA,2010,Unemployment,0,36,36,3,0,75,0,17,13,8,0,38,113,0,53,49,11,0
ODISHA,2010,Causes Not known,41,218,234,129,53,675,26,179,116,69,28,418,1093,67,397,350,198,81
ODISHA,2010,Other Causes,38,211,210,169,28,656,21,144,127,78,7,377,1033,59,355,337,247,35
ODISHA,2010,Total,99,797,842,533,159,2430,77,853,554,274,67,1825,4255,176,1650,1396,807,226
ODISHA,2010,Total Illness,2,16,38,46,27,129,2,25,31,31,12,101,230,4,41,69,77,39
ODISHA,2011,Bankruptcy,0,0,1,7,5,13,0,0,0,0,0,0,13,0,0,1,7,5
ODISHA,2011,Suspected/Illicit Relation,4,22,17,10,5,58,4,25,26,12,1,68,126,8,47,43,22,6
ODISHA,2011,Cancellation/Non-Settlement of Marriage,2,8,13,7,2,32,1,17,8,5,6,37,69,3,25,21,12,8
ODISHA,2011,Infertility,0,7,16,5,3,31,0,7,17,4,1,29,60,0,14,33,9,4
ODISHA,2011,Illness (Aids/STD),0,0,4,3,2,9,0,0,7,5,2,14,23,0,0,11,8,4
ODISHA,2011,Cancer,0,0,0,2,0,2,0,0,0,3,0,3,5,0,0,0,5,0
ODISHA,2011,Paralysis,0,0,6,4,0,10,0,0,0,5,0,5,15,0,0,6,9,0
ODISHA,2011,Insanity/Mental Illness,0,14,13,15,7,49,1,8,8,8,6,31,80,1,22,21,23,13
ODISHA,2011,Other Prolonged Illness,2,12,25,23,18,80,1,8,25,19,11,64,144,3,20,50,42,29
ODISHA,2011,Death of Dear Person,0,6,14,10,2,32,0,15,12,5,0,32,64,0,21,26,15,2
ODISHA,2011,Dowry Dispute,0,2,3,0,0,5,0,74,48,7,0,129,134,0,76,51,7,0
ODISHA,2011,Divorce,0,0,0,0,0,0,0,5,5,0,0,10,10,0,5,5,0,0
ODISHA,2011,Drug Abuse/Addiction,0,1,8,4,0,13,0,0,0,0,0,0,13,0,1,8,4,0
ODISHA,2011,Failure in Examination,9,42,3,1,1,56,9,31,1,1,0,42,98,18,73,4,2,1
ODISHA,2011,Fall in Social Reputation,0,25,41,13,0,79,0,30,34,3,1,68,147,0,55,75,16,1
ODISHA,2011,Family Problems,7,125,179,109,23,443,8,118,129,58,11,324,767,15,243,308,167,34
ODISHA,2011,Ideological Causes/Hero Worshipping,0,0,0,0,0,0,0,0,0,0,0,0,0,0,0,0,0,0
ODISHA,2011,Illegitimate Pregnancy,0,0,0,0,0,0,0,3,3,0,0,6,6,0,3,3,0,0
ODISHA,2011,Love Affairs,6,109,36,2,1,154,9,120,23,2,0,154,308,15,229,59,4,1
ODISHA,2011,"Physical Abuse (Rape,Incest Etc.)",0,0,0,0,0,0,0,0,0,0,0,0,0,0,0,0,0,0
ODISHA,2011,Poverty,0,0,1,9,3,13,0,0,2,2,0,4,17,0,0,3,11,3
ODISHA,2011,Professional/Career Problem,1,9,5,3,0,18,3,4,2,4,5,18,36,4,13,7,7,5
ODISHA,2011,Property Dispute,0,21,22,8,3,54,0,7,6,1,0,14,68,0,28,28,9,3
ODISHA,2011,Unemployment,0,30,58,22,0,110,0,25,15,2,0,42,152,0,55,73,24,0
ODISHA,2011,Causes Not known,46,241,279,195,81,842,36,142,139,102,44,463,1305,82,383,418,297,125
ODISHA,2011,Other Causes,67,342,282,195,71,957,49,233,195,108,39,624,1581,116,575,477,303,110
ODISHA,2011,Total,144,1016,1026,647,227,3060,121,872,705,356,127,2181,5241,265,1888,1731,1003,354
ODISHA,2011,Total Illness,2,26,48,47,27,150,2,16,40,40,19,117,267,4,42,88,87,46
ODISHA,2012,Bankruptcy,0,0,12,19,5,36,0,0,0,0,0,0,36,0,0,12,19,5
ODISHA,2012,Suspected/Illicit Relation,0,28,26,14,0,68,5,37,25,6,0,73,141,5,65,51,20,0
ODISHA,2012,Cancellation/Non-Settlement of Marriage,0,11,8,2,0,21,0,14,13,5,0,32,53,0,25,21,7,0
ODISHA,2012,Infertility,0,0,0,0,0,0,0,3,2,0,0,5,5,0,3,2,0,0
ODISHA,2012,Illness (Aids/STD),0,0,6,8,4,18,0,0,5,7,3,15,33,0,0,11,15,7
ODISHA,2012,Cancer,0,11,9,18,0,38,0,4,3,3,1,11,49,0,15,12,21,1
ODISHA,2012,Paralysis,0,0,0,0,0,0,0,0,0,0,0,0,0,0,0,0,0,0
ODISHA,2012,Insanity/Mental Illness,0,25,15,12,5,57,0,14,6,6,2,28,85,0,39,21,18,7
ODISHA,2012,Other Prolonged Illness,0,6,18,21,15,60,1,4,10,8,7,30,90,1,10,28,29,22
ODISHA,2012,Death of Dear Person,0,0,2,3,5,10,0,1,4,6,0,11,21,0,1,6,9,5
ODISHA,2012,Dowry Dispute,0,0,0,0,0,0,0,78,27,2,0,107,107,0,78,27,2,0
ODISHA,2012,Divorce,0,0,0,0,0,0,0,5,1,0,0,6,6,0,5,1,0,0
ODISHA,2012,Drug Abuse/Addiction,1,4,8,2,0,15,0,0,0,0,0,0,15,1,4,8,2,0
ODISHA,2012,Failure in Examination,7,55,0,0,0,62,10,44,0,0,0,54,116,17,99,0,0,0
ODISHA,2012,Fall in Social Reputation,0,8,10,14,1,33,0,24,10,5,0,39,72,0,32,20,19,1
ODISHA,2012,Family Problems,3,125,259,133,38,558,9,97,169,70,8,353,911,12,222,428,203,46
ODISHA,2012,Ideological Causes/Hero Worshipping,0,0,0,0,0,0,0,3,0,0,0,3,3,0,3,0,0,0
ODISHA,2012,Illegitimate Pregnancy,0,0,0,0,0,0,0,5,0,0,0,5,5,0,5,0,0,0
ODISHA,2012,Love Affairs,4,87,38,0,0,129,23,125,48,0,0,196,325,27,212,86,0,0
ODISHA,2012,"Physical Abuse (Rape,Incest Etc.)",0,0,0,0,0,0,0,0,0,0,0,0,0,0,0,0,0,0
ODISHA,2012,Poverty,0,0,2,8,0,10,0,4,2,2,0,8,18,0,4,4,10,0
ODISHA,2012,Professional/Career Problem,0,4,6,2,0,12,0,1,2,1,0,4,16,0,5,8,3,0
ODISHA,2012,Property Dispute,0,8,6,5,0,19,0,4,5,3,0,12,31,0,12,11,8,0
ODISHA,2012,Unemployment,0,20,20,5,0,45,0,8,5,3,0,16,61,0,28,25,8,0
ODISHA,2012,Causes Not known,49,242,246,174,76,787,33,197,185,82,35,532,1319,82,439,431,256,111
ODISHA,2012,Other Causes,80,233,273,239,93,918,62,157,199,120,53,591,1509,142,390,472,359,146
ODISHA,2012,Total,144,867,964,679,242,2896,143,829,721,329,109,2131,5027,287,1696,1685,1008,351
ODISHA,2012,Total Illness,0,42,48,59,24,173,1,22,24,24,13,84,257,1,64,72,83,37
PUNJAB,2001,Bankruptcy,0,2,2,3,0,7,0,0,1,0,0,1,8,0,2,3,3,0
PUNJAB,2001,Suspected/Illicit Relation,0,4,1,0,0,5,0,2,0,0,0,2,7,0,6,1,0,0
PUNJAB,2001,Cancellation/Non-Settlement of Marriage,0,0,0,0,0,0,0,0,0,0,0,0,0,0,0,0,0,0
PUNJAB,2001,Infertility,0,1,2,0,1,4,0,6,0,0,0,6,10,0,7,2,0,1
PUNJAB,2001,Illness (Aids/STD),0,0,0,0,0,0,0,0,0,0,0,0,0,0,0,0,0,0
PUNJAB,2001,Cancer,0,0,0,0,0,0,0,0,0,0,0,0,0,0,0,0,0,0
PUNJAB,2001,Paralysis,0,21,25,19,15,80,0,8,6,2,2,18,98,0,29,31,21,17
PUNJAB,2001,Insanity/Mental Illness,0,4,9,28,13,54,0,1,1,2,2,6,60,0,5,10,30,15
PUNJAB,2001,Other Prolonged Illness,0,0,0,0,0,0,0,1,0,0,0,1,1,0,1,0,0,0
PUNJAB,2001,Death of Dear Person,0,0,0,0,0,0,0,6,5,0,0,11,11,0,6,5,0,0
PUNJAB,2001,Dowry Dispute,0,1,0,0,0,1,0,0,0,0,0,0,1,0,1,0,0,0
PUNJAB,2001,Divorce,0,9,9,20,11,49,0,0,0,0,0,0,49,0,9,9,20,11
PUNJAB,2001,Drug Abuse/Addiction,0,3,0,0,0,3,0,4,0,0,0,4,7,0,7,0,0,0
PUNJAB,2001,Failure in Examination,0,2,1,0,0,3,0,0,0,0,0,0,3,0,2,1,0,0
PUNJAB,2001,Fall in Social Reputation,0,20,0,16,4,40,0,33,16,1,2,52,92,0,53,16,17,6
PUNJAB,2001,Family Problems,0,8,0,1,0,9,0,4,4,0,1,9,18,0,12,4,1,1
PUNJAB,2001,Ideological Causes/Hero Worshipping,0,0,0,0,0,0,0,0,0,0,0,0,0,0,0,0,0,0
PUNJAB,2001,Illegitimate Pregnancy,0,4,0,0,0,4,0,5,0,0,0,5,9,0,9,0,0,0
PUNJAB,2001,Love Affairs,0,0,0,0,0,0,0,0,0,0,0,0,0,0,0,0,0,0
PUNJAB,2001,"Physical Abuse (Rape,Incest Etc.)",0,4,9,6,0,19,0,3,4,1,0,8,27,0,7,13,7,0
PUNJAB,2001,Poverty,0,0,0,0,1,1,0,0,0,0,0,0,1,0,0,0,0,1
PUNJAB,2001,Professional/Career Problem,1,0,0,0,0,1,0,0,0,0,0,0,1,1,0,0,0,0
PUNJAB,2001,Property Dispute,0,29,0,36,21,86,0,14,1,8,2,25,111,0,43,1,44,23
PUNJAB,2001,Unemployment,0,8,0,2,0,10,0,8,1,0,0,9,19,0,16,1,2,0
PUNJAB,2001,Causes Not known,0,4,1,1,0,6,0,51,27,5,9,92,98,0,55,28,6,9
PUNJAB,2001,Other Causes,0,5,5,3,1,14,0,3,0,0,0,3,17,0,8,5,3,1
PUNJAB,2001,Total,1,129,64,135,67,396,0,149,66,19,18,252,648,1,278,130,154,85
PUNJAB,2001,Total Illness,0,25,34,47,28,134,0,10,7,4,4,25,159,0,35,41,51,32
PUNJAB,2002,Bankruptcy,0,0,1,0,0,1,0,0,0,0,0,0,1,0,0,1,0,0
PUNJAB,2002,Suspected/Illicit Relation,0,1,1,0,0,2,0,3,0,1,0,4,6,0,4,1,1,0
PUNJAB,2002,Cancellation/Non-Settlement of Marriage,0,1,1,0,0,2,0,0,2,0,0,2,4,0,1,3,0,0
PUNJAB,2002,Infertility,0,0,0,0,0,0,0,0,0,1,0,1,1,0,0,0,1,0
PUNJAB,2002,Illness (Aids/STD),0,1,1,0,0,2,0,3,0,0,0,3,5,0,4,1,0,0
PUNJAB,2002,Cancer,0,0,1,0,0,1,0,0,0,0,2,2,3,0,0,1,0,2
PUNJAB,2002,Paralysis,0,20,22,12,5,59,0,6,3,1,1,11,70,0,26,25,13,6
PUNJAB,2002,Insanity/Mental Illness,0,22,20,4,1,47,0,6,8,0,0,14,61,0,28,28,4,1
PUNJAB,2002,Other Prolonged Illness,0,3,13,6,5,27,0,4,1,2,0,7,34,0,7,14,8,5
PUNJAB,2002,Death of Dear Person,0,10,8,5,4,27,0,2,1,0,0,3,30,0,12,9,5,4
PUNJAB,2002,Dowry Dispute,0,0,0,0,0,0,0,0,2,0,0,2,2,0,0,2,0,0
PUNJAB,2002,Divorce,0,2,0,0,0,2,0,1,0,0,0,1,3,0,3,0,0,0
PUNJAB,2002,Drug Abuse/Addiction,0,8,7,3,0,18,0,0,0,0,0,0,18,0,8,7,3,0
PUNJAB,2002,Failure in Examination,0,1,4,1,0,6,0,13,7,0,0,20,26,0,14,11,1,0
PUNJAB,2002,Fall in Social Reputation,17,9,0,0,0,26,0,6,1,1,0,8,34,17,15,1,1,0
PUNJAB,2002,Family Problems,0,0,0,0,0,0,0,0,0,0,0,0,0,0,0,0,0,0
PUNJAB,2002,Ideological Causes/Hero Worshipping,0,0,1,0,0,1,0,1,0,0,0,1,2,0,1,1,0,0
PUNJAB,2002,Illegitimate Pregnancy,0,3,0,1,0,4,0,1,0,0,0,1,5,0,4,0,1,0
PUNJAB,2002,Love Affairs,0,0,0,0,0,0,0,0,0,0,0,0,0,0,0,0,0,0
PUNJAB,2002,"Physical Abuse (Rape,Incest Etc.)",0,11,12,4,2,29,0,0,3,0,0,3,32,0,11,15,4,2
PUNJAB,2002,Poverty,0,2,0,0,0,2,0,0,0,0,0,0,2,0,2,0,0,0
PUNJAB,2002,Professional/Career Problem,0,1,0,1,0,2,1,2,0,0,0,3,5,1,3,0,1,0
PUNJAB,2002,Property Dispute,0,4,2,0,0,6,0,0,0,0,0,0,6,0,4,2,0,0
PUNJAB,2002,Unemployment,0,14,8,5,3,30,1,5,1,0,0,7,37,1,19,9,5,3
PUNJAB,2002,Causes Not known,0,37,27,30,9,103,0,11,6,0,0,17,120,0,48,33,30,9
PUNJAB,2002,Other Causes,0,0,0,0,0,0,0,0,0,0,0,0,0,0,0,0,0,0
PUNJAB,2002,Total,17,150,129,72,29,397,2,64,35,6,3,110,507,19,214,164,78,32
PUNJAB,2002,Total Illness,0,46,57,22,11,136,0,19,12,3,3,37,173,0,65,69,25,14
PUNJAB,2003,Bankruptcy,0,3,1,1,0,5,0,0,0,0,0,0,5,0,3,1,1,0
PUNJAB,2003,Suspected/Illicit Relation,0,0,0,0,0,0,0,1,2,0,0,3,3,0,1,2,0,0
PUNJAB,2003,Cancellation/Non-Settlement of Marriage,0,1,0,0,0,1,0,0,0,0,0,0,1,0,1,0,0,0
PUNJAB,2003,Infertility,0,0,1,0,0,1,0,1,2,0,0,3,4,0,1,3,0,0
PUNJAB,2003,Illness (Aids/STD),0,0,2,0,0,2,0,1,0,0,0,1,3,0,1,2,0,0
PUNJAB,2003,Cancer,0,0,0,0,1,1,0,0,2,0,1,3,4,0,0,2,0,2
PUNJAB,2003,Paralysis,0,0,0,0,0,0,0,0,0,0,0,0,0,0,0,0,0,0
PUNJAB,2003,Insanity/Mental Illness,0,29,30,18,11,88,1,8,8,2,1,20,108,1,37,38,20,12
PUNJAB,2003,Other Prolonged Illness,0,10,2,9,4,25,0,6,3,1,0,10,35,0,16,5,10,4
PUNJAB,2003,Death of Dear Person,0,0,0,0,0,0,0,0,1,0,0,1,1,0,0,1,0,0
PUNJAB,2003,Dowry Dispute,0,0,0,0,0,0,0,4,2,0,0,6,6,0,4,2,0,0
PUNJAB,2003,Divorce,0,0,0,0,0,0,0,0,0,0,0,0,0,0,0,0,0,0
PUNJAB,2003,Drug Abuse/Addiction,0,15,13,4,2,34,1,2,0,0,0,3,37,1,17,13,4,2
PUNJAB,2003,Failure in Examination,0,3,0,0,0,3,0,2,0,0,0,2,5,0,5,0,0,0
PUNJAB,2003,Fall in Social Reputation,1,1,0,0,0,2,0,0,0,0,0,0,2,1,1,0,0,0
PUNJAB,2003,Family Problems,0,19,25,15,2,61,0,14,13,1,0,28,89,0,33,38,16,2
PUNJAB,2003,Ideological Causes/Hero Worshipping,0,8,2,3,2,15,0,1,1,0,0,2,17,0,9,3,3,2
PUNJAB,2003,Illegitimate Pregnancy,0,0,0,0,0,0,0,2,0,0,0,2,2,0,2,0,0,0
PUNJAB,2003,Love Affairs,1,12,9,2,0,24,1,4,2,2,0,9,33,2,16,11,4,0
PUNJAB,2003,"Physical Abuse (Rape,Incest Etc.)",0,24,17,4,2,47,1,4,3,0,0,8,55,1,28,20,4,2
PUNJAB,2003,Poverty,0,8,13,5,2,28,0,0,5,0,0,5,33,0,8,18,5,2
PUNJAB,2003,Professional/Career Problem,0,0,2,0,0,2,0,0,0,0,0,0,2,0,0,2,0,0
PUNJAB,2003,Property Dispute,0,0,0,0,0,0,0,0,0,0,0,0,0,0,0,0,0,0
PUNJAB,2003,Unemployment,0,8,2,0,0,10,0,0,0,0,0,0,10,0,8,2,0,0
PUNJAB,2003,Causes Not known,1,69,31,29,14,144,1,5,5,4,2,17,161,2,74,36,33,16
PUNJAB,2003,Other Causes,0,4,6,2,1,13,0,1,1,0,0,2,15,0,5,7,2,1
PUNJAB,2003,Total,3,214,156,92,41,506,5,56,50,10,4,125,631,8,270,206,102,45
PUNJAB,2003,Total Illness,0,39,34,27,16,116,1,15,13,3,2,34,150,1,54,47,30,18
PUNJAB,2004,Bankruptcy,0,3,2,1,0,6,0,0,0,0,0,0,6,0,3,2,1,0
PUNJAB,2004,Suspected/Illicit Relation,0,2,0,0,0,2,0,1,2,0,0,3,5,0,3,2,0,0
PUNJAB,2004,Cancellation/Non-Settlement of Marriage,0,0,1,0,0,1,0,2,0,0,0,2,3,0,2,1,0,0
PUNJAB,2004,Infertility,0,0,1,0,0,1,0,1,1,0,0,2,3,0,1,2,0,0
PUNJAB,2004,Illness (Aids/STD),0,0,0,0,0,0,0,0,0,0,0,0,0,0,0,0,0,0
PUNJAB,2004,Cancer,0,0,0,2,0,2,0,0,1,0,0,1,3,0,0,1,2,0
PUNJAB,2004,Paralysis,0,0,0,0,0,0,0,0,1,0,0,1,1,0,0,1,0,0
PUNJAB,2004,Insanity/Mental Illness,1,58,50,35,10,154,0,19,11,8,5,43,197,1,77,61,43,15
PUNJAB,2004,Other Prolonged Illness,0,14,15,17,15,61,0,5,2,2,0,9,70,0,19,17,19,15
PUNJAB,2004,Death of Dear Person,0,1,0,0,1,2,0,2,1,0,0,3,5,0,3,1,0,1
PUNJAB,2004,Dowry Dispute,0,0,0,0,0,0,10,2,0,0,0,12,12,10,2,0,0,0
PUNJAB,2004,Divorce,0,0,2,0,1,3,0,0,0,1,0,1,4,0,0,2,1,1
PUNJAB,2004,Drug Abuse/Addiction,0,22,27,7,2,58,0,1,0,0,0,1,59,0,23,27,7,2
PUNJAB,2004,Failure in Examination,0,3,1,0,0,4,0,4,3,1,0,8,12,0,7,4,1,0
PUNJAB,2004,Fall in Social Reputation,0,2,2,0,0,4,0,0,0,0,0,0,4,0,2,2,0,0
PUNJAB,2004,Family Problems,2,16,24,11,2,55,1,9,11,0,0,21,76,3,25,35,11,2
PUNJAB,2004,Ideological Causes/Hero Worshipping,1,3,4,2,2,12,0,5,4,0,0,9,21,1,8,8,2,2
PUNJAB,2004,Illegitimate Pregnancy,0,0,0,0,0,0,1,0,0,0,0,1,1,1,0,0,0,0
PUNJAB,2004,Love Affairs,0,3,1,0,0,4,0,4,0,0,0,4,8,0,7,1,0,0
PUNJAB,2004,"Physical Abuse (Rape,Incest Etc.)",0,0,0,0,0,0,0,0,0,0,0,0,0,0,0,0,0,0
PUNJAB,2004,Poverty,0,7,4,4,0,15,0,1,0,0,0,1,16,0,8,4,4,0
PUNJAB,2004,Professional/Career Problem,0,2,0,0,0,2,0,0,0,0,0,0,2,0,2,0,0,0
PUNJAB,2004,Property Dispute,0,1,4,2,0,7,0,0,0,0,0,0,7,0,1,4,2,0
PUNJAB,2004,Unemployment,0,5,0,2,0,7,0,1,0,0,0,1,8,0,6,0,2,0
PUNJAB,2004,Causes Not known,0,36,44,21,6,107,2,1,2,1,0,6,113,2,37,46,22,6
PUNJAB,2004,Other Causes,0,8,1,0,0,9,0,0,0,0,0,0,9,0,8,1,0,0
PUNJAB,2004,Total,4,186,183,104,39,516,14,58,39,13,5,129,645,18,244,222,117,44
PUNJAB,2004,Total Illness,1,72,65,54,25,217,0,24,15,10,5,54,271,1,96,80,64,30
PUNJAB,2005,Bankruptcy,0,1,1,2,0,4,0,0,1,0,0,1,5,0,1,2,2,0
PUNJAB,2005,Suspected/Illicit Relation,0,7,8,1,0,16,0,5,4,0,0,9,25,0,12,12,1,0
PUNJAB,2005,Cancellation/Non-Settlement of Marriage,0,0,0,0,0,0,0,0,0,2,0,2,2,0,0,0,2,0
PUNJAB,2005,Infertility,0,0,1,0,0,1,0,0,2,0,0,2,3,0,0,3,0,0
PUNJAB,2005,Illness (Aids/STD),0,0,0,0,0,0,0,0,0,0,0,0,0,0,0,0,0,0
PUNJAB,2005,Cancer,0,0,0,0,0,0,0,0,0,0,0,0,0,0,0,0,0,0
PUNJAB,2005,Paralysis,0,0,0,0,0,0,0,0,0,0,0,0,0,0,0,0,0,0
PUNJAB,2005,Insanity/Mental Illness,0,69,62,57,17,205,2,6,8,9,0,25,230,2,75,70,66,17
PUNJAB,2005,Other Prolonged Illness,0,8,10,9,4,31,0,4,1,2,1,8,39,0,12,11,11,5
PUNJAB,2005,Death of Dear Person,0,0,1,0,0,1,0,0,0,0,0,0,1,0,0,1,0,0
PUNJAB,2005,Dowry Dispute,0,0,0,0,0,0,0,0,4,1,0,5,5,0,0,4,1,0
PUNJAB,2005,Divorce,0,0,0,0,0,0,0,0,0,0,0,0,0,0,0,0,0,0
PUNJAB,2005,Drug Abuse/Addiction,0,17,10,3,0,30,0,0,0,0,0,0,30,0,17,10,3,0
PUNJAB,2005,Failure in Examination,0,6,0,0,0,6,0,3,0,0,1,4,10,0,9,0,0,1
PUNJAB,2005,Fall in Social Reputation,0,7,4,0,0,11,0,4,7,1,0,12,23,0,11,11,1,0
PUNJAB,2005,Family Problems,0,15,29,18,5,67,0,12,0,4,0,16,83,0,27,29,22,5
PUNJAB,2005,Ideological Causes/Hero Worshipping,0,0,0,0,0,0,0,0,0,0,0,0,0,0,0,0,0,0
PUNJAB,2005,Illegitimate Pregnancy,0,1,0,0,0,1,0,0,0,0,0,0,1,0,1,0,0,0
PUNJAB,2005,Love Affairs,0,3,2,0,0,5,0,2,0,0,0,2,7,0,5,2,0,0
PUNJAB,2005,"Physical Abuse (Rape,Incest Etc.)",0,0,1,0,0,1,0,0,0,0,0,0,1,0,0,1,0,0
PUNJAB,2005,Poverty,0,8,10,4,2,24,0,5,2,1,0,8,32,0,13,12,5,2
PUNJAB,2005,Professional/Career Problem,0,2,2,2,0,6,0,0,0,0,0,0,6,0,2,2,2,0
PUNJAB,2005,Property Dispute,0,0,0,0,0,0,0,0,0,0,0,0,0,0,0,0,0,0
PUNJAB,2005,Unemployment,0,14,3,1,1,19,0,0,7,0,0,7,26,0,14,10,1,1
PUNJAB,2005,Causes Not known,0,0,20,14,10,44,0,1,2,0,0,3,47,0,1,22,14,10
PUNJAB,2005,Other Causes,0,6,3,1,0,10,0,0,2,0,0,2,12,0,6,5,1,0
PUNJAB,2005,Total,0,164,167,112,39,482,2,42,40,20,2,106,588,2,206,207,132,41
PUNJAB,2005,Total Illness,0,77,72,66,21,236,2,10,9,11,1,33,269,2,87,81,77,22
PUNJAB,2006,Bankruptcy,0,1,0,3,1,5,0,0,1,0,0,1,6,0,1,1,3,1
PUNJAB,2006,Suspected/Illicit Relation,0,0,2,0,0,2,0,3,1,1,0,5,7,0,3,3,1,0
PUNJAB,2006,Cancellation/Non-Settlement of Marriage,0,2,1,0,0,3,0,2,0,0,0,2,5,0,4,1,0,0
PUNJAB,2006,Infertility,0,2,4,0,0,6,0,1,3,0,0,4,10,0,3,7,0,0
PUNJAB,2006,Illness (Aids/STD),0,1,2,0,0,3,0,0,0,0,0,0,3,0,1,2,0,0
PUNJAB,2006,Cancer,0,0,0,0,0,0,0,0,0,0,0,0,0,0,0,0,0,0
PUNJAB,2006,Paralysis,0,4,4,2,1,11,0,0,0,1,0,1,12,0,4,4,3,1
PUNJAB,2006,Insanity/Mental Illness,1,65,66,50,21,203,2,10,11,3,1,27,230,3,75,77,53,22
PUNJAB,2006,Other Prolonged Illness,1,8,10,12,3,34,0,4,4,2,0,10,44,1,12,14,14,3
PUNJAB,2006,Death of Dear Person,0,1,1,0,0,2,0,3,1,0,0,4,6,0,4,2,0,0
PUNJAB,2006,Dowry Dispute,0,0,0,0,0,0,0,1,3,2,0,6,6,0,1,3,2,0
PUNJAB,2006,Divorce,0,0,0,0,0,0,0,0,0,0,0,0,0,0,0,0,0,0
PUNJAB,2006,Drug Abuse/Addiction,0,15,25,4,3,47,0,0,0,0,0,0,47,0,15,25,4,3
PUNJAB,2006,Failure in Examination,0,5,0,0,0,5,0,7,0,0,0,7,12,0,12,0,0,0
PUNJAB,2006,Fall in Social Reputation,0,3,1,0,0,4,0,1,1,1,0,3,7,0,4,2,1,0
PUNJAB,2006,Family Problems,3,33,25,16,7,84,5,22,13,2,1,43,127,8,55,38,18,8
PUNJAB,2006,Ideological Causes/Hero Worshipping,0,6,6,0,3,15,0,0,0,0,0,0,15,0,6,6,0,3
PUNJAB,2006,Illegitimate Pregnancy,0,0,0,0,0,0,0,3,1,2,0,6,6,0,3,1,2,0
PUNJAB,2006,Love Affairs,0,5,0,0,0,5,0,3,0,0,0,3,8,0,8,0,0,0
PUNJAB,2006,"Physical Abuse (Rape,Incest Etc.)",0,0,0,0,0,0,0,0,0,0,0,0,0,0,0,0,0,0
PUNJAB,2006,Poverty,0,3,3,5,0,11,0,0,0,0,0,0,11,0,3,3,5,0
PUNJAB,2006,Professional/Career Problem,0,6,1,0,0,7,0,0,0,0,0,0,7,0,6,1,0,0
PUNJAB,2006,Property Dispute,0,0,0,0,1,1,0,0,0,0,0,0,1,0,0,0,0,1
PUNJAB,2006,Unemployment,0,6,3,1,0,10,0,2,0,0,0,2,12,0,8,3,1,0
PUNJAB,2006,Causes Not known,2,37,48,26,5,118,4,13,9,1,0,27,145,6,50,57,27,5
PUNJAB,2006,Other Causes,4,13,9,5,3,34,5,4,1,1,0,11,45,9,17,10,6,3
PUNJAB,2006,Total,11,216,211,124,48,610,16,79,49,16,2,162,772,27,295,260,140,50
PUNJAB,2006,Total Illness,2,78,82,64,25,251,2,14,15,6,1,38,289,4,92,97,70,26
PUNJAB,2007,Bankruptcy,0,0,6,3,3,12,0,0,1,0,0,1,13,0,0,7,3,3
PUNJAB,2007,Suspected/Illicit Relation,1,1,2,0,0,4,1,3,1,0,0,5,9,2,4,3,0,0
PUNJAB,2007,Cancellation/Non-Settlement of Marriage,0,0,0,0,0,0,0,2,0,0,0,2,2,0,2,0,0,0
PUNJAB,2007,Infertility,0,2,2,1,0,5,0,0,0,0,0,0,5,0,2,2,1,0
PUNJAB,2007,Illness (Aids/STD),0,1,1,0,0,2,0,0,1,0,0,1,3,0,1,2,0,0
PUNJAB,2007,Cancer,0,1,0,1,0,2,0,0,0,1,0,1,3,0,1,0,2,0
PUNJAB,2007,Paralysis,0,0,0,0,0,0,0,0,1,0,0,1,1,0,0,1,0,0
PUNJAB,2007,Insanity/Mental Illness,0,52,47,35,16,150,4,16,16,5,3,44,194,4,68,63,40,19
PUNJAB,2007,Other Prolonged Illness,0,15,18,6,8,47,0,5,5,3,0,13,60,0,20,23,9,8
PUNJAB,2007,Death of Dear Person,0,1,0,1,2,4,0,1,2,0,0,3,7,0,2,2,1,2
PUNJAB,2007,Dowry Dispute,0,0,0,0,0,0,0,3,3,0,0,6,6,0,3,3,0,0
PUNJAB,2007,Divorce,0,0,1,0,0,1,0,0,0,0,0,0,1,0,0,1,0,0
PUNJAB,2007,Drug Abuse/Addiction,0,15,10,5,1,31,0,0,0,0,0,0,31,0,15,10,5,1
PUNJAB,2007,Failure in Examination,0,4,0,0,0,4,1,4,0,0,0,5,9,1,8,0,0,0
PUNJAB,2007,Fall in Social Reputation,1,8,7,1,0,17,1,16,8,0,0,25,42,2,24,15,1,0
PUNJAB,2007,Family Problems,1,32,42,16,3,94,1,33,22,5,0,61,155,2,65,64,21,3
PUNJAB,2007,Ideological Causes/Hero Worshipping,0,1,2,0,0,3,0,1,0,0,0,1,4,0,2,2,0,0
PUNJAB,2007,Illegitimate Pregnancy,0,6,2,5,1,14,0,0,0,0,0,0,14,0,6,2,5,1
PUNJAB,2007,Love Affairs,0,7,0,0,0,7,1,4,0,0,0,5,12,1,11,0,0,0
PUNJAB,2007,"Physical Abuse (Rape,Incest Etc.)",0,0,0,0,0,0,0,1,0,0,0,1,1,0,1,0,0,0
PUNJAB,2007,Poverty,0,8,6,1,0,15,0,2,2,1,0,5,20,0,10,8,2,0
PUNJAB,2007,Professional/Career Problem,0,0,1,1,0,2,0,0,0,0,0,0,2,0,0,1,1,0
PUNJAB,2007,Property Dispute,0,0,1,0,0,1,0,0,0,0,0,0,1,0,0,1,0,0
PUNJAB,2007,Unemployment,0,6,4,3,2,15,0,1,2,0,0,3,18,0,7,6,3,2
PUNJAB,2007,Causes Not known,2,57,55,28,15,157,1,16,3,1,1,22,179,3,73,58,29,16
PUNJAB,2007,Other Causes,0,19,9,10,7,45,3,4,2,1,0,10,55,3,23,11,11,7
PUNJAB,2007,Total,5,236,216,117,58,632,13,112,69,17,4,215,847,18,348,285,134,62
PUNJAB,2007,Total Illness,0,69,66,42,24,201,4,21,23,9,3,60,261,4,90,89,51,27
PUNJAB,2008,Bankruptcy,1,3,5,5,0,14,1,0,1,0,0,2,16,2,3,6,5,0
PUNJAB,2008,Suspected/Illicit Relation,1,5,4,1,1,12,1,5,1,0,0,7,19,2,10,5,1,1
PUNJAB,2008,Cancellation/Non-Settlement of Marriage,0,1,1,0,0,2,0,0,0,0,0,0,2,0,1,1,0,0
PUNJAB,2008,Infertility,0,0,3,0,0,3,0,2,3,0,0,5,8,0,2,6,0,0
PUNJAB,2008,Illness (Aids/STD),0,0,6,0,0,6,0,0,0,0,0,0,6,0,0,6,0,0
PUNJAB,2008,Cancer,0,0,0,0,0,0,0,1,1,0,0,2,2,0,1,1,0,0
PUNJAB,2008,Paralysis,0,11,10,5,3,29,0,5,2,0,0,7,36,0,16,12,5,3
PUNJAB,2008,Insanity/Mental Illness,0,49,52,27,15,143,0,15,10,6,2,33,176,0,64,62,33,17
PUNJAB,2008,Other Prolonged Illness,0,10,25,18,10,63,0,7,9,1,3,20,83,0,17,34,19,13
PUNJAB,2008,Death of Dear Person,1,1,1,2,0,5,1,2,1,1,0,5,10,2,3,2,3,0
PUNJAB,2008,Dowry Dispute,1,0,0,0,0,1,1,9,11,1,0,22,23,2,9,11,1,0
PUNJAB,2008,Divorce,0,0,1,1,0,2,0,0,0,0,0,0,2,0,0,1,1,0
PUNJAB,2008,Drug Abuse/Addiction,0,19,21,13,2,55,1,0,0,0,0,1,56,1,19,21,13,2
PUNJAB,2008,Failure in Examination,0,5,0,0,0,5,0,7,0,0,0,7,12,0,12,0,0,0
PUNJAB,2008,Fall in Social Reputation,0,9,5,1,1,16,1,3,3,1,0,8,24,1,12,8,2,1
PUNJAB,2008,Family Problems,2,31,47,24,12,116,2,20,22,3,2,49,165,4,51,69,27,14
PUNJAB,2008,Ideological Causes/Hero Worshipping,0,4,9,2,3,18,0,8,2,0,0,10,28,0,12,11,2,3
PUNJAB,2008,Illegitimate Pregnancy,0,0,0,0,0,0,0,0,0,0,0,0,0,0,0,0,0,0
PUNJAB,2008,Love Affairs,0,6,5,0,0,11,1,9,1,0,0,11,22,1,15,6,0,0
PUNJAB,2008,"Physical Abuse (Rape,Incest Etc.)",0,0,0,1,0,1,0,0,1,0,0,1,2,0,0,1,1,0
PUNJAB,2008,Poverty,0,8,8,3,1,20,0,2,0,2,0,4,24,0,10,8,5,1
PUNJAB,2008,Professional/Career Problem,0,1,1,0,0,2,0,0,0,0,0,0,2,0,1,1,0,0
PUNJAB,2008,Property Dispute,0,0,1,0,0,1,0,2,2,0,0,4,5,0,2,3,0,0
PUNJAB,2008,Unemployment,0,4,2,0,0,6,0,0,0,0,0,0,6,0,4,2,0,0
PUNJAB,2008,Causes Not known,2,37,40,26,4,109,1,8,5,3,2,19,128,3,45,45,29,6
PUNJAB,2008,Other Causes,0,0,2,1,0,3,0,1,8,0,0,9,12,0,1,10,1,0
PUNJAB,2008,Total,8,204,249,130,52,643,10,106,83,18,9,226,869,18,310,332,148,61
PUNJAB,2008,Total Illness,0,70,93,50,28,241,0,28,22,7,5,62,303,0,98,115,57,33
PUNJAB,2009,Bankruptcy,0,4,2,1,0,7,0,0,0,0,0,0,7,0,4,2,1,0
PUNJAB,2009,Suspected/Illicit Relation,0,3,2,0,0,5,0,3,2,0,0,5,10,0,6,4,0,0
PUNJAB,2009,Cancellation/Non-Settlement of Marriage,0,1,0,0,0,1,0,1,0,0,0,1,2,0,2,0,0,0
PUNJAB,2009,Infertility,0,0,0,1,0,1,0,1,0,0,0,1,2,0,1,0,1,0
PUNJAB,2009,Illness (Aids/STD),0,4,6,0,0,10,0,2,0,0,0,2,12,0,6,6,0,0
PUNJAB,2009,Cancer,0,0,0,0,1,1,0,0,0,0,0,0,1,0,0,0,0,1
PUNJAB,2009,Paralysis,1,5,4,0,1,11,0,2,0,0,0,2,13,1,7,4,0,1
PUNJAB,2009,Insanity/Mental Illness,0,45,50,38,15,148,0,18,6,4,3,31,179,0,63,56,42,18
PUNJAB,2009,Other Prolonged Illness,0,23,29,22,10,84,0,9,6,4,1,20,104,0,32,35,26,11
PUNJAB,2009,Death of Dear Person,0,1,1,1,0,3,0,1,0,0,0,1,4,0,2,1,1,0
PUNJAB,2009,Dowry Dispute,0,0,0,0,0,0,1,9,5,0,2,17,17,1,9,5,0,2
PUNJAB,2009,Divorce,0,0,0,0,0,0,0,0,0,0,4,4,4,0,0,0,0,4
PUNJAB,2009,Drug Abuse/Addiction,0,25,20,7,0,52,0,0,0,0,1,1,53,0,25,20,7,1
PUNJAB,2009,Failure in Examination,0,6,0,0,0,6,0,8,0,0,0,8,14,0,14,0,0,0
PUNJAB,2009,Fall in Social Reputation,0,0,2,2,0,4,0,2,0,0,0,2,6,0,2,2,2,0
PUNJAB,2009,Family Problems,8,25,47,21,5,106,3,35,29,8,2,77,183,11,60,76,29,7
PUNJAB,2009,Ideological Causes/Hero Worshipping,0,0,0,0,0,0,0,0,0,0,0,0,0,0,0,0,0,0
PUNJAB,2009,Illegitimate Pregnancy,0,0,0,0,0,0,0,0,0,0,0,0,0,0,0,0,0,0
PUNJAB,2009,Love Affairs,0,6,4,1,0,11,0,4,2,0,0,6,17,0,10,6,1,0
PUNJAB,2009,"Physical Abuse (Rape,Incest Etc.)",0,0,0,0,0,0,0,1,0,0,0,1,1,0,1,0,0,0
PUNJAB,2009,Poverty,0,27,9,4,4,44,0,2,6,0,0,8,52,0,29,15,4,4
PUNJAB,2009,Professional/Career Problem,0,1,0,0,0,1,0,0,0,0,0,0,1,0,1,0,0,0
PUNJAB,2009,Property Dispute,0,0,0,2,0,2,0,0,0,1,0,1,3,0,0,0,3,0
PUNJAB,2009,Unemployment,0,2,2,0,0,4,0,0,0,1,0,1,5,0,2,2,1,0
PUNJAB,2009,Causes Not known,1,43,40,21,16,121,0,8,4,4,1,17,138,1,51,44,25,17
PUNJAB,2009,Other Causes,1,9,2,1,0,13,1,1,1,2,1,6,19,2,10,3,3,1
PUNJAB,2009,Total,11,230,220,122,52,635,5,107,61,24,15,212,847,16,337,281,146,67
PUNJAB,2009,Total Illness,1,77,89,60,27,254,0,31,12,8,4,55,309,1,108,101,68,31
PUNJAB,2010,Bankruptcy,0,2,2,1,0,5,0,0,1,0,0,1,6,0,2,3,1,0
PUNJAB,2010,Suspected/Illicit Relation,0,2,4,0,0,6,0,2,0,0,0,2,8,0,4,4,0,0
PUNJAB,2010,Cancellation/Non-Settlement of Marriage,0,0,2,0,0,2,0,1,0,0,0,1,3,0,1,2,0,0
PUNJAB,2010,Infertility,0,0,1,0,0,1,0,0,4,0,0,4,5,0,0,5,0,0
PUNJAB,2010,Illness (Aids/STD),0,3,6,1,0,10,0,1,1,0,0,2,12,0,4,7,1,0
PUNJAB,2010,Cancer,0,3,3,1,0,7,0,3,1,0,0,4,11,0,6,4,1,0
PUNJAB,2010,Paralysis,0,0,0,0,0,0,0,0,0,0,0,0,0,0,0,0,0,0
PUNJAB,2010,Insanity/Mental Illness,0,68,71,28,18,185,1,17,11,6,3,38,223,1,85,82,34,21
PUNJAB,2010,Other Prolonged Illness,0,12,22,8,9,51,0,4,2,1,0,7,58,0,16,24,9,9
PUNJAB,2010,Death of Dear Person,0,1,4,1,0,6,0,1,0,1,4,6,12,0,2,4,2,4
PUNJAB,2010,Dowry Dispute,0,0,0,0,0,0,0,14,4,0,0,18,18,0,14,4,0,0
PUNJAB,2010,Divorce,0,1,0,0,0,1,0,0,0,0,0,0,1,0,1,0,0,0
PUNJAB,2010,Drug Abuse/Addiction,1,18,24,11,3,57,0,1,0,1,0,2,59,1,19,24,12,3
PUNJAB,2010,Failure in Examination,1,4,1,0,0,6,0,7,0,0,0,7,13,1,11,1,0,0
PUNJAB,2010,Fall in Social Reputation,0,1,3,3,1,8,0,0,1,0,0,1,9,0,1,4,3,1
PUNJAB,2010,Family Problems,1,73,65,34,15,188,1,33,26,8,3,71,259,2,106,91,42,18
PUNJAB,2010,Ideological Causes/Hero Worshipping,0,0,0,0,1,1,0,1,0,0,0,1,2,0,1,0,0,1
PUNJAB,2010,Illegitimate Pregnancy,0,0,0,0,0,0,0,0,0,0,0,0,0,0,0,0,0,0
PUNJAB,2010,Love Affairs,0,4,4,0,0,8,0,12,0,0,0,12,20,0,16,4,0,0
PUNJAB,2010,"Physical Abuse (Rape,Incest Etc.)",0,0,0,0,0,0,0,0,0,0,0,0,0,0,0,0,0,0
PUNJAB,2010,Poverty,0,6,5,1,1,13,0,1,1,0,0,2,15,0,7,6,1,1
PUNJAB,2010,Professional/Career Problem,4,5,4,0,0,13,0,1,0,0,0,1,14,4,6,4,0,0
PUNJAB,2010,Property Dispute,0,2,0,0,0,2,0,1,0,0,0,1,3,0,3,0,0,0
PUNJAB,2010,Unemployment,1,7,2,3,0,13,0,0,0,0,0,0,13,1,7,2,3,0
PUNJAB,2010,Causes Not known,0,38,34,33,16,121,1,3,6,4,2,16,137,1,41,40,37,18
PUNJAB,2010,Other Causes,2,9,2,2,0,15,0,1,3,0,0,4,19,2,10,5,2,0
PUNJAB,2010,Total,10,259,259,127,64,719,3,104,61,21,12,201,920,13,363,320,148,76
PUNJAB,2010,Total Illness,0,86,102,38,27,253,1,25,15,7,3,51,304,1,111,117,45,30
PUNJAB,2011,Bankruptcy,0,0,2,3,0,5,0,0,0,0,0,0,5,0,0,2,3,0
PUNJAB,2011,Suspected/Illicit Relation,0,10,4,5,0,19,0,3,4,1,0,8,27,0,13,8,6,0
PUNJAB,2011,Cancellation/Non-Settlement of Marriage,0,2,0,0,0,2,0,1,1,0,0,2,4,0,3,1,0,0
PUNJAB,2011,Infertility,0,0,4,0,0,4,0,2,3,0,0,5,9,0,2,7,0,0
PUNJAB,2011,Illness (Aids/STD),0,1,0,1,1,3,0,0,0,1,0,1,4,0,1,0,2,1
PUNJAB,2011,Cancer,0,0,0,0,0,0,0,0,0,1,0,1,1,0,0,0,1,0
PUNJAB,2011,Paralysis,0,1,1,0,0,2,0,0,0,0,0,0,2,0,1,1,0,0
PUNJAB,2011,Insanity/Mental Illness,0,59,74,22,20,175,0,29,15,6,4,54,229,0,88,89,28,24
PUNJAB,2011,Other Prolonged Illness,0,5,12,10,4,31,0,4,5,2,1,12,43,0,9,17,12,5
PUNJAB,2011,Death of Dear Person,0,1,1,4,0,6,0,1,0,0,0,1,7,0,2,1,4,0
PUNJAB,2011,Dowry Dispute,0,0,0,0,0,0,0,14,8,0,0,22,22,0,14,8,0,0
PUNJAB,2011,Divorce,0,0,0,0,0,0,0,0,0,0,0,0,0,0,0,0,0,0
PUNJAB,2011,Drug Abuse/Addiction,0,39,45,21,3,108,0,2,0,0,0,2,110,0,41,45,21,3
PUNJAB,2011,Failure in Examination,0,6,0,0,0,6,0,7,0,0,0,7,13,0,13,0,0,0
PUNJAB,2011,Fall in Social Reputation,0,0,0,2,0,2,0,0,2,0,0,2,4,0,0,2,2,0
PUNJAB,2011,Family Problems,0,32,46,16,6,100,0,22,29,2,0,53,153,0,54,75,18,6
PUNJAB,2011,Ideological Causes/Hero Worshipping,0,0,1,2,1,4,0,0,0,0,0,0,4,0,0,1,2,1
PUNJAB,2011,Illegitimate Pregnancy,0,0,0,0,0,0,0,1,0,0,0,1,1,0,1,0,0,0
PUNJAB,2011,Love Affairs,0,12,4,0,0,16,0,12,1,0,0,13,29,0,24,5,0,0
PUNJAB,2011,"Physical Abuse (Rape,Incest Etc.)",0,0,0,0,0,0,0,1,0,0,0,1,1,0,1,0,0,0
PUNJAB,2011,Poverty,0,19,18,13,11,61,0,3,2,0,0,5,66,0,22,20,13,11
PUNJAB,2011,Professional/Career Problem,0,3,5,1,0,9,0,0,0,1,0,1,10,0,3,5,2,0
PUNJAB,2011,Property Dispute,0,4,1,1,1,7,0,0,0,1,0,1,8,0,4,1,2,1
PUNJAB,2011,Unemployment,0,38,16,10,8,72,0,0,0,0,0,0,72,0,38,16,10,8
PUNJAB,2011,Causes Not known,0,34,41,12,5,92,0,9,4,0,0,13,105,0,43,45,12,5
PUNJAB,2011,Other Causes,0,8,16,2,5,31,0,5,1,0,0,6,37,0,13,17,2,5
PUNJAB,2011,Total,0,274,291,125,65,755,0,116,75,15,5,211,966,0,390,366,140,70
PUNJAB,2011,Total Illness,0,66,87,33,25,211,0,33,20,10,5,68,279,0,99,107,43,30
PUNJAB,2012,Bankruptcy,0,1,3,1,0,5,0,1,1,0,0,2,7,0,2,4,1,0
PUNJAB,2012,Suspected/Illicit Relation,0,3,2,0,0,5,0,2,3,1,0,6,11,0,5,5,1,0
PUNJAB,2012,Cancellation/Non-Settlement of Marriage,0,1,0,0,0,1,0,1,0,0,0,1,2,0,2,0,0,0
PUNJAB,2012,Infertility,0,0,0,0,0,0,0,3,1,0,0,4,4,0,3,1,0,0
PUNJAB,2012,Illness (Aids/STD),0,0,0,0,0,0,0,0,0,0,0,0,0,0,0,0,0,0
PUNJAB,2012,Cancer,0,0,0,0,0,0,0,0,0,0,0,0,0,0,0,0,0,0
PUNJAB,2012,Paralysis,0,0,1,3,3,7,0,0,0,0,0,0,7,0,0,1,3,3
PUNJAB,2012,Insanity/Mental Illness,0,101,77,48,14,240,0,25,21,7,2,55,295,0,126,98,55,16
PUNJAB,2012,Other Prolonged Illness,1,24,29,8,8,70,0,7,5,1,0,13,83,1,31,34,9,8
PUNJAB,2012,Death of Dear Person,0,2,4,2,2,10,0,0,0,1,0,1,11,0,2,4,3,2
PUNJAB,2012,Dowry Dispute,0,0,0,0,0,0,0,14,10,1,0,25,25,0,14,10,1,0
PUNJAB,2012,Divorce,0,0,0,0,0,0,0,2,4,0,0,6,6,0,2,4,0,0
PUNJAB,2012,Drug Abuse/Addiction,0,34,38,11,0,83,0,3,5,0,0,8,91,0,37,43,11,0
PUNJAB,2012,Failure in Examination,2,11,0,0,0,13,1,8,0,0,0,9,22,3,19,0,0,0
PUNJAB,2012,Fall in Social Reputation,0,2,1,1,0,4,0,1,2,0,0,3,7,0,3,3,1,0
PUNJAB,2012,Family Problems,4,37,57,22,6,126,1,31,34,6,0,72,198,5,68,91,28,6
PUNJAB,2012,Ideological Causes/Hero Worshipping,0,0,0,0,0,0,0,0,0,0,0,0,0,0,0,0,0,0
PUNJAB,2012,Illegitimate Pregnancy,0,0,0,0,0,0,0,0,0,0,0,0,0,0,0,0,0,0
PUNJAB,2012,Love Affairs,0,11,1,0,0,12,0,10,6,1,0,17,29,0,21,7,1,0
PUNJAB,2012,"Physical Abuse (Rape,Incest Etc.)",0,0,0,0,0,0,0,0,0,0,0,0,0,0,0,0,0,0
PUNJAB,2012,Poverty,0,4,5,2,2,13,0,0,1,0,0,1,14,0,4,6,2,2
PUNJAB,2012,Professional/Career Problem,0,2,5,0,0,7,0,1,0,0,0,1,8,0,3,5,0,0
PUNJAB,2012,Property Dispute,0,0,5,0,2,7,0,0,0,0,0,0,7,0,0,5,0,2
PUNJAB,2012,Unemployment,0,4,1,0,0,5,0,1,0,1,0,2,7,0,5,1,1,0
PUNJAB,2012,Causes Not known,0,54,59,26,15,154,0,5,6,1,0,12,166,0,59,65,27,15
PUNJAB,2012,Other Causes,0,8,11,1,2,22,0,6,1,1,0,8,30,0,14,12,2,2
PUNJAB,2012,Total,7,299,299,125,54,784,2,121,100,21,2,246,1030,9,420,399,146,56
PUNJAB,2012,Total Illness,1,125,107,59,25,317,0,32,26,8,2,68,385,1,157,133,67,27
RAJASTHAN,2001,Bankruptcy,0,15,23,19,7,64,0,7,12,2,0,21,85,0,22,35,21,7
RAJASTHAN,2001,Suspected/Illicit Relation,0,25,7,0,0,32,0,22,5,1,0,28,60,0,47,12,1,0
RAJASTHAN,2001,Cancellation/Non-Settlement of Marriage,0,6,3,0,0,9,0,6,0,0,0,6,15,0,12,3,0,0
RAJASTHAN,2001,Infertility,0,0,5,0,0,5,0,9,5,1,0,15,20,0,9,10,1,0
RAJASTHAN,2001,Illness (Aids/STD),0,1,0,0,1,2,0,0,0,0,0,0,2,0,1,0,0,1
RAJASTHAN,2001,Cancer,0,0,1,0,1,2,0,0,2,0,0,2,4,0,0,3,0,1
RAJASTHAN,2001,Paralysis,0,0,1,1,0,2,0,0,0,0,0,0,2,0,0,1,1,0
RAJASTHAN,2001,Insanity/Mental Illness,2,59,71,41,12,185,2,25,26,18,1,72,257,4,84,97,59,13
RAJASTHAN,2001,Other Prolonged Illness,2,26,34,68,36,166,2,18,29,23,12,84,250,4,44,63,91,48
RAJASTHAN,2001,Death of Dear Person,0,3,4,3,1,11,0,0,3,1,0,4,15,0,3,7,4,1
RAJASTHAN,2001,Dowry Dispute,0,0,0,0,0,0,0,33,9,0,0,42,42,0,33,9,0,0
RAJASTHAN,2001,Divorce,0,4,2,1,0,7,0,2,4,0,0,6,13,0,6,6,1,0
RAJASTHAN,2001,Drug Abuse/Addiction,0,25,60,32,2,119,0,0,0,0,0,0,119,0,25,60,32,2
RAJASTHAN,2001,Failure in Examination,5,27,0,0,0,32,5,43,0,0,0,48,80,10,70,0,0,0
RAJASTHAN,2001,Fall in Social Reputation,0,5,2,6,0,13,0,1,1,0,0,2,15,0,6,3,6,0
RAJASTHAN,2001,Family Problems,3,115,121,56,9,304,3,158,105,21,4,291,595,6,273,226,77,13
RAJASTHAN,2001,Ideological Causes/Hero Worshipping,0,0,0,0,0,0,0,0,0,0,0,0,0,0,0,0,0,0
RAJASTHAN,2001,Illegitimate Pregnancy,0,0,0,0,0,0,0,8,1,0,0,9,9,0,8,1,0,0
RAJASTHAN,2001,Love Affairs,0,26,7,0,0,33,1,29,6,1,0,37,70,1,55,13,1,0
RAJASTHAN,2001,"Physical Abuse (Rape,Incest Etc.)",0,0,0,0,0,0,0,0,0,0,0,0,0,0,0,0,0,0
RAJASTHAN,2001,Poverty,0,9,11,4,1,25,0,3,10,0,0,13,38,0,12,21,4,1
RAJASTHAN,2001,Professional/Career Problem,0,13,21,7,1,42,0,0,0,0,0,0,42,0,13,21,7,1
RAJASTHAN,2001,Property Dispute,0,15,23,5,0,43,0,4,9,0,0,13,56,0,19,32,5,0
RAJASTHAN,2001,Unemployment,0,28,18,0,0,46,0,0,0,0,0,0,46,0,28,18,0,0
RAJASTHAN,2001,Causes Not known,20,152,173,47,17,409,12,101,69,19,8,209,618,32,253,242,66,25
RAJASTHAN,2001,Other Causes,54,123,126,73,32,408,36,155,91,35,17,334,742,90,278,217,108,49
RAJASTHAN,2001,Total,86,677,713,363,120,1959,61,624,387,122,42,1236,3195,147,1301,1100,485,162
RAJASTHAN,2001,Total Illness,4,86,107,110,50,357,4,43,57,41,13,158,515,8,129,164,151,63
RAJASTHAN,2002,Bankruptcy,0,13,18,33,4,68,0,12,15,3,0,30,98,0,25,33,36,4
RAJASTHAN,2002,Suspected/Illicit Relation,0,23,6,1,0,30,0,14,13,0,0,27,57,0,37,19,1,0
RAJASTHAN,2002,Cancellation/Non-Settlement of Marriage,0,12,5,0,0,17,0,9,0,0,0,9,26,0,21,5,0,0
RAJASTHAN,2002,Infertility,0,2,6,3,0,11,0,11,8,0,0,19,30,0,13,14,3,0
RAJASTHAN,2002,Illness (Aids/STD),0,0,0,1,0,1,0,0,0,0,0,0,1,0,0,0,1,0
RAJASTHAN,2002,Cancer,0,0,1,0,1,2,0,0,0,0,0,0,2,0,0,1,0,1
RAJASTHAN,2002,Paralysis,0,0,0,1,0,1,0,0,0,0,0,0,1,0,0,0,1,0
RAJASTHAN,2002,Insanity/Mental Illness,4,65,80,47,17,213,2,17,32,19,3,73,286,6,82,112,66,20
RAJASTHAN,2002,Other Prolonged Illness,2,37,64,65,27,195,0,26,33,43,7,109,304,2,63,97,108,34
RAJASTHAN,2002,Death of Dear Person,0,4,4,2,0,10,0,0,2,1,0,3,13,0,4,6,3,0
RAJASTHAN,2002,Dowry Dispute,0,1,0,0,0,1,0,57,26,0,0,83,84,0,58,26,0,0
RAJASTHAN,2002,Divorce,0,2,2,0,0,4,0,3,2,0,0,5,9,0,5,4,0,0
RAJASTHAN,2002,Drug Abuse/Addiction,1,34,50,23,2,110,0,0,0,0,0,0,110,1,34,50,23,2
RAJASTHAN,2002,Failure in Examination,3,28,0,0,0,31,5,22,0,0,0,27,58,8,50,0,0,0
RAJASTHAN,2002,Fall in Social Reputation,0,5,5,4,0,14,0,0,0,0,0,0,14,0,5,5,4,0
RAJASTHAN,2002,Family Problems,5,151,200,105,11,472,1,175,121,36,4,337,809,6,326,321,141,15
RAJASTHAN,2002,Ideological Causes/Hero Worshipping,0,0,0,0,0,0,0,0,0,0,0,0,0,0,0,0,0,0
RAJASTHAN,2002,Illegitimate Pregnancy,0,0,0,0,0,0,0,5,3,0,0,8,8,0,5,3,0,0
RAJASTHAN,2002,Love Affairs,0,16,6,1,0,23,1,27,9,0,0,37,60,1,43,15,1,0
RAJASTHAN,2002,"Physical Abuse (Rape,Incest Etc.)",0,0,0,0,0,0,0,0,1,0,0,1,1,0,0,1,0,0
RAJASTHAN,2002,Poverty,0,12,17,13,1,43,0,7,9,3,0,19,62,0,19,26,16,1
RAJASTHAN,2002,Professional/Career Problem,0,12,16,5,0,33,0,1,2,0,0,3,36,0,13,18,5,0
RAJASTHAN,2002,Property Dispute,0,3,8,3,0,14,0,0,6,2,0,8,22,0,3,14,5,0
RAJASTHAN,2002,Unemployment,0,23,10,1,0,34,0,0,0,0,0,0,34,0,23,10,1,0
RAJASTHAN,2002,Causes Not known,20,135,168,73,25,421,9,102,51,23,6,191,612,29,237,219,96,31
RAJASTHAN,2002,Other Causes,30,139,97,61,17,344,12,92,40,17,6,167,511,42,231,137,78,23
RAJASTHAN,2002,Total,65,717,763,442,105,2092,30,580,373,147,26,1156,3248,95,1297,1136,589,131
RAJASTHAN,2002,Total Illness,6,102,145,114,45,412,2,43,65,62,10,182,594,8,145,210,176,55
RAJASTHAN,2003,Bankruptcy,0,18,34,34,5,91,0,13,16,6,0,35,126,0,31,50,40,5
RAJASTHAN,2003,Suspected/Illicit Relation,0,27,7,1,0,35,0,22,9,0,0,31,66,0,49,16,1,0
RAJASTHAN,2003,Cancellation/Non-Settlement of Marriage,0,5,2,2,0,9,0,4,1,0,0,5,14,0,9,3,2,0
RAJASTHAN,2003,Infertility,0,0,4,3,0,7,0,9,7,5,0,21,28,0,9,11,8,0
RAJASTHAN,2003,Illness (Aids/STD),0,1,1,0,0,2,0,1,0,0,0,1,3,0,2,1,0,0
RAJASTHAN,2003,Cancer,0,1,2,3,0,6,0,0,0,0,0,0,6,0,1,2,3,0
RAJASTHAN,2003,Paralysis,0,0,1,1,2,4,0,0,1,1,0,2,6,0,0,2,2,2
RAJASTHAN,2003,Insanity/Mental Illness,3,72,76,46,15,212,2,33,40,15,10,100,312,5,105,116,61,25
RAJASTHAN,2003,Other Prolonged Illness,1,34,71,75,53,234,0,25,42,46,20,133,367,1,59,113,121,73
RAJASTHAN,2003,Death of Dear Person,0,4,5,1,0,10,0,3,2,0,0,5,15,0,7,7,1,0
RAJASTHAN,2003,Dowry Dispute,0,4,3,0,0,7,0,44,17,1,0,62,69,0,48,20,1,0
RAJASTHAN,2003,Divorce,0,1,3,0,0,4,0,5,3,0,0,8,12,0,6,6,0,0
RAJASTHAN,2003,Drug Abuse/Addiction,0,41,56,39,7,143,0,0,0,0,0,0,143,0,41,56,39,7
RAJASTHAN,2003,Failure in Examination,2,18,1,0,0,21,3,15,0,0,0,18,39,5,33,1,0,0
RAJASTHAN,2003,Fall in Social Reputation,1,5,12,3,1,22,1,3,2,2,0,8,30,2,8,14,5,1
RAJASTHAN,2003,Family Problems,5,126,198,75,16,420,6,151,114,59,10,340,760,11,277,312,134,26
RAJASTHAN,2003,Ideological Causes/Hero Worshipping,0,0,0,0,0,0,0,0,0,0,0,0,0,0,0,0,0,0
RAJASTHAN,2003,Illegitimate Pregnancy,0,0,0,0,0,0,0,3,1,0,0,4,4,0,3,1,0,0
RAJASTHAN,2003,Love Affairs,0,27,13,2,0,42,1,33,6,2,0,42,84,1,60,19,4,0
RAJASTHAN,2003,"Physical Abuse (Rape,Incest Etc.)",0,0,0,0,0,0,0,0,0,0,0,0,0,0,0,0,0,0
RAJASTHAN,2003,Poverty,0,9,16,8,1,34,1,1,6,1,0,9,43,1,10,22,9,1
RAJASTHAN,2003,Professional/Career Problem,0,8,20,8,2,38,0,0,1,0,0,1,39,0,8,21,8,2
RAJASTHAN,2003,Property Dispute,0,5,12,4,3,24,0,2,6,0,1,9,33,0,7,18,4,4
RAJASTHAN,2003,Unemployment,0,23,10,6,3,42,0,1,3,0,1,5,47,0,24,13,6,4
RAJASTHAN,2003,Causes Not known,16,137,158,66,29,406,8,91,67,15,9,190,596,24,228,225,81,38
RAJASTHAN,2003,Other Causes,38,258,174,73,33,576,14,142,66,15,6,243,819,52,400,240,88,39
RAJASTHAN,2003,Total,66,824,879,450,170,2389,36,601,410,168,57,1272,3661,102,1425,1289,618,227
RAJASTHAN,2003,Total Illness,4,108,151,125,70,458,2,59,83,62,30,236,694,6,167,234,187,100
RAJASTHAN,2004,Bankruptcy,0,2,30,26,1,59,0,0,7,4,0,11,70,0,2,37,30,1
RAJASTHAN,2004,Suspected/Illicit Relation,0,25,10,1,0,36,0,16,6,1,1,24,60,0,41,16,2,1
RAJASTHAN,2004,Cancellation/Non-Settlement of Marriage,0,9,5,2,0,16,0,7,3,0,0,10,26,0,16,8,2,0
RAJASTHAN,2004,Infertility,0,5,4,2,0,11,0,5,9,2,0,16,27,0,10,13,4,0
RAJASTHAN,2004,Illness (Aids/STD),1,3,2,0,0,6,0,0,0,1,0,1,7,1,3,2,1,0
RAJASTHAN,2004,Cancer,0,1,2,1,1,5,0,0,1,2,0,3,8,0,1,3,3,1
RAJASTHAN,2004,Paralysis,0,0,0,0,0,0,0,0,0,0,0,0,0,0,0,0,0,0
RAJASTHAN,2004,Insanity/Mental Illness,3,76,91,61,20,251,0,35,36,33,4,108,359,3,111,127,94,24
RAJASTHAN,2004,Other Prolonged Illness,1,15,58,77,19,170,1,8,49,19,10,87,257,2,23,107,96,29
RAJASTHAN,2004,Death of Dear Person,0,0,3,1,0,4,0,1,1,1,0,3,7,0,1,4,2,0
RAJASTHAN,2004,Dowry Dispute,0,4,5,0,0,9,0,22,10,0,0,32,41,0,26,15,0,0
RAJASTHAN,2004,Divorce,0,6,1,0,0,7,0,4,0,0,0,4,11,0,10,1,0,0
RAJASTHAN,2004,Drug Abuse/Addiction,0,38,53,15,2,108,0,0,0,0,0,0,108,0,38,53,15,2
RAJASTHAN,2004,Failure in Examination,3,19,0,0,0,22,1,14,0,0,0,15,37,4,33,0,0,0
RAJASTHAN,2004,Fall in Social Reputation,2,17,13,7,5,44,0,8,7,2,0,17,61,2,25,20,9,5
RAJASTHAN,2004,Family Problems,7,172,222,95,8,504,4,187,157,37,10,395,899,11,359,379,132,18
RAJASTHAN,2004,Ideological Causes/Hero Worshipping,0,0,0,0,0,0,0,0,0,0,0,0,0,0,0,0,0,0
RAJASTHAN,2004,Illegitimate Pregnancy,0,0,0,0,0,0,0,6,2,0,0,8,8,0,6,2,0,0
RAJASTHAN,2004,Love Affairs,4,25,13,7,0,49,1,34,8,3,0,46,95,5,59,21,10,0
RAJASTHAN,2004,"Physical Abuse (Rape,Incest Etc.)",0,1,3,0,2,6,0,0,0,2,0,2,8,0,1,3,2,2
RAJASTHAN,2004,Poverty,0,12,9,9,1,31,0,2,4,3,0,9,40,0,14,13,12,1
RAJASTHAN,2004,Professional/Career Problem,0,16,15,5,1,37,0,2,0,0,0,2,39,0,18,15,5,1
RAJASTHAN,2004,Property Dispute,0,6,5,7,2,20,0,5,1,3,3,12,32,0,11,6,10,5
RAJASTHAN,2004,Unemployment,0,10,11,2,0,23,0,2,1,0,0,3,26,0,12,12,2,0
RAJASTHAN,2004,Causes Not known,15,201,193,87,32,528,15,111,51,24,12,213,741,30,312,244,111,44
RAJASTHAN,2004,Other Causes,30,188,183,94,45,540,21,73,74,38,12,218,758,51,261,257,132,57
RAJASTHAN,2004,Total,66,851,931,499,139,2486,43,542,427,175,52,1239,3725,109,1393,1358,674,191
RAJASTHAN,2004,Total Illness,5,95,153,139,40,432,1,43,86,55,14,199,631,6,138,239,194,54
RAJASTHAN,2005,Bankruptcy,0,8,18,9,1,36,3,1,2,0,0,6,42,3,9,20,9,1
RAJASTHAN,2005,Suspected/Illicit Relation,2,13,7,2,0,24,0,5,2,0,0,7,31,2,18,9,2,0
RAJASTHAN,2005,Cancellation/Non-Settlement of Marriage,0,7,0,1,0,8,0,3,0,0,0,3,11,0,10,0,1,0
RAJASTHAN,2005,Infertility,0,1,2,1,0,4,0,3,8,0,0,11,15,0,4,10,1,0
RAJASTHAN,2005,Illness (Aids/STD),0,0,1,0,1,2,0,0,0,0,0,0,2,0,0,1,0,1
RAJASTHAN,2005,Cancer,0,0,0,1,0,1,0,0,0,0,0,0,1,0,0,0,1,0
RAJASTHAN,2005,Paralysis,0,0,0,0,0,0,0,0,0,0,0,0,0,0,0,0,0,0
RAJASTHAN,2005,Insanity/Mental Illness,11,83,92,48,12,246,2,37,45,20,4,108,354,13,120,137,68,16
RAJASTHAN,2005,Other Prolonged Illness,3,40,72,71,25,211,1,28,31,29,3,92,303,4,68,103,100,28
RAJASTHAN,2005,Death of Dear Person,1,1,3,1,0,6,0,8,6,0,0,14,20,1,9,9,1,0
RAJASTHAN,2005,Dowry Dispute,0,6,7,0,0,13,0,22,4,0,0,26,39,0,28,11,0,0
RAJASTHAN,2005,Divorce,0,5,3,2,0,10,0,7,0,0,0,7,17,0,12,3,2,0
RAJASTHAN,2005,Drug Abuse/Addiction,4,41,55,25,3,128,0,0,0,0,0,0,128,4,41,55,25,3
RAJASTHAN,2005,Failure in Examination,5,20,0,0,0,25,5,4,0,0,0,9,34,10,24,0,0,0
RAJASTHAN,2005,Fall in Social Reputation,0,8,8,0,1,17,3,2,1,0,0,6,23,3,10,9,0,1
RAJASTHAN,2005,Family Problems,18,174,253,89,10,544,10,173,151,63,1,398,942,28,347,404,152,11
RAJASTHAN,2005,Ideological Causes/Hero Worshipping,0,0,0,0,0,0,0,0,0,0,0,0,0,0,0,0,0,0
RAJASTHAN,2005,Illegitimate Pregnancy,0,0,0,0,0,0,0,2,2,0,0,4,4,0,2,2,0,0
RAJASTHAN,2005,Love Affairs,1,22,11,0,0,34,1,24,3,0,0,28,62,2,46,14,0,0
RAJASTHAN,2005,"Physical Abuse (Rape,Incest Etc.)",0,0,1,0,0,1,0,1,0,0,0,1,2,0,1,1,0,0
RAJASTHAN,2005,Poverty,0,4,4,3,2,13,0,3,1,1,0,5,18,0,7,5,4,2
RAJASTHAN,2005,Professional/Career Problem,0,6,9,3,1,19,0,0,1,0,0,1,20,0,6,10,3,1
RAJASTHAN,2005,Property Dispute,0,5,11,6,2,24,0,0,2,0,1,3,27,0,5,13,6,3
RAJASTHAN,2005,Unemployment,0,8,10,6,1,25,0,0,0,0,0,0,25,0,8,10,6,1
RAJASTHAN,2005,Causes Not known,23,210,250,154,10,647,14,143,105,51,4,317,964,37,353,355,205,14
RAJASTHAN,2005,Other Causes,20,270,308,154,68,820,11,108,99,48,8,274,1094,31,378,407,202,76
RAJASTHAN,2005,Total,88,932,1125,576,137,2858,50,574,463,212,21,1320,4178,138,1506,1588,788,158
RAJASTHAN,2005,Total Illness,14,123,165,120,38,460,3,65,76,49,7,200,660,17,188,241,169,45
RAJASTHAN,2006,Bankruptcy,0,8,15,10,3,36,0,1,2,2,2,7,43,0,9,17,12,5
RAJASTHAN,2006,Suspected/Illicit Relation,1,8,3,2,0,14,0,6,1,0,0,7,21,1,14,4,2,0
RAJASTHAN,2006,Cancellation/Non-Settlement of Marriage,0,7,3,0,0,10,0,5,1,0,0,6,16,0,12,4,0,0
RAJASTHAN,2006,Infertility,0,1,1,2,0,4,0,2,3,0,0,5,9,0,3,4,2,0
RAJASTHAN,2006,Illness (Aids/STD),0,1,1,0,0,2,0,0,0,0,0,0,2,0,1,1,0,0
RAJASTHAN,2006,Cancer,0,0,3,2,0,5,0,1,1,0,0,2,7,0,1,4,2,0
RAJASTHAN,2006,Paralysis,0,0,1,0,0,1,0,0,0,0,0,0,1,0,0,1,0,0
RAJASTHAN,2006,Insanity/Mental Illness,6,64,92,51,15,228,3,58,46,14,8,129,357,9,122,138,65,23
RAJASTHAN,2006,Other Prolonged Illness,0,33,74,65,40,212,0,18,35,40,9,102,314,0,51,109,105,49
RAJASTHAN,2006,Death of Dear Person,0,1,4,1,0,6,0,1,2,0,0,3,9,0,2,6,1,0
RAJASTHAN,2006,Dowry Dispute,0,4,12,0,0,16,0,27,13,0,0,40,56,0,31,25,0,0
RAJASTHAN,2006,Divorce,0,2,4,2,0,8,0,2,4,0,0,6,14,0,4,8,2,0
RAJASTHAN,2006,Drug Abuse/Addiction,1,28,47,19,1,96,0,0,0,0,0,0,96,1,28,47,19,1
RAJASTHAN,2006,Failure in Examination,3,20,1,0,0,24,3,20,0,0,0,23,47,6,40,1,0,0
RAJASTHAN,2006,Fall in Social Reputation,0,7,10,6,1,24,0,2,1,0,0,3,27,0,9,11,6,1
RAJASTHAN,2006,Family Problems,5,186,293,114,10,608,7,143,140,29,6,325,933,12,329,433,143,16
RAJASTHAN,2006,Ideological Causes/Hero Worshipping,0,0,0,0,0,0,0,0,0,0,0,0,0,0,0,0,0,0
RAJASTHAN,2006,Illegitimate Pregnancy,0,0,0,0,0,0,0,0,0,0,0,0,0,0,0,0,0,0
RAJASTHAN,2006,Love Affairs,0,25,11,0,0,36,0,15,4,0,0,19,55,0,40,15,0,0
RAJASTHAN,2006,"Physical Abuse (Rape,Incest Etc.)",0,0,0,0,0,0,0,0,0,0,0,0,0,0,0,0,0,0
RAJASTHAN,2006,Poverty,0,2,13,1,0,16,0,0,0,0,0,0,16,0,2,13,1,0
RAJASTHAN,2006,Professional/Career Problem,0,4,13,3,1,21,0,0,0,0,0,0,21,0,4,13,3,1
RAJASTHAN,2006,Property Dispute,0,4,22,5,1,32,0,0,9,15,0,24,56,0,4,31,20,1
RAJASTHAN,2006,Unemployment,0,1,1,0,0,2,0,0,0,0,0,0,2,0,1,1,0,0
RAJASTHAN,2006,Causes Not known,7,126,119,54,6,312,9,123,46,13,1,192,504,16,249,165,67,7
RAJASTHAN,2006,Other Causes,36,384,429,292,56,1197,24,185,161,73,17,460,1657,60,569,590,365,73
RAJASTHAN,2006,Total,59,916,1172,629,134,2910,46,609,469,186,43,1353,4263,105,1525,1641,815,177
RAJASTHAN,2006,Total Illness,6,98,171,118,55,448,3,77,82,54,17,233,681,9,175,253,172,72
RAJASTHAN,2007,Bankruptcy,0,10,22,12,2,46,0,1,4,2,0,7,53,0,11,26,14,2
RAJASTHAN,2007,Suspected/Illicit Relation,1,10,3,2,0,16,0,9,4,2,0,15,31,1,19,7,4,0
RAJASTHAN,2007,Cancellation/Non-Settlement of Marriage,0,8,2,0,0,10,0,7,0,0,0,7,17,0,15,2,0,0
RAJASTHAN,2007,Infertility,0,2,2,3,0,7,0,6,2,1,0,9,16,0,8,4,4,0
RAJASTHAN,2007,Illness (Aids/STD),0,0,0,4,0,4,0,1,0,0,0,1,5,0,1,0,4,0
RAJASTHAN,2007,Cancer,0,1,3,7,1,12,0,0,2,3,1,6,18,0,1,5,10,2
RAJASTHAN,2007,Paralysis,0,5,1,1,0,7,0,0,0,1,0,1,8,0,5,1,2,0
RAJASTHAN,2007,Insanity/Mental Illness,3,71,114,65,9,262,1,58,50,21,5,135,397,4,129,164,86,14
RAJASTHAN,2007,Other Prolonged Illness,3,31,45,39,25,143,1,17,17,13,8,56,199,4,48,62,52,33
RAJASTHAN,2007,Death of Dear Person,0,0,2,7,0,9,0,6,1,3,1,11,20,0,6,3,10,1
RAJASTHAN,2007,Dowry Dispute,0,4,4,0,0,8,0,25,12,1,0,38,46,0,29,16,1,0
RAJASTHAN,2007,Divorce,0,1,10,0,0,11,0,1,4,0,0,5,16,0,2,14,0,0
RAJASTHAN,2007,Drug Abuse/Addiction,2,47,56,25,4,134,0,0,1,0,0,1,135,2,47,57,25,4
RAJASTHAN,2007,Failure in Examination,7,21,1,0,0,29,5,15,0,0,0,20,49,12,36,1,0,0
RAJASTHAN,2007,Fall in Social Reputation,0,5,9,6,1,21,0,4,3,0,0,7,28,0,9,12,6,1
RAJASTHAN,2007,Family Problems,6,201,211,83,12,513,9,159,140,29,2,339,852,15,360,351,112,14
RAJASTHAN,2007,Ideological Causes/Hero Worshipping,0,0,0,0,0,0,0,0,0,0,0,0,0,0,0,0,0,0
RAJASTHAN,2007,Illegitimate Pregnancy,0,0,0,0,0,0,0,0,0,0,0,0,0,0,0,0,0,0
RAJASTHAN,2007,Love Affairs,0,25,7,0,0,32,0,14,4,0,0,18,50,0,39,11,0,0
RAJASTHAN,2007,"Physical Abuse (Rape,Incest Etc.)",0,0,0,0,0,0,0,0,0,0,0,0,0,0,0,0,0,0
RAJASTHAN,2007,Poverty,0,20,11,6,0,37,1,2,5,3,0,11,48,1,22,16,9,0
RAJASTHAN,2007,Professional/Career Problem,0,9,9,10,2,30,0,0,2,1,0,3,33,0,9,11,11,2
RAJASTHAN,2007,Property Dispute,0,21,11,21,0,53,0,2,4,2,0,8,61,0,23,15,23,0
RAJASTHAN,2007,Unemployment,0,9,8,5,2,24,0,0,0,0,0,0,24,0,9,8,5,2
RAJASTHAN,2007,Causes Not known,3,146,110,61,7,327,3,76,32,11,1,123,450,6,222,142,72,8
RAJASTHAN,2007,Other Causes,53,416,540,348,62,1419,16,141,179,109,17,462,1881,69,557,719,457,79
RAJASTHAN,2007,Total,78,1063,1181,705,127,3154,36,544,466,202,35,1283,4437,114,1607,1647,907,162
RAJASTHAN,2007,Total Illness,6,108,163,116,35,428,2,76,69,38,14,199,627,8,184,232,154,49
RAJASTHAN,2008,Bankruptcy,0,12,23,6,3,44,0,6,5,1,1,13,57,0,18,28,7,4
RAJASTHAN,2008,Suspected/Illicit Relation,1,12,14,4,0,31,0,13,5,0,0,18,49,1,25,19,4,0
RAJASTHAN,2008,Cancellation/Non-Settlement of Marriage,0,8,0,0,0,8,0,1,0,0,0,1,9,0,9,0,0,0
RAJASTHAN,2008,Infertility,0,0,2,2,0,4,0,1,4,1,0,6,10,0,1,6,3,0
RAJASTHAN,2008,Illness (Aids/STD),0,0,1,1,0,2,0,0,1,0,0,1,3,0,0,2,1,0
RAJASTHAN,2008,Cancer,0,0,5,8,1,14,0,1,2,2,1,6,20,0,1,7,10,2
RAJASTHAN,2008,Paralysis,0,0,1,1,0,2,0,0,0,1,0,1,3,0,0,1,2,0
RAJASTHAN,2008,Insanity/Mental Illness,4,87,133,77,28,329,1,50,51,16,11,129,458,5,137,184,93,39
RAJASTHAN,2008,Other Prolonged Illness,7,39,96,94,23,259,2,30,21,18,11,82,341,9,69,117,112,34
RAJASTHAN,2008,Death of Dear Person,0,4,0,2,1,7,0,2,2,3,1,8,15,0,6,2,5,2
RAJASTHAN,2008,Dowry Dispute,0,6,5,2,0,13,1,34,12,4,0,51,64,1,40,17,6,0
RAJASTHAN,2008,Divorce,0,1,5,0,0,6,0,1,1,0,0,2,8,0,2,6,0,0
RAJASTHAN,2008,Drug Abuse/Addiction,5,34,73,38,11,161,0,2,2,2,0,6,167,5,36,75,40,11
RAJASTHAN,2008,Failure in Examination,0,13,3,0,0,16,2,13,3,0,0,18,34,2,26,6,0,0
RAJASTHAN,2008,Fall in Social Reputation,0,4,11,6,2,23,0,4,4,1,0,9,32,0,8,15,7,2
RAJASTHAN,2008,Family Problems,9,226,293,120,10,658,15,155,157,56,3,386,1044,24,381,450,176,13
RAJASTHAN,2008,Ideological Causes/Hero Worshipping,0,0,0,0,0,0,0,0,0,0,0,0,0,0,0,0,0,0
RAJASTHAN,2008,Illegitimate Pregnancy,0,0,0,0,0,0,0,0,0,0,0,0,0,0,0,0,0,0
RAJASTHAN,2008,Love Affairs,0,36,7,0,0,43,0,26,9,16,0,51,94,0,62,16,16,0
RAJASTHAN,2008,"Physical Abuse (Rape,Incest Etc.)",0,0,0,0,0,0,0,5,2,0,0,7,7,0,5,2,0,0
RAJASTHAN,2008,Poverty,0,0,4,7,1,12,0,0,0,0,0,0,12,0,0,4,7,1
RAJASTHAN,2008,Professional/Career Problem,0,8,10,7,3,28,0,2,0,1,0,3,31,0,10,10,8,3
RAJASTHAN,2008,Property Dispute,6,20,26,10,9,71,0,1,4,1,0,6,77,6,21,30,11,9
RAJASTHAN,2008,Unemployment,0,6,11,3,0,20,0,0,0,0,0,0,20,0,6,11,3,0
RAJASTHAN,2008,Causes Not known,28,286,341,135,36,826,11,129,101,37,19,297,1123,39,415,442,172,55
RAJASTHAN,2008,Other Causes,58,360,351,225,31,1025,36,182,163,70,12,463,1488,94,542,514,295,43
RAJASTHAN,2008,Total,118,1162,1415,748,159,3602,68,658,549,230,59,1564,5166,186,1820,1964,978,218
RAJASTHAN,2008,Total Illness,11,126,236,181,52,606,3,81,75,37,23,219,825,14,207,311,218,75
RAJASTHAN,2009,Bankruptcy,0,8,12,11,5,36,0,2,2,1,0,5,41,0,10,14,12,5
RAJASTHAN,2009,Suspected/Illicit Relation,1,16,11,2,0,30,0,19,0,0,0,19,49,1,35,11,2,0
RAJASTHAN,2009,Cancellation/Non-Settlement of Marriage,0,4,11,0,0,15,0,13,0,0,0,13,28,0,17,11,0,0
RAJASTHAN,2009,Infertility,0,1,0,0,0,1,0,0,2,0,0,2,3,0,1,2,0,0
RAJASTHAN,2009,Illness (Aids/STD),0,0,0,0,0,0,0,0,0,0,0,0,0,0,0,0,0,0
RAJASTHAN,2009,Cancer,0,1,1,0,0,2,0,0,0,1,0,1,3,0,1,1,1,0
RAJASTHAN,2009,Paralysis,1,1,2,2,1,7,0,0,0,0,0,0,7,1,1,2,2,1
RAJASTHAN,2009,Insanity/Mental Illness,7,108,113,62,23,313,3,53,47,16,10,129,442,10,161,160,78,33
RAJASTHAN,2009,Other Prolonged Illness,4,47,86,106,41,284,4,22,30,16,13,85,369,8,69,116,122,54
RAJASTHAN,2009,Death of Dear Person,0,2,4,0,1,7,0,5,3,2,1,11,18,0,7,7,2,2
RAJASTHAN,2009,Dowry Dispute,0,3,1,2,0,6,0,28,7,2,0,37,43,0,31,8,4,0
RAJASTHAN,2009,Divorce,0,8,18,10,1,37,0,0,0,0,0,0,37,0,8,18,10,1
RAJASTHAN,2009,Drug Abuse/Addiction,2,39,60,23,4,128,0,1,1,0,0,2,130,2,40,61,23,4
RAJASTHAN,2009,Failure in Examination,5,13,0,0,0,18,2,10,1,0,0,13,31,7,23,1,0,0
RAJASTHAN,2009,Fall in Social Reputation,0,0,7,6,0,13,0,4,3,0,0,7,20,0,4,10,6,0
RAJASTHAN,2009,Family Problems,8,272,329,140,31,780,12,194,176,50,3,435,1215,20,466,505,190,34
RAJASTHAN,2009,Ideological Causes/Hero Worshipping,0,1,0,0,0,1,0,1,0,0,0,1,2,0,2,0,0,0
RAJASTHAN,2009,Illegitimate Pregnancy,0,0,0,0,0,0,0,0,0,0,0,0,0,0,0,0,0,0
RAJASTHAN,2009,Love Affairs,0,40,10,1,0,51,1,39,18,0,0,58,109,1,79,28,1,0
RAJASTHAN,2009,"Physical Abuse (Rape,Incest Etc.)",2,0,0,0,1,3,0,1,0,0,0,1,4,2,1,0,0,1
RAJASTHAN,2009,Poverty,0,5,5,2,0,12,0,1,0,0,0,1,13,0,6,5,2,0
RAJASTHAN,2009,Professional/Career Problem,0,10,28,11,3,52,0,1,0,0,1,2,54,0,11,28,11,4
RAJASTHAN,2009,Property Dispute,0,6,45,33,12,96,0,12,9,5,0,26,122,0,18,54,38,12
RAJASTHAN,2009,Unemployment,0,10,10,2,1,23,0,0,0,0,0,0,23,0,10,10,2,1
RAJASTHAN,2009,Causes Not known,23,179,185,81,21,489,13,109,71,30,8,231,720,36,288,256,111,29
RAJASTHAN,2009,Other Causes,46,386,404,231,40,1107,27,195,178,70,5,475,1582,73,581,582,301,45
RAJASTHAN,2009,Total,99,1160,1342,725,185,3511,62,710,548,193,41,1554,5065,161,1870,1890,918,226
RAJASTHAN,2009,Total Illness,12,157,202,170,65,606,7,75,77,33,23,215,821,19,232,279,203,88
RAJASTHAN,2010,Bankruptcy,0,5,13,7,4,29,0,0,0,0,0,0,29,0,5,13,7,4
RAJASTHAN,2010,Suspected/Illicit Relation,0,13,11,1,0,25,1,19,6,0,0,26,51,1,32,17,1,0
RAJASTHAN,2010,Cancellation/Non-Settlement of Marriage,0,10,5,1,0,16,0,9,5,0,0,14,30,0,19,10,1,0
RAJASTHAN,2010,Infertility,0,0,0,1,0,1,0,5,3,1,1,10,11,0,5,3,2,1
RAJASTHAN,2010,Illness (Aids/STD),0,0,1,0,0,1,0,0,0,0,0,0,1,0,0,1,0,0
RAJASTHAN,2010,Cancer,0,0,1,1,1,3,0,0,0,0,0,0,3,0,0,1,1,1
RAJASTHAN,2010,Paralysis,0,0,2,2,0,4,0,0,0,0,0,0,4,0,0,2,2,0
RAJASTHAN,2010,Insanity/Mental Illness,10,133,177,84,34,438,3,69,58,27,6,163,601,13,202,235,111,40
RAJASTHAN,2010,Other Prolonged Illness,0,22,45,42,22,131,0,15,31,17,3,66,197,0,37,76,59,25
RAJASTHAN,2010,Death of Dear Person,0,2,12,19,0,33,0,6,7,5,0,18,51,0,8,19,24,0
RAJASTHAN,2010,Dowry Dispute,1,2,1,2,0,6,2,32,6,0,0,40,46,3,34,7,2,0
RAJASTHAN,2010,Divorce,0,1,2,0,0,3,0,1,0,0,0,1,4,0,2,2,0,0
RAJASTHAN,2010,Drug Abuse/Addiction,0,47,60,35,6,148,0,1,0,1,0,2,150,0,48,60,36,6
RAJASTHAN,2010,Failure in Examination,0,39,0,0,0,39,0,17,0,0,0,17,56,0,56,0,0,0
RAJASTHAN,2010,Fall in Social Reputation,0,1,5,5,1,12,0,2,2,0,1,5,17,0,3,7,5,2
RAJASTHAN,2010,Family Problems,6,276,242,85,30,639,14,232,126,42,4,418,1057,20,508,368,127,34
RAJASTHAN,2010,Ideological Causes/Hero Worshipping,0,0,0,0,0,0,0,1,0,0,0,1,1,0,1,0,0,0
RAJASTHAN,2010,Illegitimate Pregnancy,0,0,0,0,0,0,0,0,0,0,0,0,0,0,0,0,0,0
RAJASTHAN,2010,Love Affairs,0,45,27,0,0,72,0,38,13,8,0,59,131,0,83,40,8,0
RAJASTHAN,2010,"Physical Abuse (Rape,Incest Etc.)",0,0,0,0,0,0,0,3,0,0,0,3,3,0,3,0,0,0
RAJASTHAN,2010,Poverty,0,1,3,1,1,6,0,0,1,0,0,1,7,0,1,4,1,1
RAJASTHAN,2010,Professional/Career Problem,0,10,31,6,2,49,0,0,0,0,0,0,49,0,10,31,6,2
RAJASTHAN,2010,Property Dispute,0,4,46,25,12,87,0,12,8,5,0,25,112,0,16,54,30,12
RAJASTHAN,2010,Unemployment,0,9,6,0,0,15,0,0,0,0,0,0,15,0,9,6,0,0
RAJASTHAN,2010,Causes Not known,14,161,201,87,16,479,11,94,59,16,7,187,666,25,255,260,103,23
RAJASTHAN,2010,Other Causes,59,312,397,334,27,1129,36,145,205,99,14,499,1628,95,457,602,433,41
RAJASTHAN,2010,Total,90,1093,1288,738,156,3365,67,701,530,221,36,1555,4920,157,1794,1818,959,192
RAJASTHAN,2010,Total Illness,10,155,226,129,57,577,3,84,89,44,9,229,806,13,239,315,173,66
RAJASTHAN,2011,Bankruptcy,0,4,18,16,3,41,0,1,1,0,0,2,43,0,5,19,16,3
RAJASTHAN,2011,Suspected/Illicit Relation,1,21,15,5,2,44,0,17,5,0,0,22,66,1,38,20,5,2
RAJASTHAN,2011,Cancellation/Non-Settlement of Marriage,0,10,10,0,0,20,0,12,6,0,0,18,38,0,22,16,0,0
RAJASTHAN,2011,Infertility,0,3,2,0,1,6,0,3,1,4,0,8,14,0,6,3,4,1
RAJASTHAN,2011,Illness (Aids/STD),0,1,1,0,0,2,0,0,0,0,0,0,2,0,1,1,0,0
RAJASTHAN,2011,Cancer,0,0,0,1,0,1,0,0,1,0,0,1,2,0,0,1,1,0
RAJASTHAN,2011,Paralysis,0,0,2,1,0,3,0,0,0,0,0,0,3,0,0,2,1,0
RAJASTHAN,2011,Insanity/Mental Illness,5,113,136,88,17,359,1,71,48,22,7,149,508,6,184,184,110,24
RAJASTHAN,2011,Other Prolonged Illness,1,22,44,53,12,132,0,19,31,14,8,72,204,1,41,75,67,20
RAJASTHAN,2011,Death of Dear Person,0,4,3,4,0,11,0,1,6,1,0,8,19,0,5,9,5,0
RAJASTHAN,2011,Dowry Dispute,0,2,3,0,0,5,0,20,9,0,0,29,34,0,22,12,0,0
RAJASTHAN,2011,Divorce,0,2,4,2,0,8,0,0,0,0,0,0,8,0,2,4,2,0
RAJASTHAN,2011,Drug Abuse/Addiction,0,47,69,30,3,149,0,1,0,1,0,2,151,0,48,69,31,3
RAJASTHAN,2011,Failure in Examination,1,50,1,1,0,53,1,11,2,0,0,14,67,2,61,3,1,0
RAJASTHAN,2011,Fall in Social Reputation,0,0,5,6,0,11,0,1,1,0,0,2,13,0,1,6,6,0
RAJASTHAN,2011,Family Problems,9,254,244,116,21,644,13,201,159,54,11,438,1082,22,455,403,170,32
RAJASTHAN,2011,Ideological Causes/Hero Worshipping,0,0,1,0,0,1,0,0,0,0,0,0,1,0,0,1,0,0
RAJASTHAN,2011,Illegitimate Pregnancy,0,0,0,0,0,0,0,0,0,0,0,0,0,0,0,0,0,0
RAJASTHAN,2011,Love Affairs,0,54,13,5,0,72,0,44,5,0,0,49,121,0,98,18,5,0
RAJASTHAN,2011,"Physical Abuse (Rape,Incest Etc.)",0,0,0,0,0,0,0,0,0,0,1,1,1,0,0,0,0,1
RAJASTHAN,2011,Poverty,0,1,5,0,0,6,0,0,2,0,0,2,8,0,1,7,0,0
RAJASTHAN,2011,Professional/Career Problem,0,12,32,10,2,56,0,0,0,0,0,0,56,0,12,32,10,2
RAJASTHAN,2011,Property Dispute,0,4,33,25,0,62,0,11,5,4,0,20,82,0,15,38,29,0
RAJASTHAN,2011,Unemployment,0,12,11,5,0,28,0,0,0,0,0,0,28,0,12,11,5,0
RAJASTHAN,2011,Causes Not known,12,190,179,80,12,473,4,98,62,25,14,203,676,16,288,241,105,26
RAJASTHAN,2011,Other Causes,34,343,225,191,36,829,8,126,119,35,4,292,1121,42,469,344,226,40
RAJASTHAN,2011,Total,63,1149,1056,639,109,3016,27,637,463,160,45,1332,4348,90,1786,1519,799,154
RAJASTHAN,2011,Total Illness,6,136,183,143,29,497,1,90,80,36,15,222,719,7,226,263,179,44
RAJASTHAN,2012,Bankruptcy,0,4,7,8,2,21,0,1,0,0,0,1,22,0,5,7,8,2
RAJASTHAN,2012,Suspected/Illicit Relation,0,19,14,1,0,34,0,14,11,0,0,25,59,0,33,25,1,0
RAJASTHAN,2012,Cancellation/Non-Settlement of Marriage,0,8,5,1,0,14,0,7,4,0,0,11,25,0,15,9,1,0
RAJASTHAN,2012,Infertility,0,0,5,1,0,6,0,3,4,1,0,8,14,0,3,9,2,0
RAJASTHAN,2012,Illness (Aids/STD),1,1,0,0,0,2,0,1,0,0,0,1,3,1,2,0,0,0
RAJASTHAN,2012,Cancer,0,0,4,2,0,6,0,0,1,0,0,1,7,0,0,5,2,0
RAJASTHAN,2012,Paralysis,0,0,1,0,1,2,0,0,0,0,1,1,3,0,0,1,0,2
RAJASTHAN,2012,Insanity/Mental Illness,2,79,121,65,14,281,3,79,52,23,13,170,451,5,158,173,88,27
RAJASTHAN,2012,Other Prolonged Illness,4,22,49,35,17,127,0,18,30,12,9,69,196,4,40,79,47,26
RAJASTHAN,2012,Death of Dear Person,0,1,0,1,0,2,0,5,4,1,0,10,12,0,6,4,2,0
RAJASTHAN,2012,Dowry Dispute,0,2,0,0,0,2,1,34,14,0,0,49,51,1,36,14,0,0
RAJASTHAN,2012,Divorce,0,1,3,0,0,4,0,2,2,0,0,4,8,0,3,5,0,0
RAJASTHAN,2012,Drug Abuse/Addiction,0,32,68,42,10,152,0,0,0,0,0,0,152,0,32,68,42,10
RAJASTHAN,2012,Failure in Examination,0,42,0,0,0,42,2,29,1,0,0,32,74,2,71,1,0,0
RAJASTHAN,2012,Fall in Social Reputation,0,4,5,2,2,13,0,1,4,0,1,6,19,0,5,9,2,3
RAJASTHAN,2012,Family Problems,9,258,273,182,36,758,6,205,190,68,15,484,1242,15,463,463,250,51
RAJASTHAN,2012,Ideological Causes/Hero Worshipping,0,0,0,2,0,2,0,1,2,0,0,3,5,0,1,2,2,0
RAJASTHAN,2012,Illegitimate Pregnancy,0,0,0,0,0,0,0,0,0,0,0,0,0,0,0,0,0,0
RAJASTHAN,2012,Love Affairs,0,53,16,6,0,75,3,77,20,3,0,103,178,3,130,36,9,0
RAJASTHAN,2012,"Physical Abuse (Rape,Incest Etc.)",0,0,0,0,0,0,0,0,0,0,0,0,0,0,0,0,0,0
RAJASTHAN,2012,Poverty,0,2,5,2,1,10,0,0,0,0,0,0,10,0,2,5,2,1
RAJASTHAN,2012,Professional/Career Problem,0,9,41,17,3,70,0,1,1,0,0,2,72,0,10,42,17,3
RAJASTHAN,2012,Property Dispute,0,3,35,25,0,63,0,12,6,3,0,21,84,0,15,41,28,0
RAJASTHAN,2012,Unemployment,0,13,15,0,0,28,0,1,0,0,0,1,29,0,14,15,0,0
RAJASTHAN,2012,Causes Not known,14,177,176,85,18,470,10,93,57,25,8,193,663,24,270,233,110,26
RAJASTHAN,2012,Other Causes,38,356,317,282,50,1043,15,157,159,55,13,399,1442,53,513,476,337,63
RAJASTHAN,2012,Total,68,1086,1160,759,154,3227,40,741,562,191,60,1594,4821,108,1827,1722,950,214
RAJASTHAN,2012,Total Illness,7,102,175,102,32,418,3,98,83,35,23,242,660,10,200,258,137,55
SIKKIM,2001,Bankruptcy,0,0,2,0,0,2,0,0,0,0,0,0,2,0,0,2,0,0
SIKKIM,2001,Suspected/Illicit Relation,0,0,0,0,0,0,0,0,0,0,0,0,0,0,0,0,0,0
SIKKIM,2001,Cancellation/Non-Settlement of Marriage,0,1,0,0,0,1,0,0,0,0,0,0,1,0,1,0,0,0
SIKKIM,2001,Infertility,0,0,0,0,0,0,0,0,0,0,0,0,0,0,0,0,0,0
SIKKIM,2001,Illness (Aids/STD),0,0,0,0,0,0,0,0,0,0,0,0,0,0,0,0,0,0
SIKKIM,2001,Cancer,0,0,0,0,0,0,0,0,0,0,0,0,0,0,0,0,0,0
SIKKIM,2001,Paralysis,0,0,0,0,0,0,0,0,0,0,0,0,0,0,0,0,0,0
SIKKIM,2001,Insanity/Mental Illness,0,1,3,1,0,5,0,1,3,0,0,4,9,0,2,6,1,0
SIKKIM,2001,Other Prolonged Illness,0,0,3,0,0,3,0,1,1,0,0,2,5,0,1,4,0,0
SIKKIM,2001,Death of Dear Person,0,0,0,0,0,0,0,0,0,0,0,0,0,0,0,0,0,0
SIKKIM,2001,Dowry Dispute,0,0,0,0,0,0,0,0,0,0,0,0,0,0,0,0,0,0
SIKKIM,2001,Divorce,0,0,0,0,0,0,0,0,0,0,0,0,0,0,0,0,0,0
SIKKIM,2001,Drug Abuse/Addiction,0,1,0,0,0,1,0,0,0,0,0,0,1,0,1,0,0,0
SIKKIM,2001,Failure in Examination,0,0,0,0,0,0,0,1,0,0,0,1,1,0,1,0,0,0
SIKKIM,2001,Fall in Social Reputation,0,0,0,0,0,0,0,0,0,0,0,0,0,0,0,0,0,0
SIKKIM,2001,Family Problems,0,4,5,1,2,12,0,3,7,0,0,10,22,0,7,12,1,2
SIKKIM,2001,Ideological Causes/Hero Worshipping,0,0,1,1,0,2,0,0,0,0,0,0,2,0,0,1,1,0
SIKKIM,2001,Illegitimate Pregnancy,0,0,0,0,0,0,0,0,0,0,0,0,0,0,0,0,0,0
SIKKIM,2001,Love Affairs,0,1,0,0,0,1,0,2,1,0,0,3,4,0,3,1,0,0
SIKKIM,2001,"Physical Abuse (Rape,Incest Etc.)",0,0,1,0,0,1,0,0,0,0,0,0,1,0,0,1,0,0
SIKKIM,2001,Poverty,0,0,0,0,0,0,0,0,0,0,0,0,0,0,0,0,0,0
SIKKIM,2001,Professional/Career Problem,0,0,0,0,0,0,0,0,0,0,0,0,0,0,0,0,0,0
SIKKIM,2001,Property Dispute,0,0,0,0,0,0,0,0,0,0,0,0,0,0,0,0,0,0
SIKKIM,2001,Unemployment,0,1,0,0,0,1,0,0,0,0,0,0,1,0,1,0,0,0
SIKKIM,2001,Causes Not known,0,16,12,2,1,31,1,6,4,0,0,11,42,1,22,16,2,1
SIKKIM,2001,Other Causes,0,2,0,0,0,2,1,0,0,0,0,1,3,1,2,0,0,0
SIKKIM,2001,Total,0,27,27,5,3,62,2,14,16,0,0,32,94,2,41,43,5,3
SIKKIM,2001,Total Illness,0,1,6,1,0,8,0,2,4,0,0,6,14,0,3,10,1,0
SIKKIM,2002,Bankruptcy,0,0,0,0,0,0,0,0,0,0,0,0,0,0,0,0,0,0
SIKKIM,2002,Suspected/Illicit Relation,0,0,0,0,0,0,0,0,0,0,0,0,0,0,0,0,0,0
SIKKIM,2002,Cancellation/Non-Settlement of Marriage,0,1,0,0,0,1,0,0,0,0,0,0,1,0,1,0,0,0
SIKKIM,2002,Infertility,0,0,0,0,0,0,0,0,0,0,0,0,0,0,0,0,0,0
SIKKIM,2002,Illness (Aids/STD),0,0,0,0,0,0,0,0,0,0,0,0,0,0,0,0,0,0
SIKKIM,2002,Cancer,0,0,0,0,0,0,0,0,0,0,0,0,0,0,0,0,0,0
SIKKIM,2002,Paralysis,0,0,0,0,0,0,0,0,0,0,0,0,0,0,0,0,0,0
SIKKIM,2002,Insanity/Mental Illness,0,4,3,2,1,10,1,3,4,2,2,12,22,1,7,7,4,3
SIKKIM,2002,Other Prolonged Illness,0,0,1,1,2,4,0,0,0,1,0,1,5,0,0,1,2,2
SIKKIM,2002,Death of Dear Person,0,0,0,0,0,0,0,0,0,0,0,0,0,0,0,0,0,0
SIKKIM,2002,Dowry Dispute,0,0,0,0,0,0,0,0,0,0,0,0,0,0,0,0,0,0
SIKKIM,2002,Divorce,0,0,0,0,0,0,0,0,0,0,0,0,0,0,0,0,0,0
SIKKIM,2002,Drug Abuse/Addiction,0,1,0,1,0,2,0,0,0,0,0,0,2,0,1,0,1,0
SIKKIM,2002,Failure in Examination,0,1,0,0,0,1,0,2,0,0,0,2,3,0,3,0,0,0
SIKKIM,2002,Fall in Social Reputation,0,0,1,0,0,1,0,0,0,0,0,0,1,0,0,1,0,0
SIKKIM,2002,Family Problems,1,1,5,2,1,10,0,2,1,2,0,5,15,1,3,6,4,1
SIKKIM,2002,Ideological Causes/Hero Worshipping,0,0,0,0,0,0,0,0,0,0,0,0,0,0,0,0,0,0
SIKKIM,2002,Illegitimate Pregnancy,0,0,0,0,0,0,0,0,0,0,0,0,0,0,0,0,0,0
SIKKIM,2002,Love Affairs,0,1,0,0,0,1,0,1,0,0,0,1,2,0,2,0,0,0
SIKKIM,2002,"Physical Abuse (Rape,Incest Etc.)",0,1,0,1,0,2,0,0,0,0,0,0,2,0,1,0,1,0
SIKKIM,2002,Poverty,0,0,0,1,0,1,0,0,0,0,0,0,1,0,0,0,1,0
SIKKIM,2002,Professional/Career Problem,0,0,0,0,0,0,0,0,0,0,0,0,0,0,0,0,0,0
SIKKIM,2002,Property Dispute,0,0,0,0,0,0,0,0,0,0,0,0,0,0,0,0,0,0
SIKKIM,2002,Unemployment,0,0,4,1,0,5,0,0,0,0,0,0,5,0,0,4,1,0
SIKKIM,2002,Causes Not known,2,2,4,1,1,10,0,3,0,0,0,3,13,2,5,4,1,1
SIKKIM,2002,Other Causes,0,3,1,1,1,6,0,0,0,0,0,0,6,0,3,1,1,1
SIKKIM,2002,Total,3,15,19,11,6,54,1,11,5,5,2,24,78,4,26,24,16,8
SIKKIM,2002,Total Illness,0,4,4,3,3,14,1,3,4,3,2,13,27,1,7,8,6,5
SIKKIM,2003,Bankruptcy,0,0,0,0,0,0,0,0,0,0,0,0,0,0,0,0,0,0
SIKKIM,2003,Suspected/Illicit Relation,0,0,0,0,0,0,0,0,0,0,0,0,0,0,0,0,0,0
SIKKIM,2003,Cancellation/Non-Settlement of Marriage,0,0,0,0,0,0,0,0,0,0,0,0,0,0,0,0,0,0
SIKKIM,2003,Infertility,0,0,0,0,0,0,0,1,0,0,0,1,1,0,1,0,0,0
SIKKIM,2003,Illness (Aids/STD),0,0,0,0,0,0,0,0,0,0,0,0,0,0,0,0,0,0
SIKKIM,2003,Cancer,0,0,0,0,0,0,0,0,0,0,0,0,0,0,0,0,0,0
SIKKIM,2003,Paralysis,0,0,0,0,0,0,0,0,0,0,0,0,0,0,0,0,0,0
SIKKIM,2003,Insanity/Mental Illness,0,4,4,1,0,9,0,1,2,0,0,3,12,0,5,6,1,0
SIKKIM,2003,Other Prolonged Illness,1,4,0,0,0,5,0,2,0,0,0,2,7,1,6,0,0,0
SIKKIM,2003,Death of Dear Person,0,0,0,1,0,1,0,0,0,0,0,0,1,0,0,0,1,0
SIKKIM,2003,Dowry Dispute,0,0,0,0,0,0,0,0,0,0,0,0,0,0,0,0,0,0
SIKKIM,2003,Divorce,0,0,0,0,0,0,0,0,0,0,0,0,0,0,0,0,0,0
SIKKIM,2003,Drug Abuse/Addiction,0,2,4,5,0,11,0,0,0,0,0,0,11,0,2,4,5,0
SIKKIM,2003,Failure in Examination,0,0,0,0,0,0,0,0,0,0,0,0,0,0,0,0,0,0
SIKKIM,2003,Fall in Social Reputation,0,0,0,0,0,0,0,0,0,0,0,0,0,0,0,0,0,0
SIKKIM,2003,Family Problems,0,9,2,0,0,11,0,1,2,1,0,4,15,0,10,4,1,0
SIKKIM,2003,Ideological Causes/Hero Worshipping,0,0,0,0,0,0,0,0,0,0,0,0,0,0,0,0,0,0
SIKKIM,2003,Illegitimate Pregnancy,0,0,0,0,0,0,0,0,0,0,0,0,0,0,0,0,0,0
SIKKIM,2003,Love Affairs,0,0,0,0,0,0,0,0,0,0,0,0,0,0,0,0,0,0
SIKKIM,2003,"Physical Abuse (Rape,Incest Etc.)",0,0,0,0,0,0,0,0,0,0,0,0,0,0,0,0,0,0
SIKKIM,2003,Poverty,0,0,0,0,0,0,0,0,0,0,0,0,0,0,0,0,0,0
SIKKIM,2003,Professional/Career Problem,0,0,0,0,0,0,0,0,0,0,0,0,0,0,0,0,0,0
SIKKIM,2003,Property Dispute,0,0,0,0,0,0,0,0,0,0,0,0,0,0,0,0,0,0
SIKKIM,2003,Unemployment,0,0,0,0,0,0,0,0,0,0,0,0,0,0,0,0,0,0
SIKKIM,2003,Causes Not known,0,6,6,7,12,31,0,4,4,10,9,27,58,0,10,10,17,21
SIKKIM,2003,Other Causes,0,0,0,0,0,0,0,0,0,0,0,0,0,0,0,0,0,0
SIKKIM,2003,Total,1,25,16,14,12,68,0,9,8,11,9,37,105,1,34,24,25,21
SIKKIM,2003,Total Illness,1,8,4,1,0,14,0,3,2,0,0,5,19,1,11,6,1,0
SIKKIM,2004,Bankruptcy,0,0,0,0,0,0,0,0,0,0,0,0,0,0,0,0,0,0
SIKKIM,2004,Suspected/Illicit Relation,0,0,0,0,0,0,0,0,0,0,0,0,0,0,0,0,0,0
SIKKIM,2004,Cancellation/Non-Settlement of Marriage,0,0,0,0,0,0,0,0,1,0,0,1,1,0,0,1,0,0
SIKKIM,2004,Infertility,0,0,0,0,0,0,0,0,0,0,0,0,0,0,0,0,0,0
SIKKIM,2004,Illness (Aids/STD),0,0,0,0,0,0,0,0,0,0,0,0,0,0,0,0,0,0
SIKKIM,2004,Cancer,0,0,0,0,0,0,0,0,0,0,0,0,0,0,0,0,0,0
SIKKIM,2004,Paralysis,0,0,0,0,0,0,0,0,0,0,0,0,0,0,0,0,0,0
SIKKIM,2004,Insanity/Mental Illness,0,0,7,6,4,17,0,0,3,5,4,12,29,0,0,10,11,8
SIKKIM,2004,Other Prolonged Illness,0,0,0,0,16,16,0,0,0,0,5,5,21,0,0,0,0,21
SIKKIM,2004,Death of Dear Person,0,0,0,0,0,0,0,0,0,0,0,0,0,0,0,0,0,0
SIKKIM,2004,Dowry Dispute,0,0,0,0,0,0,0,0,0,0,0,0,0,0,0,0,0,0
SIKKIM,2004,Divorce,0,0,0,0,0,0,0,0,0,0,0,0,0,0,0,0,0,0
SIKKIM,2004,Drug Abuse/Addiction,0,0,2,3,0,5,0,0,0,0,0,0,5,0,0,2,3,0
SIKKIM,2004,Failure in Examination,0,0,0,0,0,0,0,0,0,0,0,0,0,0,0,0,0,0
SIKKIM,2004,Fall in Social Reputation,0,0,0,0,0,0,0,0,0,0,0,0,0,0,0,0,0,0
SIKKIM,2004,Family Problems,0,0,3,2,2,7,0,0,5,8,9,22,29,0,0,8,10,11
SIKKIM,2004,Ideological Causes/Hero Worshipping,0,0,0,0,0,0,0,0,0,0,0,0,0,0,0,0,0,0
SIKKIM,2004,Illegitimate Pregnancy,0,0,0,0,0,0,0,0,0,0,0,0,0,0,0,0,0,0
SIKKIM,2004,Love Affairs,0,0,0,0,0,0,0,0,0,0,0,0,0,0,0,0,0,0
SIKKIM,2004,"Physical Abuse (Rape,Incest Etc.)",0,0,0,0,0,0,0,0,0,0,0,0,0,0,0,0,0,0
SIKKIM,2004,Poverty,0,0,0,0,0,0,0,0,0,0,0,0,0,0,0,0,0,0
SIKKIM,2004,Professional/Career Problem,0,0,0,0,0,0,0,0,0,0,0,0,0,0,0,0,0,0
SIKKIM,2004,Property Dispute,0,0,0,0,0,0,0,0,0,0,0,0,0,0,0,0,0,0
SIKKIM,2004,Unemployment,0,0,0,0,0,0,0,0,0,0,0,0,0,0,0,0,0,0
SIKKIM,2004,Causes Not known,0,0,5,2,4,11,0,0,0,2,0,2,13,0,0,5,4,4
SIKKIM,2004,Other Causes,0,0,0,0,0,0,0,0,0,0,0,0,0,0,0,0,0,0
SIKKIM,2004,Total,0,0,17,13,26,56,0,0,9,15,18,42,98,0,0,26,28,44
SIKKIM,2004,Total Illness,0,0,7,6,20,33,0,0,3,5,9,17,50,0,0,10,11,29
SIKKIM,2005,Bankruptcy,0,0,0,0,0,0,0,0,0,0,0,0,0,0,0,0,0,0
SIKKIM,2005,Suspected/Illicit Relation,0,0,0,0,0,0,0,0,0,0,0,0,0,0,0,0,0,0
SIKKIM,2005,Cancellation/Non-Settlement of Marriage,0,0,0,0,0,0,0,0,0,0,0,0,0,0,0,0,0,0
SIKKIM,2005,Infertility,0,0,0,0,0,0,0,0,0,0,0,0,0,0,0,0,0,0
SIKKIM,2005,Illness (Aids/STD),0,0,0,0,0,0,0,0,0,0,0,0,0,0,0,0,0,0
SIKKIM,2005,Cancer,0,0,0,0,0,0,0,0,0,0,0,0,0,0,0,0,0,0
SIKKIM,2005,Paralysis,0,0,0,0,0,0,0,0,0,0,0,0,0,0,0,0,0,0
SIKKIM,2005,Insanity/Mental Illness,1,3,0,0,0,4,0,0,1,1,3,5,9,1,3,1,1,3
SIKKIM,2005,Other Prolonged Illness,0,0,0,3,1,4,0,0,3,0,1,4,8,0,0,3,3,2
SIKKIM,2005,Death of Dear Person,0,0,0,0,0,0,0,0,0,0,0,0,0,0,0,0,0,0
SIKKIM,2005,Dowry Dispute,0,0,0,0,0,0,0,0,0,0,0,0,0,0,0,0,0,0
SIKKIM,2005,Divorce,0,0,0,0,0,0,0,0,0,0,0,0,0,0,0,0,0,0
SIKKIM,2005,Drug Abuse/Addiction,0,4,1,0,0,5,0,0,0,0,0,0,5,0,4,1,0,0
SIKKIM,2005,Failure in Examination,0,0,0,0,0,0,1,0,0,0,0,1,1,1,0,0,0,0
SIKKIM,2005,Fall in Social Reputation,0,1,0,0,0,1,0,1,1,2,0,4,5,0,2,1,2,0
SIKKIM,2005,Family Problems,1,4,3,3,3,14,0,6,3,1,1,11,25,1,10,6,4,4
SIKKIM,2005,Ideological Causes/Hero Worshipping,0,0,0,0,0,0,0,0,0,0,0,0,0,0,0,0,0,0
SIKKIM,2005,Illegitimate Pregnancy,0,0,0,0,0,0,0,0,0,0,0,0,0,0,0,0,0,0
SIKKIM,2005,Love Affairs,0,2,0,0,0,2,0,1,0,0,0,1,3,0,3,0,0,0
SIKKIM,2005,"Physical Abuse (Rape,Incest Etc.)",0,0,0,0,0,0,0,0,0,0,0,0,0,0,0,0,0,0
SIKKIM,2005,Poverty,0,0,0,0,0,0,0,0,0,0,0,0,0,0,0,0,0,0
SIKKIM,2005,Professional/Career Problem,0,0,0,0,0,0,0,0,0,0,0,0,0,0,0,0,0,0
SIKKIM,2005,Property Dispute,0,0,0,0,0,0,0,0,0,0,0,0,0,0,0,0,0,0
SIKKIM,2005,Unemployment,0,0,1,0,0,1,0,0,0,0,0,0,1,0,0,1,0,0
SIKKIM,2005,Causes Not known,0,5,3,0,0,8,1,2,4,0,0,7,15,1,7,7,0,0
SIKKIM,2005,Other Causes,0,7,9,7,0,23,0,4,7,3,0,14,37,0,11,16,10,0
SIKKIM,2005,Total,2,26,17,13,4,62,2,14,19,7,5,47,109,4,40,36,20,9
SIKKIM,2005,Total Illness,1,3,0,3,1,8,0,0,4,1,4,9,17,1,3,4,4,5
SIKKIM,2006,Bankruptcy,0,0,0,0,0,0,0,0,0,0,0,0,0,0,0,0,0,0
SIKKIM,2006,Suspected/Illicit Relation,0,0,0,0,0,0,0,0,0,0,0,0,0,0,0,0,0,0
SIKKIM,2006,Cancellation/Non-Settlement of Marriage,0,0,0,0,0,0,0,0,0,0,0,0,0,0,0,0,0,0
SIKKIM,2006,Infertility,0,0,0,0,0,0,0,0,0,0,0,0,0,0,0,0,0,0
SIKKIM,2006,Illness (Aids/STD),0,0,0,0,0,0,0,0,0,0,0,0,0,0,0,0,0,0
SIKKIM,2006,Cancer,0,0,0,0,0,0,0,0,0,0,0,0,0,0,0,0,0,0
SIKKIM,2006,Paralysis,0,0,0,0,0,0,0,0,0,0,0,0,0,0,0,0,0,0
SIKKIM,2006,Insanity/Mental Illness,3,34,22,12,0,71,2,22,13,1,3,41,112,5,56,35,13,3
SIKKIM,2006,Other Prolonged Illness,0,0,0,0,0,0,0,0,0,0,0,0,0,0,0,0,0,0
SIKKIM,2006,Death of Dear Person,0,0,0,0,0,0,0,0,0,0,0,0,0,0,0,0,0,0
SIKKIM,2006,Dowry Dispute,0,0,0,0,0,0,0,0,0,0,0,0,0,0,0,0,0,0
SIKKIM,2006,Divorce,0,0,0,0,0,0,0,0,0,0,0,0,0,0,0,0,0,0
SIKKIM,2006,Drug Abuse/Addiction,0,1,2,0,0,3,0,0,0,0,1,1,4,0,1,2,0,1
SIKKIM,2006,Failure in Examination,0,0,0,0,0,0,0,0,0,0,0,0,0,0,0,0,0,0
SIKKIM,2006,Fall in Social Reputation,0,0,0,0,0,0,0,0,0,0,0,0,0,0,0,0,0,0
SIKKIM,2006,Family Problems,0,0,0,0,0,0,0,0,0,0,0,0,0,0,0,0,0,0
SIKKIM,2006,Ideological Causes/Hero Worshipping,0,0,0,0,0,0,0,0,0,0,0,0,0,0,0,0,0,0
SIKKIM,2006,Illegitimate Pregnancy,0,0,0,0,0,0,0,0,0,0,0,0,0,0,0,0,0,0
SIKKIM,2006,Love Affairs,0,0,0,0,0,0,0,0,0,0,0,0,0,0,0,0,0,0
SIKKIM,2006,"Physical Abuse (Rape,Incest Etc.)",0,0,0,0,0,0,0,0,0,0,0,0,0,0,0,0,0,0
SIKKIM,2006,Poverty,0,0,0,0,0,0,0,0,0,0,0,0,0,0,0,0,0,0
SIKKIM,2006,Professional/Career Problem,0,0,0,0,0,0,0,0,0,0,0,0,0,0,0,0,0,0
SIKKIM,2006,Property Dispute,0,0,0,0,0,0,0,0,0,0,0,0,0,0,0,0,0,0
SIKKIM,2006,Unemployment,0,0,0,0,0,0,0,0,0,0,0,0,0,0,0,0,0,0
SIKKIM,2006,Causes Not known,1,10,5,2,0,18,1,3,0,0,0,4,22,2,13,5,2,0
SIKKIM,2006,Other Causes,0,4,2,0,0,6,0,1,0,0,0,1,7,0,5,2,0,0
SIKKIM,2006,Total,4,49,31,14,0,98,3,26,13,1,4,47,145,7,75,44,15,4
SIKKIM,2006,Total Illness,3,34,22,12,0,71,2,22,13,1,3,41,112,5,56,35,13,3
SIKKIM,2007,Bankruptcy,0,0,0,0,0,0,0,0,0,0,0,0,0,0,0,0,0,0
SIKKIM,2007,Suspected/Illicit Relation,0,0,0,0,0,0,0,0,0,0,0,0,0,0,0,0,0,0
SIKKIM,2007,Cancellation/Non-Settlement of Marriage,0,0,0,0,0,0,0,0,0,0,0,0,0,0,0,0,0,0
SIKKIM,2007,Infertility,0,0,0,0,0,0,0,0,0,0,0,0,0,0,0,0,0,0
SIKKIM,2007,Illness (Aids/STD),0,0,0,0,0,0,0,0,0,0,0,0,0,0,0,0,0,0
SIKKIM,2007,Cancer,0,0,0,0,0,0,0,0,0,0,0,0,0,0,0,0,0,0
SIKKIM,2007,Paralysis,0,0,0,0,0,0,0,0,0,0,0,0,0,0,0,0,0,0
SIKKIM,2007,Insanity/Mental Illness,0,2,1,4,0,7,0,0,0,0,0,0,7,0,2,1,4,0
SIKKIM,2007,Other Prolonged Illness,0,0,0,0,2,2,0,0,0,0,0,0,2,0,0,0,0,2
SIKKIM,2007,Death of Dear Person,0,2,0,0,0,2,0,0,0,0,0,0,2,0,2,0,0,0
SIKKIM,2007,Dowry Dispute,0,0,0,0,0,0,0,0,0,0,0,0,0,0,0,0,0,0
SIKKIM,2007,Divorce,0,0,0,0,0,0,0,0,0,0,0,0,0,0,0,0,0,0
SIKKIM,2007,Drug Abuse/Addiction,2,2,0,0,0,4,0,0,0,0,0,0,4,2,2,0,0,0
SIKKIM,2007,Failure in Examination,3,0,0,0,0,3,0,0,0,0,0,0,3,3,0,0,0,0
SIKKIM,2007,Fall in Social Reputation,0,0,0,0,0,0,0,0,0,0,0,0,0,0,0,0,0,0
SIKKIM,2007,Family Problems,0,0,9,0,0,9,0,0,0,0,0,0,9,0,0,9,0,0
SIKKIM,2007,Ideological Causes/Hero Worshipping,0,0,0,0,0,0,0,0,0,0,0,0,0,0,0,0,0,0
SIKKIM,2007,Illegitimate Pregnancy,0,0,0,0,0,0,0,0,0,0,0,0,0,0,0,0,0,0
SIKKIM,2007,Love Affairs,0,1,0,0,0,1,0,0,0,0,0,0,1,0,1,0,0,0
SIKKIM,2007,"Physical Abuse (Rape,Incest Etc.)",0,0,0,0,0,0,0,0,0,0,0,0,0,0,0,0,0,0
SIKKIM,2007,Poverty,0,0,0,0,0,0,0,0,0,0,0,0,0,0,0,0,0,0
SIKKIM,2007,Professional/Career Problem,0,0,0,0,0,0,0,0,0,0,0,0,0,0,0,0,0,0
SIKKIM,2007,Property Dispute,0,0,0,0,0,0,0,0,0,0,0,0,0,0,0,0,0,0
SIKKIM,2007,Unemployment,0,1,0,0,0,1,0,0,0,0,0,0,1,0,1,0,0,0
SIKKIM,2007,Causes Not known,0,31,12,8,0,51,1,14,0,3,0,18,69,1,45,12,11,0
SIKKIM,2007,Other Causes,0,2,2,0,0,4,6,5,8,1,0,20,24,6,7,10,1,0
SIKKIM,2007,Total,5,41,24,12,2,84,7,19,8,4,0,38,122,12,60,32,16,2
SIKKIM,2007,Total Illness,0,2,1,4,2,9,0,0,0,0,0,0,9,0,2,1,4,2
SIKKIM,2008,Bankruptcy,0,2,4,2,0,8,0,5,3,2,1,11,19,0,7,7,4,1
SIKKIM,2008,Suspected/Illicit Relation,0,4,2,3,0,9,0,4,2,0,0,6,15,0,8,4,3,0
SIKKIM,2008,Cancellation/Non-Settlement of Marriage,0,10,4,3,0,17,0,4,4,0,0,8,25,0,14,8,3,0
SIKKIM,2008,Infertility,0,0,0,0,0,0,0,0,0,0,0,0,0,0,0,0,0,0
SIKKIM,2008,Illness (Aids/STD),0,0,0,0,0,0,0,0,0,0,0,0,0,0,0,0,0,0
SIKKIM,2008,Cancer,0,0,0,0,0,0,0,0,0,0,0,0,0,0,0,0,0,0
SIKKIM,2008,Paralysis,0,0,0,0,0,0,0,0,0,0,0,0,0,0,0,0,0,0
SIKKIM,2008,Insanity/Mental Illness,2,4,2,3,0,11,0,2,2,1,1,6,17,2,6,4,4,1
SIKKIM,2008,Other Prolonged Illness,0,1,2,1,0,4,0,0,0,0,0,0,4,0,1,2,1,0
SIKKIM,2008,Death of Dear Person,0,0,0,0,0,0,0,2,2,0,0,4,4,0,2,2,0,0
SIKKIM,2008,Dowry Dispute,0,0,0,0,0,0,0,0,0,0,0,0,0,0,0,0,0,0
SIKKIM,2008,Divorce,0,0,0,0,0,0,0,0,0,0,0,0,0,0,0,0,0,0
SIKKIM,2008,Drug Abuse/Addiction,0,2,1,0,0,3,0,0,0,0,0,0,3,0,2,1,0,0
SIKKIM,2008,Failure in Examination,0,0,0,0,0,0,0,2,1,0,0,3,3,0,2,1,0,0
SIKKIM,2008,Fall in Social Reputation,0,0,0,0,0,0,0,0,0,0,0,0,0,0,0,0,0,0
SIKKIM,2008,Family Problems,0,7,9,6,3,25,0,4,6,5,1,16,41,0,11,15,11,4
SIKKIM,2008,Ideological Causes/Hero Worshipping,0,0,0,0,0,0,0,0,0,0,0,0,0,0,0,0,0,0
SIKKIM,2008,Illegitimate Pregnancy,0,0,0,0,0,0,0,0,0,0,0,0,0,0,0,0,0,0
SIKKIM,2008,Love Affairs,0,8,2,0,0,10,0,0,0,0,0,0,10,0,8,2,0,0
SIKKIM,2008,"Physical Abuse (Rape,Incest Etc.)",0,0,0,0,0,0,0,0,0,0,0,0,0,0,0,0,0,0
SIKKIM,2008,Poverty,0,0,0,0,0,0,0,0,0,0,0,0,0,0,0,0,0,0
SIKKIM,2008,Professional/Career Problem,0,0,0,0,0,0,0,0,0,0,0,0,0,0,0,0,0,0
SIKKIM,2008,Property Dispute,0,0,0,0,0,0,0,0,0,0,0,0,0,0,0,0,0,0
SIKKIM,2008,Unemployment,0,0,0,0,0,0,0,0,0,0,0,0,0,0,0,0,0,0
SIKKIM,2008,Causes Not known,0,10,5,10,3,28,0,0,1,1,0,2,30,0,10,6,11,3
SIKKIM,2008,Other Causes,0,22,38,37,4,101,0,3,5,4,3,15,116,0,25,43,41,7
SIKKIM,2008,Total,2,70,69,65,10,216,0,26,26,13,6,71,287,2,96,95,78,16
SIKKIM,2008,Total Illness,2,5,4,4,0,15,0,2,2,1,1,6,21,2,7,6,5,1
SIKKIM,2009,Bankruptcy,0,0,0,0,0,0,0,0,0,0,0,0,0,0,0,0,0,0
SIKKIM,2009,Suspected/Illicit Relation,0,0,0,0,0,0,0,0,0,0,0,0,0,0,0,0,0,0
SIKKIM,2009,Cancellation/Non-Settlement of Marriage,0,5,0,0,0,5,0,8,1,0,0,9,14,0,13,1,0,0
SIKKIM,2009,Infertility,0,0,0,1,0,1,0,0,1,2,0,3,4,0,0,1,3,0
SIKKIM,2009,Illness (Aids/STD),0,0,0,0,0,0,0,0,0,0,0,0,0,0,0,0,0,0
SIKKIM,2009,Cancer,0,0,0,5,1,6,0,0,0,1,0,1,7,0,0,0,6,1
SIKKIM,2009,Paralysis,0,0,0,0,0,0,0,0,0,0,0,0,0,0,0,0,0,0
SIKKIM,2009,Insanity/Mental Illness,0,2,1,1,0,4,0,3,2,1,0,6,10,0,5,3,2,0
SIKKIM,2009,Other Prolonged Illness,0,0,1,1,1,3,0,0,0,0,0,0,3,0,0,1,1,1
SIKKIM,2009,Death of Dear Person,0,2,0,0,0,2,0,3,1,0,0,4,6,0,5,1,0,0
SIKKIM,2009,Dowry Dispute,0,0,0,0,0,0,0,0,0,0,0,0,0,0,0,0,0,0
SIKKIM,2009,Divorce,0,0,0,0,0,0,0,0,0,0,0,0,0,0,0,0,0,0
SIKKIM,2009,Drug Abuse/Addiction,0,3,2,0,0,5,0,0,0,0,0,0,5,0,3,2,0,0
SIKKIM,2009,Failure in Examination,0,5,0,0,0,5,0,6,0,0,0,6,11,0,11,0,0,0
SIKKIM,2009,Fall in Social Reputation,0,0,0,0,0,0,0,0,0,0,0,0,0,0,0,0,0,0
SIKKIM,2009,Family Problems,0,5,2,1,0,8,0,6,2,1,0,9,17,0,11,4,2,0
SIKKIM,2009,Ideological Causes/Hero Worshipping,0,0,0,0,0,0,0,0,0,0,0,0,0,0,0,0,0,0
SIKKIM,2009,Illegitimate Pregnancy,0,0,0,0,0,0,0,0,0,0,0,0,0,0,0,0,0,0
SIKKIM,2009,Love Affairs,0,2,1,0,0,3,0,3,1,0,0,4,7,0,5,2,0,0
SIKKIM,2009,"Physical Abuse (Rape,Incest Etc.)",0,0,0,0,0,0,0,0,0,0,0,0,0,0,0,0,0,0
SIKKIM,2009,Poverty,0,0,0,0,0,0,0,0,0,0,0,0,0,0,0,0,0,0
SIKKIM,2009,Professional/Career Problem,0,0,5,2,0,7,0,8,2,0,0,10,17,0,8,7,2,0
SIKKIM,2009,Property Dispute,0,0,0,0,0,0,0,0,0,0,0,0,0,0,0,0,0,0
SIKKIM,2009,Unemployment,0,0,2,1,0,3,0,3,1,0,0,4,7,0,3,3,1,0
SIKKIM,2009,Causes Not known,2,29,7,10,5,53,1,2,1,1,0,5,58,3,31,8,11,5
SIKKIM,2009,Other Causes,1,12,2,1,1,17,2,15,17,17,7,58,75,3,27,19,18,8
SIKKIM,2009,Total,3,65,23,23,8,122,3,57,29,23,7,119,241,6,122,52,46,15
SIKKIM,2009,Total Illness,0,2,2,7,2,13,0,3,2,2,0,7,20,0,5,4,9,2
SIKKIM,2010,Bankruptcy,0,0,0,0,0,0,0,0,1,0,0,1,1,0,0,1,0,0
SIKKIM,2010,Suspected/Illicit Relation,0,0,0,0,0,0,0,1,0,0,0,1,1,0,1,0,0,0
SIKKIM,2010,Cancellation/Non-Settlement of Marriage,0,11,3,0,0,14,0,2,1,0,0,3,17,0,13,4,0,0
SIKKIM,2010,Infertility,0,3,1,0,0,4,0,1,2,0,0,3,7,0,4,3,0,0
SIKKIM,2010,Illness (Aids/STD),0,0,0,0,0,0,0,0,0,0,0,0,0,0,0,0,0,0
SIKKIM,2010,Cancer,0,0,0,2,0,2,0,0,0,1,0,1,3,0,0,0,3,0
SIKKIM,2010,Paralysis,0,0,0,0,0,0,0,0,1,0,0,1,1,0,0,1,0,0
SIKKIM,2010,Insanity/Mental Illness,0,9,11,1,0,21,0,2,0,2,0,4,25,0,11,11,3,0
SIKKIM,2010,Other Prolonged Illness,0,6,8,3,1,18,0,2,1,1,1,5,23,0,8,9,4,2
SIKKIM,2010,Death of Dear Person,0,0,0,1,0,1,0,0,0,0,0,0,1,0,0,0,1,0
SIKKIM,2010,Dowry Dispute,0,0,0,0,0,0,0,0,0,0,0,0,0,0,0,0,0,0
SIKKIM,2010,Divorce,0,0,1,0,0,1,0,1,1,0,0,2,3,0,1,2,0,0
SIKKIM,2010,Drug Abuse/Addiction,0,4,2,0,0,6,0,0,0,0,0,0,6,0,4,2,0,0
SIKKIM,2010,Failure in Examination,0,2,0,1,0,3,0,0,1,0,0,1,4,0,2,1,1,0
SIKKIM,2010,Fall in Social Reputation,0,0,1,0,0,1,0,0,2,2,0,4,5,0,0,3,2,0
SIKKIM,2010,Family Problems,0,5,12,3,1,21,0,2,1,2,1,6,27,0,7,13,5,2
SIKKIM,2010,Ideological Causes/Hero Worshipping,0,0,0,1,0,1,0,0,1,0,0,1,2,0,0,1,1,0
SIKKIM,2010,Illegitimate Pregnancy,0,0,0,0,0,0,0,0,0,0,0,0,0,0,0,0,0,0
SIKKIM,2010,Love Affairs,0,2,3,0,0,5,0,0,1,0,0,1,6,0,2,4,0,0
SIKKIM,2010,"Physical Abuse (Rape,Incest Etc.)",0,0,0,0,0,0,0,0,0,0,0,0,0,0,0,0,0,0
SIKKIM,2010,Poverty,0,0,0,0,0,0,0,0,0,0,0,0,0,0,0,0,0,0
SIKKIM,2010,Professional/Career Problem,0,0,0,0,0,0,0,0,2,0,0,2,2,0,0,2,0,0
SIKKIM,2010,Property Dispute,0,0,0,0,0,0,0,0,0,1,0,1,1,0,0,0,1,0
SIKKIM,2010,Unemployment,0,0,3,0,0,3,0,0,3,0,0,3,6,0,0,6,0,0
SIKKIM,2010,Causes Not known,21,36,26,18,13,114,0,2,1,1,1,5,119,21,38,27,19,14
SIKKIM,2010,Other Causes,0,20,0,0,0,20,0,0,0,0,0,0,20,0,20,0,0,0
SIKKIM,2010,Total,21,98,71,30,15,235,0,13,19,10,3,45,280,21,111,90,40,18
SIKKIM,2010,Total Illness,0,15,19,6,1,41,0,4,2,4,1,11,52,0,19,21,10,2
SIKKIM,2011,Bankruptcy,0,0,0,0,0,0,0,0,0,0,0,0,0,0,0,0,0,0
SIKKIM,2011,Suspected/Illicit Relation,0,0,0,0,0,0,0,0,0,0,0,0,0,0,0,0,0,0
SIKKIM,2011,Cancellation/Non-Settlement of Marriage,0,0,0,0,0,0,0,0,0,0,0,0,0,0,0,0,0,0
SIKKIM,2011,Infertility,0,0,0,0,0,0,0,0,0,0,0,0,0,0,0,0,0,0
SIKKIM,2011,Illness (Aids/STD),0,0,0,0,0,0,0,0,0,0,0,0,0,0,0,0,0,0
SIKKIM,2011,Cancer,0,0,0,0,0,0,0,0,0,0,0,0,0,0,0,0,0,0
SIKKIM,2011,Paralysis,0,0,0,0,0,0,0,0,0,0,0,0,0,0,0,0,0,0
SIKKIM,2011,Insanity/Mental Illness,0,0,0,0,0,0,0,0,0,0,0,0,0,0,0,0,0,0
SIKKIM,2011,Other Prolonged Illness,0,0,0,0,0,0,0,0,0,0,0,0,0,0,0,0,0,0
SIKKIM,2011,Death of Dear Person,0,0,0,0,0,0,0,0,0,0,0,0,0,0,0,0,0,0
SIKKIM,2011,Dowry Dispute,0,0,0,0,0,0,0,0,0,0,0,0,0,0,0,0,0,0
SIKKIM,2011,Divorce,0,0,0,0,0,0,0,0,0,0,0,0,0,0,0,0,0,0
SIKKIM,2011,Drug Abuse/Addiction,0,6,3,1,0,10,0,0,0,0,0,0,10,0,6,3,1,0
SIKKIM,2011,Failure in Examination,0,0,0,0,0,0,0,0,0,0,0,0,0,0,0,0,0,0
SIKKIM,2011,Fall in Social Reputation,0,0,0,0,0,0,0,0,0,0,0,0,0,0,0,0,0,0
SIKKIM,2011,Family Problems,0,0,0,0,0,0,0,0,0,0,0,0,0,0,0,0,0,0
SIKKIM,2011,Ideological Causes/Hero Worshipping,0,0,0,0,0,0,0,0,0,0,0,0,0,0,0,0,0,0
SIKKIM,2011,Illegitimate Pregnancy,0,0,0,0,0,0,0,0,0,0,0,0,0,0,0,0,0,0
SIKKIM,2011,Love Affairs,0,0,0,0,0,0,0,0,0,0,0,0,0,0,0,0,0,0
SIKKIM,2011,"Physical Abuse (Rape,Incest Etc.)",0,0,0,0,0,0,0,0,0,0,0,0,0,0,0,0,0,0
SIKKIM,2011,Poverty,0,0,0,0,0,0,0,0,0,0,0,0,0,0,0,0,0,0
SIKKIM,2011,Professional/Career Problem,0,0,0,0,0,0,0,0,0,0,0,0,0,0,0,0,0,0
SIKKIM,2011,Property Dispute,0,0,0,0,0,0,0,0,0,0,0,0,0,0,0,0,0,0
SIKKIM,2011,Unemployment,0,0,0,0,0,0,0,0,0,0,0,0,0,0,0,0,0,0
SIKKIM,2011,Causes Not known,4,30,30,22,1,87,0,29,20,18,3,70,157,4,59,50,40,4
SIKKIM,2011,Other Causes,0,4,3,2,1,10,2,3,2,0,0,7,17,2,7,5,2,1
SIKKIM,2011,Total,4,40,36,25,2,107,2,32,22,18,3,77,184,6,72,58,43,5
SIKKIM,2011,Total Illness,0,0,0,0,0,0,0,0,0,0,0,0,0,0,0,0,0,0
SIKKIM,2012,Bankruptcy,0,0,0,0,0,0,0,0,0,0,0,0,0,0,0,0,0,0
SIKKIM,2012,Suspected/Illicit Relation,0,0,0,0,0,0,0,0,0,0,0,0,0,0,0,0,0,0
SIKKIM,2012,Cancellation/Non-Settlement of Marriage,0,0,0,0,0,0,0,0,0,0,0,0,0,0,0,0,0,0
SIKKIM,2012,Infertility,0,0,0,0,0,0,0,0,0,0,0,0,0,0,0,0,0,0
SIKKIM,2012,Illness (Aids/STD),0,0,0,0,0,0,0,0,0,0,0,0,0,0,0,0,0,0
SIKKIM,2012,Cancer,0,0,0,0,0,0,0,0,0,0,0,0,0,0,0,0,0,0
SIKKIM,2012,Paralysis,0,0,0,0,0,0,0,0,0,0,0,0,0,0,0,0,0,0
SIKKIM,2012,Insanity/Mental Illness,0,8,2,7,3,20,0,7,7,5,0,19,39,0,15,9,12,3
SIKKIM,2012,Other Prolonged Illness,0,0,0,0,2,2,0,0,4,0,0,4,6,0,0,4,0,2
SIKKIM,2012,Death of Dear Person,0,0,0,0,0,0,0,0,0,0,0,0,0,0,0,0,0,0
SIKKIM,2012,Dowry Dispute,0,0,0,0,0,0,0,0,0,0,0,0,0,0,0,0,0,0
SIKKIM,2012,Divorce,0,0,0,0,0,0,0,0,0,0,0,0,0,0,0,0,0,0
SIKKIM,2012,Drug Abuse/Addiction,0,7,8,0,0,15,0,5,7,1,0,13,28,0,12,15,1,0
SIKKIM,2012,Failure in Examination,0,0,0,0,0,0,2,3,0,0,0,5,5,2,3,0,0,0
SIKKIM,2012,Fall in Social Reputation,0,5,8,7,3,23,0,10,7,2,0,19,42,0,15,15,9,3
SIKKIM,2012,Family Problems,5,8,7,3,2,25,0,2,2,0,5,9,34,5,10,9,3,7
SIKKIM,2012,Ideological Causes/Hero Worshipping,0,0,0,0,0,0,0,0,0,0,0,0,0,0,0,0,0,0
SIKKIM,2012,Illegitimate Pregnancy,0,0,0,0,0,0,0,1,2,0,0,3,3,0,1,2,0,0
SIKKIM,2012,Love Affairs,0,5,0,0,0,5,2,7,0,0,0,9,14,2,12,0,0,0
SIKKIM,2012,"Physical Abuse (Rape,Incest Etc.)",0,0,0,0,0,0,0,0,0,0,0,0,0,0,0,0,0,0
SIKKIM,2012,Poverty,0,0,0,0,0,0,0,0,0,0,0,0,0,0,0,0,0,0
SIKKIM,2012,Professional/Career Problem,0,0,0,0,0,0,0,0,0,0,0,0,0,0,0,0,0,0
SIKKIM,2012,Property Dispute,0,0,0,0,0,0,0,0,0,0,0,0,0,0,0,0,0,0
SIKKIM,2012,Unemployment,0,0,0,0,0,0,0,0,0,0,0,0,0,0,0,0,0,0
SIKKIM,2012,Causes Not known,0,2,1,3,0,6,2,0,1,1,0,4,10,2,2,2,4,0
SIKKIM,2012,Other Causes,0,0,0,0,0,0,0,0,0,0,0,0,0,0,0,0,0,0
SIKKIM,2012,Total,5,35,26,20,10,96,6,35,30,9,5,85,181,11,70,56,29,15
SIKKIM,2012,Total Illness,0,8,2,7,5,22,0,7,11,5,0,23,45,0,15,13,12,5
TAMIL NADU,2001,Bankruptcy,0,21,27,26,8,82,2,7,3,2,4,18,100,2,28,30,28,12
TAMIL NADU,2001,Suspected/Illicit Relation,0,12,23,6,0,41,0,16,21,2,0,39,80,0,28,44,8,0
TAMIL NADU,2001,Cancellation/Non-Settlement of Marriage,0,27,1,0,0,28,0,18,3,1,0,22,50,0,45,4,1,0
TAMIL NADU,2001,Infertility,0,1,8,1,0,10,0,6,18,1,0,25,35,0,7,26,2,0
TAMIL NADU,2001,Illness (Aids/STD),0,1,4,1,1,7,0,4,1,1,0,6,13,0,5,5,2,1
TAMIL NADU,2001,Cancer,0,2,1,4,2,9,0,1,2,3,1,7,16,0,3,3,7,3
TAMIL NADU,2001,Paralysis,0,0,4,5,0,9,0,1,1,0,1,3,12,0,1,5,5,1
TAMIL NADU,2001,Insanity/Mental Illness,2,37,47,54,46,186,3,27,48,35,15,128,314,5,64,95,89,61
TAMIL NADU,2001,Other Prolonged Illness,10,396,579,516,149,1650,5,354,335,142,72,908,2558,15,750,914,658,221
TAMIL NADU,2001,Death of Dear Person,0,7,24,11,3,45,2,4,9,8,0,23,68,2,11,33,19,3
TAMIL NADU,2001,Dowry Dispute,0,4,5,0,0,9,0,77,29,2,0,108,117,0,81,34,2,0
TAMIL NADU,2001,Divorce,0,0,9,1,0,10,0,22,9,0,0,31,41,0,22,18,1,0
TAMIL NADU,2001,Drug Abuse/Addiction,0,15,29,15,0,59,0,2,1,2,1,6,65,0,17,30,17,1
TAMIL NADU,2001,Failure in Examination,17,76,7,0,0,100,19,64,5,0,0,88,188,36,140,12,0,0
TAMIL NADU,2001,Fall in Social Reputation,0,22,33,11,3,69,2,24,23,4,0,53,122,2,46,56,15,3
TAMIL NADU,2001,Family Problems,22,650,765,401,118,1956,22,540,414,185,51,1212,3168,44,1190,1179,586,169
TAMIL NADU,2001,Ideological Causes/Hero Worshipping,0,0,1,0,0,1,0,0,0,0,0,0,1,0,0,1,0,0
TAMIL NADU,2001,Illegitimate Pregnancy,0,0,0,0,0,0,0,13,12,0,0,25,25,0,13,12,0,0
TAMIL NADU,2001,Love Affairs,10,161,56,3,0,230,2,115,52,9,0,178,408,12,276,108,12,0
TAMIL NADU,2001,"Physical Abuse (Rape,Incest Etc.)",0,2,1,0,0,3,0,1,0,0,0,1,4,0,3,1,0,0
TAMIL NADU,2001,Poverty,3,64,184,71,24,346,4,37,73,48,4,166,512,7,101,257,119,28
TAMIL NADU,2001,Professional/Career Problem,0,10,17,5,2,34,0,2,2,0,0,4,38,0,12,19,5,2
TAMIL NADU,2001,Property Dispute,2,19,35,14,1,71,1,7,10,5,2,25,96,3,26,45,19,3
TAMIL NADU,2001,Unemployment,2,102,106,61,0,271,0,10,24,10,2,46,317,2,112,130,71,2
TAMIL NADU,2001,Causes Not known,35,202,309,229,61,836,40,104,159,112,26,441,1277,75,306,468,341,87
TAMIL NADU,2001,Other Causes,43,284,407,238,94,1066,43,246,190,86,34,599,1665,86,530,597,324,128
TAMIL NADU,2001,Total,146,2115,2682,1673,512,7128,145,1702,1444,658,213,4162,11290,291,3817,4126,2331,725
TAMIL NADU,2001,Total Illness,12,436,635,580,198,1861,8,387,387,181,89,1052,2913,20,823,1022,761,287
TAMIL NADU,2002,Bankruptcy,0,17,42,39,4,102,2,14,11,5,2,34,136,2,31,53,44,6
TAMIL NADU,2002,Suspected/Illicit Relation,0,7,26,6,2,41,0,23,21,11,2,57,98,0,30,47,17,4
TAMIL NADU,2002,Cancellation/Non-Settlement of Marriage,0,26,12,1,0,39,0,37,9,0,0,46,85,0,63,21,1,0
TAMIL NADU,2002,Infertility,0,11,9,3,0,23,0,28,20,7,0,55,78,0,39,29,10,0
TAMIL NADU,2002,Illness (Aids/STD),0,2,0,1,0,3,0,1,1,1,0,3,6,0,3,1,2,0
TAMIL NADU,2002,Cancer,0,0,0,3,2,5,0,0,3,5,8,16,21,0,0,3,8,10
TAMIL NADU,2002,Paralysis,0,13,13,8,4,38,0,21,7,3,0,31,69,0,34,20,11,4
TAMIL NADU,2002,Insanity/Mental Illness,1,53,83,60,20,217,0,51,59,28,11,149,366,1,104,142,88,31
TAMIL NADU,2002,Other Prolonged Illness,6,391,633,546,135,1711,7,338,316,170,66,897,2608,13,729,949,716,201
TAMIL NADU,2002,Death of Dear Person,0,3,8,3,0,14,0,8,5,3,0,16,30,0,11,13,6,0
TAMIL NADU,2002,Dowry Dispute,0,0,0,0,0,0,1,85,23,4,0,113,113,1,85,23,4,0
TAMIL NADU,2002,Divorce,0,0,9,4,0,13,0,11,15,10,0,36,49,0,11,24,14,0
TAMIL NADU,2002,Drug Abuse/Addiction,1,25,37,20,2,85,0,13,10,10,6,39,124,1,38,47,30,8
TAMIL NADU,2002,Failure in Examination,10,97,19,0,0,126,16,85,15,0,0,116,242,26,182,34,0,0
TAMIL NADU,2002,Fall in Social Reputation,0,10,16,7,1,34,0,3,12,4,1,20,54,0,13,28,11,2
TAMIL NADU,2002,Family Problems,19,588,771,493,151,2022,36,571,432,215,69,1323,3345,55,1159,1203,708,220
TAMIL NADU,2002,Ideological Causes/Hero Worshipping,0,0,0,0,0,0,0,0,0,0,0,0,0,0,0,0,0,0
TAMIL NADU,2002,Illegitimate Pregnancy,0,0,0,0,0,0,0,9,7,0,0,16,16,0,9,7,0,0
TAMIL NADU,2002,Love Affairs,1,123,46,13,1,184,3,127,29,9,0,168,352,4,250,75,22,1
TAMIL NADU,2002,"Physical Abuse (Rape,Incest Etc.)",0,18,11,9,2,40,11,11,8,6,4,40,80,11,29,19,15,6
TAMIL NADU,2002,Poverty,1,32,39,32,10,114,0,26,10,9,3,48,162,1,58,49,41,13
TAMIL NADU,2002,Professional/Career Problem,0,11,26,7,2,46,2,42,17,6,4,71,117,2,53,43,13,6
TAMIL NADU,2002,Property Dispute,0,7,26,29,4,66,0,7,17,19,2,45,111,0,14,43,48,6
TAMIL NADU,2002,Unemployment,0,87,68,26,1,182,0,17,14,13,0,44,226,0,104,82,39,1
TAMIL NADU,2002,Causes Not known,12,135,178,181,73,579,13,70,95,43,23,244,823,25,205,273,224,96
TAMIL NADU,2002,Other Causes,48,337,480,305,129,1299,54,261,162,126,31,634,1933,102,598,642,431,160
TAMIL NADU,2002,Total,99,1993,2552,1796,543,6983,145,1859,1318,707,232,4261,11244,244,3852,3870,2503,775
TAMIL NADU,2002,Total Illness,7,459,729,618,161,1974,7,411,386,207,85,1096,3070,14,870,1115,825,246
TAMIL NADU,2003,Bankruptcy,0,27,110,64,20,221,2,13,22,9,4,50,271,2,40,132,73,24
TAMIL NADU,2003,Suspected/Illicit Relation,0,34,23,13,1,71,0,39,37,9,1,86,157,0,73,60,22,2
TAMIL NADU,2003,Cancellation/Non-Settlement of Marriage,0,26,17,0,0,43,0,35,13,4,0,52,95,0,61,30,4,0
TAMIL NADU,2003,Infertility,0,12,30,12,0,54,0,23,37,11,0,71,125,0,35,67,23,0
TAMIL NADU,2003,Illness (Aids/STD),0,0,1,0,0,1,0,0,0,0,0,0,1,0,0,1,0,0
TAMIL NADU,2003,Cancer,0,0,4,4,1,9,0,0,0,4,1,5,14,0,0,4,8,2
TAMIL NADU,2003,Paralysis,0,9,16,15,9,49,1,11,8,7,1,28,77,1,20,24,22,10
TAMIL NADU,2003,Insanity/Mental Illness,4,64,69,47,22,206,9,58,53,37,19,176,382,13,122,122,84,41
TAMIL NADU,2003,Other Prolonged Illness,23,326,422,381,138,1290,8,294,310,190,88,890,2180,31,620,732,571,226
TAMIL NADU,2003,Death of Dear Person,1,26,19,11,1,58,3,19,7,1,1,31,89,4,45,26,12,2
TAMIL NADU,2003,Dowry Dispute,0,1,0,0,1,2,0,101,72,16,0,189,191,0,102,72,16,1
TAMIL NADU,2003,Divorce,0,0,4,0,0,4,0,5,21,0,0,26,30,0,5,25,0,0
TAMIL NADU,2003,Drug Abuse/Addiction,1,18,40,16,2,77,0,3,5,0,0,8,85,1,21,45,16,2
TAMIL NADU,2003,Failure in Examination,22,74,15,0,0,111,17,55,14,0,0,86,197,39,129,29,0,0
TAMIL NADU,2003,Fall in Social Reputation,0,13,22,22,0,57,0,5,8,1,1,15,72,0,18,30,23,1
TAMIL NADU,2003,Family Problems,26,490,700,523,148,1887,35,533,419,267,73,1327,3214,61,1023,1119,790,221
TAMIL NADU,2003,Ideological Causes/Hero Worshipping,0,0,0,0,0,0,0,0,0,0,0,0,0,0,0,0,0,0
TAMIL NADU,2003,Illegitimate Pregnancy,0,0,0,0,0,0,0,26,0,0,0,26,26,0,26,0,0,0
TAMIL NADU,2003,Love Affairs,7,161,60,26,0,254,15,166,61,13,0,255,509,22,327,121,39,0
TAMIL NADU,2003,"Physical Abuse (Rape,Incest Etc.)",0,5,15,13,2,35,4,3,6,5,0,18,53,4,8,21,18,2
TAMIL NADU,2003,Poverty,1,64,80,86,34,265,0,36,53,33,21,143,408,1,100,133,119,55
TAMIL NADU,2003,Professional/Career Problem,1,45,79,44,5,174,0,7,17,8,0,32,206,1,52,96,52,5
TAMIL NADU,2003,Property Dispute,0,9,37,56,19,121,0,17,22,19,4,62,183,0,26,59,75,23
TAMIL NADU,2003,Unemployment,0,116,114,47,5,282,2,46,44,28,0,120,402,2,162,158,75,5
TAMIL NADU,2003,Causes Not known,37,294,419,257,189,1196,30,147,203,190,51,621,1817,67,441,622,447,240
TAMIL NADU,2003,Other Causes,14,151,222,204,96,687,40,102,145,74,40,401,1088,54,253,367,278,136
TAMIL NADU,2003,Total,137,1965,2518,1841,693,7154,166,1744,1577,926,305,4718,11872,303,3709,4095,2767,998
TAMIL NADU,2003,Total Illness,27,399,512,447,170,1555,18,363,371,238,109,1099,2654,45,762,883,685,279
TAMIL NADU,2004,Bankruptcy,2,23,54,59,11,149,1,7,16,12,0,36,185,3,30,70,71,11
TAMIL NADU,2004,Suspected/Illicit Relation,0,10,12,2,0,24,0,19,32,9,0,60,84,0,29,44,11,0
TAMIL NADU,2004,Cancellation/Non-Settlement of Marriage,0,15,19,5,0,39,0,35,10,0,0,45,84,0,50,29,5,0
TAMIL NADU,2004,Infertility,0,2,9,7,0,18,0,8,23,6,0,37,55,0,10,32,13,0
TAMIL NADU,2004,Illness (Aids/STD),0,7,7,1,0,15,0,0,2,2,2,6,21,0,7,9,3,2
TAMIL NADU,2004,Cancer,0,3,6,16,1,26,0,1,2,7,3,13,39,0,4,8,23,4
TAMIL NADU,2004,Paralysis,2,7,15,18,7,49,2,22,9,7,5,45,94,4,29,24,25,12
TAMIL NADU,2004,Insanity/Mental Illness,10,105,80,63,34,292,14,55,44,50,8,171,463,24,160,124,113,42
TAMIL NADU,2004,Other Prolonged Illness,20,326,550,487,212,1595,34,224,244,226,101,829,2424,54,550,794,713,313
TAMIL NADU,2004,Death of Dear Person,0,13,13,10,0,36,0,19,7,6,0,32,68,0,32,20,16,0
TAMIL NADU,2004,Dowry Dispute,0,0,0,0,0,0,0,92,38,0,0,130,130,0,92,38,0,0
TAMIL NADU,2004,Divorce,0,2,7,5,0,14,0,16,14,5,0,35,49,0,18,21,10,0
TAMIL NADU,2004,Drug Abuse/Addiction,0,11,42,15,6,74,0,3,10,2,0,15,89,0,14,52,17,6
TAMIL NADU,2004,Failure in Examination,41,135,67,2,0,245,23,104,35,0,0,162,407,64,239,102,2,0
TAMIL NADU,2004,Fall in Social Reputation,0,2,0,5,1,8,0,0,0,1,0,1,9,0,2,0,6,1
TAMIL NADU,2004,Family Problems,19,547,887,746,201,2400,32,621,554,357,96,1660,4060,51,1168,1441,1103,297
TAMIL NADU,2004,Ideological Causes/Hero Worshipping,0,0,1,0,1,2,0,0,0,0,0,0,2,0,0,1,0,1
TAMIL NADU,2004,Illegitimate Pregnancy,0,0,0,0,0,0,0,5,3,0,0,8,8,0,5,3,0,0
TAMIL NADU,2004,Love Affairs,6,211,111,6,1,335,11,178,99,11,0,299,634,17,389,210,17,1
TAMIL NADU,2004,"Physical Abuse (Rape,Incest Etc.)",0,20,15,0,0,35,0,1,1,0,0,2,37,0,21,16,0,0
TAMIL NADU,2004,Poverty,0,58,95,56,18,227,3,38,44,43,14,142,369,3,96,139,99,32
TAMIL NADU,2004,Professional/Career Problem,0,33,45,45,2,125,0,8,10,10,0,28,153,0,41,55,55,2
TAMIL NADU,2004,Property Dispute,14,24,63,85,17,203,0,31,46,44,6,127,330,14,55,109,129,23
TAMIL NADU,2004,Unemployment,0,123,130,55,1,309,0,47,54,32,1,134,443,0,170,184,87,2
TAMIL NADU,2004,Causes Not known,22,127,208,198,150,705,27,102,113,107,38,387,1092,49,229,321,305,188
TAMIL NADU,2004,Other Causes,54,216,317,284,150,1021,29,178,145,84,53,489,1510,83,394,462,368,203
TAMIL NADU,2004,Total,190,2020,2753,2170,813,7946,176,1814,1555,1021,327,4893,12839,366,3834,4308,3191,1140
TAMIL NADU,2004,Total Illness,32,448,658,585,254,1977,50,302,301,292,119,1064,3041,82,750,959,877,373
TAMIL NADU,2005,Bankruptcy,5,22,30,26,4,87,0,7,8,9,2,26,113,5,29,38,35,6
TAMIL NADU,2005,Suspected/Illicit Relation,0,14,26,7,3,50,12,39,18,1,0,70,120,12,53,44,8,3
TAMIL NADU,2005,Cancellation/Non-Settlement of Marriage,0,26,14,10,0,50,0,19,11,0,0,30,80,0,45,25,10,0
TAMIL NADU,2005,Infertility,0,0,18,2,0,20,0,10,29,18,0,57,77,0,10,47,20,0
TAMIL NADU,2005,Illness (Aids/STD),0,4,4,2,0,10,0,2,2,1,0,5,15,0,6,6,3,0
TAMIL NADU,2005,Cancer,0,2,3,8,2,15,0,3,1,4,0,8,23,0,5,4,12,2
TAMIL NADU,2005,Paralysis,3,20,22,9,8,62,1,15,9,6,4,35,97,4,35,31,15,12
TAMIL NADU,2005,Insanity/Mental Illness,2,53,66,31,14,166,2,53,44,30,10,139,305,4,106,110,61,24
TAMIL NADU,2005,Other Prolonged Illness,7,344,473,425,180,1429,10,246,144,141,66,607,2036,17,590,617,566,246
TAMIL NADU,2005,Death of Dear Person,0,5,7,16,0,28,1,10,20,4,0,35,63,1,15,27,20,0
TAMIL NADU,2005,Dowry Dispute,0,0,1,2,0,3,0,39,36,0,0,75,78,0,39,37,2,0
TAMIL NADU,2005,Divorce,0,2,2,1,0,5,0,9,20,8,0,37,42,0,11,22,9,0
TAMIL NADU,2005,Drug Abuse/Addiction,0,17,27,19,3,66,0,9,6,1,1,17,83,0,26,33,20,4
TAMIL NADU,2005,Failure in Examination,20,93,36,10,0,159,54,80,16,5,0,155,314,74,173,52,15,0
TAMIL NADU,2005,Fall in Social Reputation,4,11,14,8,0,37,1,13,3,2,0,19,56,5,24,17,10,0
TAMIL NADU,2005,Family Problems,6,585,861,699,168,2319,22,601,453,301,126,1503,3822,28,1186,1314,1000,294
TAMIL NADU,2005,Ideological Causes/Hero Worshipping,0,0,0,0,0,0,0,0,0,0,0,0,0,0,0,0,0,0
TAMIL NADU,2005,Illegitimate Pregnancy,0,0,0,0,0,0,2,3,1,0,0,6,6,2,3,1,0,0
TAMIL NADU,2005,Love Affairs,10,163,36,4,4,217,8,143,40,0,0,191,408,18,306,76,4,4
TAMIL NADU,2005,"Physical Abuse (Rape,Incest Etc.)",0,0,0,0,0,0,1,0,0,1,0,2,2,1,0,0,1,0
TAMIL NADU,2005,Poverty,0,55,105,67,16,243,0,33,45,17,13,108,351,0,88,150,84,29
TAMIL NADU,2005,Professional/Career Problem,0,8,6,6,1,21,1,2,4,0,0,7,28,1,10,10,6,1
TAMIL NADU,2005,Property Dispute,0,20,45,45,6,116,0,12,26,25,1,64,180,0,32,71,70,7
TAMIL NADU,2005,Unemployment,0,111,139,51,0,301,2,28,44,15,1,90,391,2,139,183,66,1
TAMIL NADU,2005,Causes Not known,5,92,204,155,126,582,21,102,125,125,56,429,1011,26,194,329,280,182
TAMIL NADU,2005,Other Causes,85,319,568,364,185,1521,34,257,260,209,94,854,2375,119,576,828,573,279
TAMIL NADU,2005,Total,147,1966,2707,1967,720,7507,172,1735,1365,923,374,4569,12076,319,3701,4072,2890,1094
TAMIL NADU,2005,Total Illness,12,423,568,475,204,1682,13,319,200,182,80,794,2476,25,742,768,657,284
TAMIL NADU,2006,Bankruptcy,0,11,37,47,13,108,0,3,12,5,0,20,128,0,14,49,52,13
TAMIL NADU,2006,Suspected/Illicit Relation,0,0,33,14,0,47,0,40,42,2,0,84,131,0,40,75,16,0
TAMIL NADU,2006,Cancellation/Non-Settlement of Marriage,0,11,25,0,0,36,0,44,9,0,0,53,89,0,55,34,0,0
TAMIL NADU,2006,Infertility,0,0,30,0,0,30,0,21,35,0,0,56,86,0,21,65,0,0
TAMIL NADU,2006,Illness (Aids/STD),0,2,4,2,1,9,0,0,1,0,0,1,10,0,2,5,2,1
TAMIL NADU,2006,Cancer,0,0,7,9,3,19,0,2,2,3,2,9,28,0,2,9,12,5
TAMIL NADU,2006,Paralysis,0,12,18,14,19,63,0,11,8,7,9,35,98,0,23,26,21,28
TAMIL NADU,2006,Insanity/Mental Illness,0,55,71,35,19,180,3,31,41,34,9,118,298,3,86,112,69,28
TAMIL NADU,2006,Other Prolonged Illness,0,345,533,420,159,1457,18,379,352,168,71,988,2445,18,724,885,588,230
TAMIL NADU,2006,Death of Dear Person,0,18,19,15,0,52,0,11,13,7,0,31,83,0,29,32,22,0
TAMIL NADU,2006,Dowry Dispute,0,0,0,0,0,0,0,63,29,0,0,92,92,0,63,29,0,0
TAMIL NADU,2006,Divorce,0,0,41,13,0,54,0,13,14,9,0,36,90,0,13,55,22,0
TAMIL NADU,2006,Drug Abuse/Addiction,0,34,68,27,6,135,0,18,9,2,3,32,167,0,52,77,29,9
TAMIL NADU,2006,Failure in Examination,26,65,8,0,0,99,36,84,7,0,0,127,226,62,149,15,0,0
TAMIL NADU,2006,Fall in Social Reputation,0,53,62,32,12,159,0,67,36,20,9,132,291,0,120,98,52,21
TAMIL NADU,2006,Family Problems,0,461,910,680,261,2312,0,564,566,349,96,1575,3887,0,1025,1476,1029,357
TAMIL NADU,2006,Ideological Causes/Hero Worshipping,0,27,46,24,5,102,0,41,21,7,1,70,172,0,68,67,31,6
TAMIL NADU,2006,Illegitimate Pregnancy,0,0,0,0,0,0,0,14,2,0,0,16,16,0,14,2,0,0
TAMIL NADU,2006,Love Affairs,0,173,23,0,0,196,0,171,29,0,0,200,396,0,344,52,0,0
TAMIL NADU,2006,"Physical Abuse (Rape,Incest Etc.)",0,0,0,0,0,0,0,11,2,0,0,13,13,0,11,2,0,0
TAMIL NADU,2006,Poverty,0,10,47,23,9,89,0,9,27,17,5,58,147,0,19,74,40,14
TAMIL NADU,2006,Professional/Career Problem,0,20,34,26,13,93,0,9,19,11,2,41,134,0,29,53,37,15
TAMIL NADU,2006,Property Dispute,0,39,49,42,20,150,0,22,17,21,11,71,221,0,61,66,63,31
TAMIL NADU,2006,Unemployment,0,136,116,37,0,289,0,47,21,6,0,74,363,0,183,137,43,0
TAMIL NADU,2006,Causes Not known,0,208,259,216,143,826,14,126,127,81,48,396,1222,14,334,386,297,191
TAMIL NADU,2006,Other Causes,0,316,357,259,72,1004,9,194,180,121,40,544,1548,9,510,537,380,112
TAMIL NADU,2006,Total,26,1996,2797,1935,755,7509,80,1995,1621,870,306,4872,12381,106,3991,4418,2805,1061
TAMIL NADU,2006,Total Illness,0,414,633,480,201,1728,21,423,404,212,91,1151,2879,21,837,1037,692,292
TAMIL NADU,2007,Bankruptcy,0,13,43,54,15,125,0,3,13,5,0,21,146,0,16,56,59,15
TAMIL NADU,2007,Suspected/Illicit Relation,0,0,38,16,0,54,0,42,44,2,0,88,142,0,42,82,18,0
TAMIL NADU,2007,Cancellation/Non-Settlement of Marriage,0,13,29,0,0,42,0,47,9,0,0,56,98,0,60,38,0,0
TAMIL NADU,2007,Infertility,0,0,35,0,0,35,0,22,37,0,0,59,94,0,22,72,0,0
TAMIL NADU,2007,Illness (Aids/STD),0,2,4,3,1,10,0,0,1,0,0,1,11,0,2,5,3,1
TAMIL NADU,2007,Cancer,0,3,7,9,3,22,0,2,2,3,2,9,31,0,5,9,12,5
TAMIL NADU,2007,Paralysis,0,12,28,14,19,73,0,13,8,7,9,37,110,0,25,36,21,28
TAMIL NADU,2007,Insanity/Mental Illness,0,64,82,40,22,208,3,33,43,36,9,124,332,3,97,125,76,31
TAMIL NADU,2007,Other Prolonged Illness,0,399,617,486,184,1686,18,399,370,177,75,1039,2725,18,798,987,663,259
TAMIL NADU,2007,Death of Dear Person,0,21,22,17,0,60,0,12,14,7,0,33,93,0,33,36,24,0
TAMIL NADU,2007,Dowry Dispute,0,0,0,0,0,0,0,66,31,0,0,97,97,0,66,31,0,0
TAMIL NADU,2007,Divorce,0,0,47,15,0,62,0,14,14,10,0,38,100,0,14,61,25,0
TAMIL NADU,2007,Drug Abuse/Addiction,0,39,79,31,7,156,0,18,9,4,3,34,190,0,57,88,35,10
TAMIL NADU,2007,Failure in Examination,30,76,6,1,2,115,38,89,7,0,0,134,249,68,165,13,1,2
TAMIL NADU,2007,Fall in Social Reputation,0,61,72,37,14,184,0,71,38,21,9,139,323,0,132,110,58,23
TAMIL NADU,2007,Family Problems,0,533,1053,787,302,2675,0,593,595,367,101,1656,4331,0,1126,1648,1154,403
TAMIL NADU,2007,Ideological Causes/Hero Worshipping,0,31,53,28,6,118,0,43,22,7,1,73,191,0,74,75,35,7
TAMIL NADU,2007,Illegitimate Pregnancy,0,0,0,0,0,0,0,14,3,0,0,17,17,0,14,3,0,0
TAMIL NADU,2007,Love Affairs,0,200,27,0,0,227,0,180,30,0,0,210,437,0,380,57,0,0
TAMIL NADU,2007,"Physical Abuse (Rape,Incest Etc.)",0,0,0,0,0,0,0,11,3,0,0,14,14,0,11,3,0,0
TAMIL NADU,2007,Poverty,0,12,54,27,10,103,0,10,28,18,5,61,164,0,22,82,45,15
TAMIL NADU,2007,Professional/Career Problem,0,24,39,30,15,108,0,9,19,13,2,43,151,0,33,58,43,17
TAMIL NADU,2007,Property Dispute,0,45,57,49,23,174,0,23,18,23,11,75,249,0,68,75,72,34
TAMIL NADU,2007,Unemployment,0,157,134,43,0,334,0,50,22,6,0,78,412,0,207,156,49,0
TAMIL NADU,2007,Causes Not known,0,240,300,250,166,956,15,133,133,85,50,416,1372,15,373,433,335,216
TAMIL NADU,2007,Other Causes,0,366,411,300,83,1160,9,205,189,127,42,572,1732,9,571,600,427,125
TAMIL NADU,2007,Total,30,2311,3237,2237,872,8687,83,2102,1702,918,319,5124,13811,113,4413,4939,3155,1191
TAMIL NADU,2007,Total Illness,0,480,738,552,229,1999,21,447,424,223,95,1210,3209,21,927,1162,775,324
TAMIL NADU,2008,Bankruptcy,0,13,83,87,15,198,0,0,15,7,0,22,220,0,13,98,94,15
TAMIL NADU,2008,Suspected/Illicit Relation,0,0,57,16,0,73,0,42,49,12,0,103,176,0,42,106,28,0
TAMIL NADU,2008,Cancellation/Non-Settlement of Marriage,0,13,31,0,0,44,0,45,11,0,0,56,100,0,58,42,0,0
TAMIL NADU,2008,Infertility,0,0,87,0,0,87,0,22,39,0,0,61,148,0,22,126,0,0
TAMIL NADU,2008,Illness (Aids/STD),0,2,7,11,0,20,0,0,1,0,0,1,21,0,2,8,11,0
TAMIL NADU,2008,Cancer,0,3,17,11,3,34,0,2,12,15,2,31,65,0,5,29,26,5
TAMIL NADU,2008,Paralysis,0,15,31,17,19,82,0,13,18,19,9,59,141,0,28,49,36,28
TAMIL NADU,2008,Insanity/Mental Illness,0,67,87,40,22,216,3,33,43,36,9,124,340,3,100,130,76,31
TAMIL NADU,2008,Other Prolonged Illness,0,745,695,486,184,2110,18,455,385,177,95,1130,3240,18,1200,1080,663,279
TAMIL NADU,2008,Death of Dear Person,0,23,27,37,0,87,0,12,14,7,0,33,120,0,35,41,44,0
TAMIL NADU,2008,Dowry Dispute,0,0,0,0,0,0,0,85,45,0,0,130,130,0,85,45,0,0
TAMIL NADU,2008,Divorce,0,0,49,18,0,67,0,14,14,10,0,38,105,0,14,63,28,0
TAMIL NADU,2008,Drug Abuse/Addiction,0,39,79,31,7,156,0,15,19,14,3,51,207,0,54,98,45,10
TAMIL NADU,2008,Failure in Examination,30,85,6,1,2,124,38,95,7,0,0,140,264,68,180,13,1,2
TAMIL NADU,2008,Fall in Social Reputation,0,99,79,45,14,237,0,75,45,21,9,150,387,0,174,124,66,23
TAMIL NADU,2008,Family Problems,0,387,858,787,302,2334,0,486,597,367,101,1551,3885,0,873,1455,1154,403
TAMIL NADU,2008,Ideological Causes/Hero Worshipping,0,31,53,28,6,118,0,43,22,7,1,73,191,0,74,75,35,7
TAMIL NADU,2008,Illegitimate Pregnancy,0,0,0,0,0,0,0,25,3,0,0,28,28,0,25,3,0,0
TAMIL NADU,2008,Love Affairs,0,197,27,0,0,224,0,295,30,0,0,325,549,0,492,57,0,0
TAMIL NADU,2008,"Physical Abuse (Rape,Incest Etc.)",0,0,0,0,0,0,0,11,3,0,0,14,14,0,11,3,0,0
TAMIL NADU,2008,Poverty,0,12,54,27,10,103,0,10,28,18,5,61,164,0,22,82,45,15
TAMIL NADU,2008,Professional/Career Problem,0,24,36,30,15,105,0,9,19,13,2,43,148,0,33,55,43,17
TAMIL NADU,2008,Property Dispute,0,45,57,49,23,174,0,40,18,23,11,92,266,0,85,75,72,34
TAMIL NADU,2008,Unemployment,0,157,134,43,0,334,0,50,22,6,0,78,412,0,207,156,49,0
TAMIL NADU,2008,Causes Not known,0,240,300,250,166,956,15,133,133,85,50,416,1372,15,373,433,335,216
TAMIL NADU,2008,Other Causes,0,366,411,300,83,1160,9,205,189,127,42,572,1732,9,571,600,427,125
TAMIL NADU,2008,Total,30,2563,3265,2314,871,9043,83,2215,1781,964,339,5382,14425,113,4778,5046,3278,1210
TAMIL NADU,2008,Total Illness,0,832,837,565,228,2462,21,503,459,247,115,1345,3807,21,1335,1296,812,343
TAMIL NADU,2009,Bankruptcy,2,25,38,45,11,121,1,5,6,8,0,20,141,3,30,44,53,11
TAMIL NADU,2009,Suspected/Illicit Relation,0,15,38,12,0,65,2,41,58,11,0,112,177,2,56,96,23,0
TAMIL NADU,2009,Cancellation/Non-Settlement of Marriage,0,31,22,1,3,57,0,39,9,0,0,48,105,0,70,31,1,3
TAMIL NADU,2009,Infertility,0,5,14,13,0,32,3,23,20,3,1,50,82,3,28,34,16,1
TAMIL NADU,2009,Illness (Aids/STD),0,6,3,3,0,12,0,0,1,0,0,1,13,0,6,4,3,0
TAMIL NADU,2009,Cancer,0,5,4,6,6,21,0,1,5,6,0,12,33,0,6,9,12,6
TAMIL NADU,2009,Paralysis,0,9,21,12,10,52,2,11,6,9,5,33,85,2,20,27,21,15
TAMIL NADU,2009,Insanity/Mental Illness,2,169,93,46,38,348,3,38,46,34,21,142,490,5,207,139,80,59
TAMIL NADU,2009,Other Prolonged Illness,8,289,532,406,249,1484,7,349,281,195,123,955,2439,15,638,813,601,372
TAMIL NADU,2009,Death of Dear Person,0,18,19,4,2,43,1,11,3,4,2,21,64,1,29,22,8,4
TAMIL NADU,2009,Dowry Dispute,0,1,1,1,0,3,0,41,14,4,0,59,62,0,42,15,5,0
TAMIL NADU,2009,Divorce,0,8,4,0,0,12,0,0,3,0,0,3,15,0,8,7,0,0
TAMIL NADU,2009,Drug Abuse/Addiction,0,38,105,76,8,227,1,1,3,4,2,11,238,1,39,108,80,10
TAMIL NADU,2009,Failure in Examination,27,82,7,0,0,116,23,75,6,3,0,107,223,50,157,13,3,0
TAMIL NADU,2009,Fall in Social Reputation,0,7,10,5,2,24,0,3,5,8,0,16,40,0,10,15,13,2
TAMIL NADU,2009,Family Problems,14,639,997,622,275,2547,22,641,627,307,119,1716,4263,36,1280,1624,929,394
TAMIL NADU,2009,Ideological Causes/Hero Worshipping,0,0,0,0,0,0,0,0,0,0,0,0,0,0,0,0,0,0
TAMIL NADU,2009,Illegitimate Pregnancy,0,0,0,0,0,0,0,1,16,3,0,20,20,0,1,16,3,0
TAMIL NADU,2009,Love Affairs,0,164,39,1,3,207,0,167,48,1,0,216,423,0,331,87,2,3
TAMIL NADU,2009,"Physical Abuse (Rape,Incest Etc.)",0,3,2,0,1,6,1,0,5,4,1,11,17,1,3,7,4,2
TAMIL NADU,2009,Poverty,17,73,85,49,27,251,3,15,18,19,11,66,317,20,88,103,68,38
TAMIL NADU,2009,Professional/Career Problem,0,13,39,18,1,71,0,10,15,2,0,27,98,0,23,54,20,1
TAMIL NADU,2009,Property Dispute,0,18,19,12,6,55,0,0,10,5,2,17,72,0,18,29,17,8
TAMIL NADU,2009,Unemployment,4,132,121,40,8,305,3,33,23,3,7,69,374,7,165,144,43,15
TAMIL NADU,2009,Causes Not known,15,154,230,234,149,782,3,101,107,99,50,360,1142,18,255,337,333,199
TAMIL NADU,2009,Other Causes,47,457,731,643,231,2109,69,471,434,287,121,1382,3491,116,928,1165,930,352
TAMIL NADU,2009,Total,136,2361,3174,2249,1030,8950,144,2077,1769,1019,465,5474,14424,280,4438,4943,3268,1495
TAMIL NADU,2009,Total Illness,10,478,653,473,303,1917,12,399,339,244,149,1143,3060,22,877,992,717,452
TAMIL NADU,2010,Bankruptcy,0,16,62,69,34,181,0,6,15,13,7,41,222,0,22,77,82,41
TAMIL NADU,2010,Suspected/Illicit Relation,0,15,31,9,3,58,0,42,45,7,0,94,152,0,57,76,16,3
TAMIL NADU,2010,Cancellation/Non-Settlement of Marriage,0,25,21,1,1,48,0,28,20,1,0,49,97,0,53,41,2,1
TAMIL NADU,2010,Infertility,0,6,14,11,0,31,0,20,22,3,2,47,78,0,26,36,14,2
TAMIL NADU,2010,Illness (Aids/STD),0,0,6,7,4,17,0,3,1,2,2,8,25,0,3,7,9,6
TAMIL NADU,2010,Cancer,0,1,7,7,6,21,0,1,0,4,2,7,28,0,2,7,11,8
TAMIL NADU,2010,Paralysis,1,11,24,5,12,53,0,11,7,16,3,37,90,1,22,31,21,15
TAMIL NADU,2010,Insanity/Mental Illness,4,93,104,70,34,305,1,77,87,41,28,234,539,5,170,191,111,62
TAMIL NADU,2010,Other Prolonged Illness,29,484,563,508,285,1869,67,396,309,153,107,1032,2901,96,880,872,661,392
TAMIL NADU,2010,Death of Dear Person,3,7,2,9,4,25,3,7,9,3,4,26,51,6,14,11,12,8
TAMIL NADU,2010,Dowry Dispute,0,5,0,0,0,5,0,50,27,8,0,85,90,0,55,27,8,0
TAMIL NADU,2010,Divorce,0,16,3,4,0,23,0,1,6,0,0,7,30,0,17,9,4,0
TAMIL NADU,2010,Drug Abuse/Addiction,0,36,91,61,13,201,0,0,2,1,0,3,204,0,36,93,62,13
TAMIL NADU,2010,Failure in Examination,25,82,5,3,1,116,32,90,1,1,0,124,240,57,172,6,4,1
TAMIL NADU,2010,Fall in Social Reputation,0,19,15,5,2,41,0,15,5,12,1,33,74,0,34,20,17,3
TAMIL NADU,2010,Family Problems,30,970,1287,877,358,3522,32,1010,655,410,166,2273,5795,62,1980,1942,1287,524
TAMIL NADU,2010,Ideological Causes/Hero Worshipping,0,3,0,0,0,3,0,1,0,0,0,1,4,0,4,0,0,0
TAMIL NADU,2010,Illegitimate Pregnancy,0,0,0,0,0,0,0,7,0,0,0,7,7,0,7,0,0,0
TAMIL NADU,2010,Love Affairs,1,241,59,15,0,316,3,212,52,4,1,272,588,4,453,111,19,1
TAMIL NADU,2010,"Physical Abuse (Rape,Incest Etc.)",0,4,0,0,0,4,1,1,0,0,0,2,6,1,5,0,0,0
TAMIL NADU,2010,Poverty,21,91,93,62,37,304,6,51,62,40,12,171,475,27,142,155,102,49
TAMIL NADU,2010,Professional/Career Problem,0,20,51,31,3,105,0,8,8,2,0,18,123,0,28,59,33,3
TAMIL NADU,2010,Property Dispute,0,111,139,111,54,415,0,108,88,60,7,263,678,0,219,227,171,61
TAMIL NADU,2010,Unemployment,0,96,73,37,26,232,0,20,9,1,0,30,262,0,116,82,38,26
TAMIL NADU,2010,Causes Not known,11,159,204,198,136,708,7,77,94,75,53,306,1014,18,236,298,273,189
TAMIL NADU,2010,Other Causes,74,455,658,479,283,1949,33,262,270,172,102,839,2788,107,717,928,651,385
TAMIL NADU,2010,Total,199,2966,3512,2579,1296,10552,185,2504,1794,1029,497,6009,16561,384,5470,5306,3608,1793
TAMIL NADU,2010,Total Illness,34,589,704,597,341,2265,68,488,404,216,142,1318,3583,102,1077,1108,813,483
TAMIL NADU,2011,Bankruptcy,0,13,21,11,3,48,0,2,1,1,0,4,52,0,15,22,12,3
TAMIL NADU,2011,Suspected/Illicit Relation,0,23,21,7,0,51,0,25,25,2,0,52,103,0,48,46,9,0
TAMIL NADU,2011,Cancellation/Non-Settlement of Marriage,0,25,20,4,0,49,0,20,9,0,0,29,78,0,45,29,4,0
TAMIL NADU,2011,Infertility,0,5,24,7,1,37,0,20,12,3,1,36,73,0,25,36,10,2
TAMIL NADU,2011,Illness (Aids/STD),0,2,14,3,3,22,0,6,17,11,6,40,62,0,8,31,14,9
TAMIL NADU,2011,Cancer,0,2,5,15,7,29,0,2,2,5,3,12,41,0,4,7,20,10
TAMIL NADU,2011,Paralysis,0,8,22,17,15,62,1,16,8,9,3,37,99,1,24,30,26,18
TAMIL NADU,2011,Insanity/Mental Illness,3,66,126,97,61,353,10,63,80,49,23,225,578,13,129,206,146,84
TAMIL NADU,2011,Other Prolonged Illness,27,373,545,521,253,1719,30,405,305,167,125,1032,2751,57,778,850,688,378
TAMIL NADU,2011,Death of Dear Person,0,11,16,11,6,44,2,47,60,9,4,122,166,2,58,76,20,10
TAMIL NADU,2011,Dowry Dispute,0,3,4,1,0,8,0,49,31,4,0,84,92,0,52,35,5,0
TAMIL NADU,2011,Divorce,0,0,14,4,1,19,0,3,4,0,0,7,26,0,3,18,4,1
TAMIL NADU,2011,Drug Abuse/Addiction,0,62,117,57,13,249,0,5,2,2,0,9,258,0,67,119,59,13
TAMIL NADU,2011,Failure in Examination,28,84,6,0,0,118,24,78,3,0,0,105,223,52,162,9,0,0
TAMIL NADU,2011,Fall in Social Reputation,0,5,121,67,17,210,0,56,49,32,8,145,355,0,61,170,99,25
TAMIL NADU,2011,Family Problems,25,864,1168,741,215,3013,30,920,717,267,104,2038,5051,55,1784,1885,1008,319
TAMIL NADU,2011,Ideological Causes/Hero Worshipping,0,1,1,0,0,2,4,2,0,0,0,6,8,4,3,1,0,0
TAMIL NADU,2011,Illegitimate Pregnancy,0,0,0,0,0,0,0,47,14,2,0,63,63,0,47,14,2,0
TAMIL NADU,2011,Love Affairs,0,218,41,3,0,262,9,181,22,17,1,230,492,9,399,63,20,1
TAMIL NADU,2011,"Physical Abuse (Rape,Incest Etc.)",0,1,1,0,0,2,0,0,1,0,0,1,3,0,1,2,0,0
TAMIL NADU,2011,Poverty,0,8,15,27,13,63,0,5,6,5,2,18,81,0,13,21,32,15
TAMIL NADU,2011,Professional/Career Problem,0,16,25,16,0,57,1,10,14,8,3,36,93,1,26,39,24,3
TAMIL NADU,2011,Property Dispute,0,8,12,11,1,32,0,1,8,8,6,23,55,0,9,20,19,7
TAMIL NADU,2011,Unemployment,0,174,85,37,2,298,0,36,13,9,2,60,358,0,210,98,46,4
TAMIL NADU,2011,Causes Not known,8,227,875,230,107,1447,17,96,93,85,29,320,1767,25,323,968,315,136
TAMIL NADU,2011,Other Causes,68,537,678,518,287,2088,68,324,330,131,94,947,3035,136,861,1008,649,381
TAMIL NADU,2011,Total,159,2736,3977,2405,1005,10282,196,2419,1826,826,414,5681,15963,355,5155,5803,3231,1419
TAMIL NADU,2011,Total Illness,30,451,712,653,339,2185,41,492,412,241,160,1346,3531,71,943,1124,894,499
TAMIL NADU,2012,Bankruptcy,0,6,15,11,3,35,0,0,2,2,0,4,39,0,6,17,13,3
TAMIL NADU,2012,Suspected/Illicit Relation,0,13,22,11,0,46,0,25,24,8,0,57,103,0,38,46,19,0
TAMIL NADU,2012,Cancellation/Non-Settlement of Marriage,0,17,11,4,1,33,0,23,12,2,0,37,70,0,40,23,6,1
TAMIL NADU,2012,Infertility,0,2,12,1,1,16,0,22,20,4,1,47,63,0,24,32,5,2
TAMIL NADU,2012,Illness (Aids/STD),0,1,2,4,0,7,0,1,0,0,0,1,8,0,2,2,4,0
TAMIL NADU,2012,Cancer,0,4,4,3,8,19,0,2,3,2,3,10,29,0,6,7,5,11
TAMIL NADU,2012,Paralysis,1,7,12,8,6,34,0,10,10,7,1,28,62,1,17,22,15,7
TAMIL NADU,2012,Insanity/Mental Illness,0,117,101,78,54,350,5,63,78,43,28,217,567,5,180,179,121,82
TAMIL NADU,2012,Other Prolonged Illness,12,412,562,488,360,1834,21,380,368,250,144,1163,2997,33,792,930,738,504
TAMIL NADU,2012,Death of Dear Person,1,9,17,8,17,52,2,23,15,6,1,47,99,3,32,32,14,18
TAMIL NADU,2012,Dowry Dispute,0,0,0,1,0,1,0,30,8,3,0,41,42,0,30,8,4,0
TAMIL NADU,2012,Divorce,0,1,3,2,1,7,0,4,5,0,0,9,16,0,5,8,2,1
TAMIL NADU,2012,Drug Abuse/Addiction,0,39,100,76,24,239,0,2,1,0,0,3,242,0,41,101,76,24
TAMIL NADU,2012,Failure in Examination,19,95,0,0,0,114,14,94,16,0,0,124,238,33,189,16,0,0
TAMIL NADU,2012,Fall in Social Reputation,0,2,0,0,0,2,0,4,0,0,0,4,6,0,6,0,0,0
TAMIL NADU,2012,Family Problems,13,661,1012,820,268,2774,47,879,632,374,136,2068,4842,60,1540,1644,1194,404
TAMIL NADU,2012,Ideological Causes/Hero Worshipping,0,1,0,2,0,3,0,2,0,0,1,3,6,0,3,0,2,1
TAMIL NADU,2012,Illegitimate Pregnancy,0,0,0,0,0,0,0,12,8,1,0,21,21,0,12,8,1,0
TAMIL NADU,2012,Love Affairs,0,171,48,19,0,238,10,173,56,11,0,250,488,10,344,104,30,0
TAMIL NADU,2012,"Physical Abuse (Rape,Incest Etc.)",0,0,0,0,0,0,0,3,2,0,0,5,5,0,3,2,0,0
TAMIL NADU,2012,Poverty,0,4,10,6,4,24,0,3,7,1,3,14,38,0,7,17,7,7
TAMIL NADU,2012,Professional/Career Problem,0,17,28,21,6,72,1,5,5,2,0,13,85,1,22,33,23,6
TAMIL NADU,2012,Property Dispute,0,10,26,16,22,74,1,2,13,12,9,37,111,1,12,39,28,31
TAMIL NADU,2012,Unemployment,0,105,47,12,30,194,0,5,8,3,1,17,211,0,110,55,15,31
TAMIL NADU,2012,Causes Not known,10,90,655,179,88,1022,8,87,102,138,70,405,1427,18,177,757,317,158
TAMIL NADU,2012,Other Causes,93,979,1209,881,396,3558,73,693,382,245,161,1554,5112,166,1672,1591,1126,557
TAMIL NADU,2012,Total,149,2763,3896,2651,1289,10748,182,2547,1777,1114,559,6179,16927,331,5310,5673,3765,1848
TAMIL NADU,2012,Total Illness,13,541,681,581,428,2244,26,456,459,302,176,1419,3663,39,997,1140,883,604
TRIPURA,2001,Bankruptcy,0,0,0,0,0,0,0,0,0,0,0,0,0,0,0,0,0,0
TRIPURA,2001,Suspected/Illicit Relation,0,2,3,0,0,5,0,0,0,0,0,0,5,0,2,3,0,0
TRIPURA,2001,Cancellation/Non-Settlement of Marriage,0,8,5,0,0,13,0,5,0,0,0,5,18,0,13,5,0,0
TRIPURA,2001,Infertility,0,0,0,0,0,0,0,0,0,0,0,0,0,0,0,0,0,0
TRIPURA,2001,Illness (Aids/STD),0,0,0,0,0,0,0,0,0,0,0,0,0,0,0,0,0,0
TRIPURA,2001,Cancer,0,0,1,5,0,6,0,0,0,2,1,3,9,0,0,1,7,1
TRIPURA,2001,Paralysis,0,0,3,4,2,9,0,0,1,2,1,4,13,0,0,4,6,3
TRIPURA,2001,Insanity/Mental Illness,0,4,6,6,0,16,0,2,6,4,0,12,28,0,6,12,10,0
TRIPURA,2001,Other Prolonged Illness,1,3,4,4,3,15,0,2,1,2,1,6,21,1,5,5,6,4
TRIPURA,2001,Death of Dear Person,0,3,4,5,0,12,0,3,0,2,0,5,17,0,6,4,7,0
TRIPURA,2001,Dowry Dispute,0,0,0,0,0,0,0,0,0,0,0,0,0,0,0,0,0,0
TRIPURA,2001,Divorce,0,1,4,0,0,5,0,1,1,0,0,2,7,0,2,5,0,0
TRIPURA,2001,Drug Abuse/Addiction,0,0,0,0,0,0,0,0,0,0,0,0,0,0,0,0,0,0
TRIPURA,2001,Failure in Examination,3,9,7,6,0,25,1,6,2,0,0,9,34,4,15,9,6,0
TRIPURA,2001,Fall in Social Reputation,0,0,0,0,0,0,0,0,0,0,0,0,0,0,0,0,0,0
TRIPURA,2001,Family Problems,1,41,97,34,10,183,1,22,142,26,8,199,382,2,63,239,60,18
TRIPURA,2001,Ideological Causes/Hero Worshipping,0,0,0,0,0,0,0,0,0,0,0,0,0,0,0,0,0,0
TRIPURA,2001,Illegitimate Pregnancy,0,0,0,0,0,0,0,5,0,0,0,5,5,0,5,0,0,0
TRIPURA,2001,Love Affairs,4,26,14,0,0,44,2,7,12,3,0,24,68,6,33,26,3,0
TRIPURA,2001,"Physical Abuse (Rape,Incest Etc.)",0,0,0,0,0,0,0,0,0,0,0,0,0,0,0,0,0,0
TRIPURA,2001,Poverty,0,1,5,2,2,10,1,1,0,3,1,6,16,1,2,5,5,3
TRIPURA,2001,Professional/Career Problem,0,0,0,0,0,0,0,0,0,0,0,0,0,0,0,0,0,0
TRIPURA,2001,Property Dispute,0,0,0,0,0,0,0,0,0,0,0,0,0,0,0,0,0,0
TRIPURA,2001,Unemployment,0,0,0,0,0,0,0,0,0,0,0,0,0,0,0,0,0,0
TRIPURA,2001,Causes Not known,3,14,11,7,4,39,4,25,3,5,3,40,79,7,39,14,12,7
TRIPURA,2001,Other Causes,6,19,30,14,12,81,3,29,19,13,7,71,152,9,48,49,27,19
TRIPURA,2001,Total,18,131,194,87,33,463,12,108,187,62,22,391,854,30,239,381,149,55
TRIPURA,2001,Total Illness,1,7,14,19,5,46,0,4,8,10,3,25,71,1,11,22,29,8
TRIPURA,2002,Bankruptcy,0,0,0,0,0,0,0,0,0,0,0,0,0,0,0,0,0,0
TRIPURA,2002,Suspected/Illicit Relation,0,10,10,15,0,35,0,8,5,3,0,16,51,0,18,15,18,0
TRIPURA,2002,Cancellation/Non-Settlement of Marriage,0,8,5,0,0,13,0,1,0,0,0,1,14,0,9,5,0,0
TRIPURA,2002,Infertility,0,5,8,0,0,13,0,0,2,0,0,2,15,0,5,10,0,0
TRIPURA,2002,Illness (Aids/STD),0,0,0,0,0,0,0,4,2,0,0,6,6,0,4,2,0,0
TRIPURA,2002,Cancer,0,0,2,5,0,7,0,0,0,0,0,0,7,0,0,2,5,0
TRIPURA,2002,Paralysis,0,0,3,4,1,8,0,0,0,2,0,2,10,0,0,3,6,1
TRIPURA,2002,Insanity/Mental Illness,0,7,11,6,3,27,0,3,5,3,2,13,40,0,10,16,9,5
TRIPURA,2002,Other Prolonged Illness,1,5,7,6,4,23,0,4,3,4,3,14,37,1,9,10,10,7
TRIPURA,2002,Death of Dear Person,0,3,1,0,0,4,0,1,0,0,0,1,5,0,4,1,0,0
TRIPURA,2002,Dowry Dispute,0,2,1,1,0,4,0,5,2,1,0,8,12,0,7,3,2,0
TRIPURA,2002,Divorce,0,2,5,2,1,10,0,6,0,0,0,6,16,0,8,5,2,1
TRIPURA,2002,Drug Abuse/Addiction,0,0,0,0,0,0,0,0,0,0,0,0,0,0,0,0,0,0
TRIPURA,2002,Failure in Examination,2,15,0,0,0,17,0,2,0,0,0,2,19,2,17,0,0,0
TRIPURA,2002,Fall in Social Reputation,0,0,0,0,0,0,0,0,0,0,0,0,0,0,0,0,0,0
TRIPURA,2002,Family Problems,2,26,28,12,2,70,4,27,27,9,2,69,139,6,53,55,21,4
TRIPURA,2002,Ideological Causes/Hero Worshipping,0,0,0,0,0,0,0,1,0,0,0,1,1,0,1,0,0,0
TRIPURA,2002,Illegitimate Pregnancy,0,0,0,0,0,0,0,0,0,0,0,0,0,0,0,0,0,0
TRIPURA,2002,Love Affairs,1,27,16,0,0,44,0,22,13,0,0,35,79,1,49,29,0,0
TRIPURA,2002,"Physical Abuse (Rape,Incest Etc.)",0,0,0,0,0,0,0,0,0,0,0,0,0,0,0,0,0,0
TRIPURA,2002,Poverty,0,0,1,2,0,3,0,1,0,0,0,1,4,0,1,1,2,0
TRIPURA,2002,Professional/Career Problem,0,1,2,3,0,6,0,2,2,0,1,5,11,0,3,4,3,1
TRIPURA,2002,Property Dispute,0,0,0,0,0,0,0,0,0,0,0,0,0,0,0,0,0,0
TRIPURA,2002,Unemployment,0,2,1,0,0,3,0,0,0,0,0,0,3,0,2,1,0,0
TRIPURA,2002,Causes Not known,2,14,28,21,8,73,4,16,12,7,4,43,116,6,30,40,28,12
TRIPURA,2002,Other Causes,5,46,50,25,7,133,6,24,19,9,3,61,194,11,70,69,34,10
TRIPURA,2002,Total,13,173,179,102,26,493,14,127,92,38,15,286,779,27,300,271,140,41
TRIPURA,2002,Total Illness,1,12,23,21,8,65,0,11,10,9,5,35,100,1,23,33,30,13
TRIPURA,2003,Bankruptcy,0,5,1,1,0,7,0,0,0,0,0,0,7,0,5,1,1,0
TRIPURA,2003,Suspected/Illicit Relation,0,6,3,9,0,18,0,0,0,0,0,0,18,0,6,3,9,0
TRIPURA,2003,Cancellation/Non-Settlement of Marriage,0,3,0,8,0,11,0,0,0,0,0,0,11,0,3,0,8,0
TRIPURA,2003,Infertility,0,2,1,2,0,5,0,0,0,0,0,0,5,0,2,1,2,0
TRIPURA,2003,Illness (Aids/STD),0,0,0,0,0,0,0,0,0,0,0,0,0,0,0,0,0,0
TRIPURA,2003,Cancer,0,0,2,3,0,5,0,0,0,0,0,0,5,0,0,2,3,0
TRIPURA,2003,Paralysis,0,0,0,0,0,0,0,0,0,0,0,0,0,0,0,0,0,0
TRIPURA,2003,Insanity/Mental Illness,0,3,0,0,0,3,0,0,0,0,0,0,3,0,3,0,0,0
TRIPURA,2003,Other Prolonged Illness,0,1,3,1,0,5,0,0,0,0,0,0,5,0,1,3,1,0
TRIPURA,2003,Death of Dear Person,0,0,4,0,0,4,0,0,0,0,0,0,4,0,0,4,0,0
TRIPURA,2003,Dowry Dispute,0,3,9,6,0,18,0,9,13,4,0,26,44,0,12,22,10,0
TRIPURA,2003,Divorce,0,2,3,2,0,7,0,0,0,0,0,0,7,0,2,3,2,0
TRIPURA,2003,Drug Abuse/Addiction,0,0,2,1,0,3,0,0,0,0,0,0,3,0,0,2,1,0
TRIPURA,2003,Failure in Examination,7,9,4,0,0,20,2,0,0,0,0,2,22,9,9,4,0,0
TRIPURA,2003,Fall in Social Reputation,0,0,4,1,0,5,0,0,0,0,0,0,5,0,0,4,1,0
TRIPURA,2003,Family Problems,0,89,74,20,4,187,0,48,58,34,0,140,327,0,137,132,54,4
TRIPURA,2003,Ideological Causes/Hero Worshipping,0,0,0,0,0,0,0,0,0,0,0,0,0,0,0,0,0,0
TRIPURA,2003,Illegitimate Pregnancy,0,0,0,0,0,0,0,0,0,0,0,0,0,0,0,0,0,0
TRIPURA,2003,Love Affairs,0,56,41,8,0,105,2,41,37,5,0,85,190,2,97,78,13,0
TRIPURA,2003,"Physical Abuse (Rape,Incest Etc.)",0,0,0,0,0,0,0,0,0,0,0,0,0,0,0,0,0,0
TRIPURA,2003,Poverty,0,2,8,4,0,14,1,23,19,9,3,55,69,1,25,27,13,3
TRIPURA,2003,Professional/Career Problem,0,3,2,0,0,5,0,0,0,0,0,0,5,0,3,2,0,0
TRIPURA,2003,Property Dispute,0,2,0,2,0,4,0,0,0,0,0,0,4,0,2,0,2,0
TRIPURA,2003,Unemployment,0,4,13,12,0,29,0,17,13,6,0,36,65,0,21,26,18,0
TRIPURA,2003,Causes Not known,0,1,8,4,0,13,2,0,1,1,1,5,18,2,1,9,5,1
TRIPURA,2003,Other Causes,0,7,6,7,0,20,1,2,1,3,0,7,27,1,9,7,10,0
TRIPURA,2003,Total,7,198,188,91,4,488,8,140,142,62,4,356,844,15,338,330,153,8
TRIPURA,2003,Total Illness,0,4,5,4,0,13,0,0,0,0,0,0,13,0,4,5,4,0
TRIPURA,2004,Bankruptcy,0,4,7,1,0,12,1,2,2,1,0,6,18,1,6,9,2,0
TRIPURA,2004,Suspected/Illicit Relation,0,5,3,2,0,10,0,1,2,0,0,3,13,0,6,5,2,0
TRIPURA,2004,Cancellation/Non-Settlement of Marriage,0,4,3,0,0,7,1,3,3,0,0,7,14,1,7,6,0,0
TRIPURA,2004,Infertility,0,3,1,0,0,4,1,3,2,1,0,7,11,1,6,3,1,0
TRIPURA,2004,Illness (Aids/STD),0,0,0,0,0,0,0,0,0,0,0,0,0,0,0,0,0,0
TRIPURA,2004,Cancer,0,4,5,1,1,11,0,4,2,0,0,6,17,0,8,7,1,1
TRIPURA,2004,Paralysis,0,4,4,1,0,9,0,2,1,0,0,3,12,0,6,5,1,0
TRIPURA,2004,Insanity/Mental Illness,1,0,3,2,0,6,0,0,3,2,1,6,12,1,0,6,4,1
TRIPURA,2004,Other Prolonged Illness,0,4,3,5,2,14,0,3,2,1,1,7,21,0,7,5,6,3
TRIPURA,2004,Death of Dear Person,0,1,3,1,1,6,0,2,1,0,0,3,9,0,3,4,1,1
TRIPURA,2004,Dowry Dispute,0,2,7,2,0,11,0,1,3,0,0,4,15,0,3,10,2,0
TRIPURA,2004,Divorce,0,4,6,4,0,14,0,7,5,0,0,12,26,0,11,11,4,0
TRIPURA,2004,Drug Abuse/Addiction,0,4,1,3,0,8,0,1,1,0,0,2,10,0,5,2,3,0
TRIPURA,2004,Failure in Examination,2,31,3,4,0,40,7,4,1,0,0,12,52,9,35,4,4,0
TRIPURA,2004,Fall in Social Reputation,0,4,1,2,0,7,0,2,1,1,0,4,11,0,6,2,3,0
TRIPURA,2004,Family Problems,0,47,48,27,9,131,1,44,40,8,5,98,229,1,91,88,35,14
TRIPURA,2004,Ideological Causes/Hero Worshipping,0,2,3,2,0,7,0,2,1,0,0,3,10,0,4,4,2,0
TRIPURA,2004,Illegitimate Pregnancy,0,5,4,2,0,11,0,6,1,0,0,7,18,0,11,5,2,0
TRIPURA,2004,Love Affairs,0,24,12,4,0,40,4,47,9,1,0,61,101,4,71,21,5,0
TRIPURA,2004,"Physical Abuse (Rape,Incest Etc.)",0,2,1,2,0,5,0,8,1,0,0,9,14,0,10,2,2,0
TRIPURA,2004,Poverty,0,7,1,3,0,11,0,9,5,3,0,17,28,0,16,6,6,0
TRIPURA,2004,Professional/Career Problem,0,2,1,2,0,5,0,2,1,0,0,3,8,0,4,2,2,0
TRIPURA,2004,Property Dispute,0,6,1,1,0,8,0,5,1,0,0,6,14,0,11,2,1,0
TRIPURA,2004,Unemployment,0,8,1,2,0,11,0,10,4,0,0,14,25,0,18,5,2,0
TRIPURA,2004,Causes Not known,2,14,3,2,0,21,3,8,5,0,0,16,37,5,22,8,2,0
TRIPURA,2004,Other Causes,0,13,9,2,0,24,4,7,8,2,0,21,45,4,20,17,4,0
TRIPURA,2004,Total,5,204,134,77,13,433,22,183,105,20,7,337,770,27,387,239,97,20
TRIPURA,2004,Total Illness,1,12,15,9,3,40,0,9,8,3,2,22,62,1,21,23,12,5
TRIPURA,2005,Bankruptcy,0,7,4,2,1,14,0,16,7,2,1,26,40,0,23,11,4,2
TRIPURA,2005,Suspected/Illicit Relation,0,7,6,2,0,15,0,5,7,1,1,14,29,0,12,13,3,1
TRIPURA,2005,Cancellation/Non-Settlement of Marriage,0,9,9,6,5,29,0,7,5,0,0,12,41,0,16,14,6,5
TRIPURA,2005,Infertility,0,0,0,0,0,0,0,0,0,0,0,0,0,0,0,0,0,0
TRIPURA,2005,Illness (Aids/STD),0,0,0,0,0,0,0,0,0,0,0,0,0,0,0,0,0,0
TRIPURA,2005,Cancer,0,0,0,0,0,0,0,0,0,0,0,0,0,0,0,0,0,0
TRIPURA,2005,Paralysis,0,0,1,1,0,2,0,0,0,0,0,0,2,0,0,1,1,0
TRIPURA,2005,Insanity/Mental Illness,0,8,8,4,1,21,0,10,7,4,0,21,42,0,18,15,8,1
TRIPURA,2005,Other Prolonged Illness,0,9,9,11,0,29,0,5,5,3,0,13,42,0,14,14,14,0
TRIPURA,2005,Death of Dear Person,0,0,0,0,0,0,0,0,0,0,0,0,0,0,0,0,0,0
TRIPURA,2005,Dowry Dispute,0,0,0,0,0,0,0,43,19,10,0,72,72,0,43,19,10,0
TRIPURA,2005,Divorce,0,0,0,0,0,0,0,2,1,0,0,3,3,0,2,1,0,0
TRIPURA,2005,Drug Abuse/Addiction,0,0,2,2,1,5,0,0,0,0,0,0,5,0,0,2,2,1
TRIPURA,2005,Failure in Examination,1,9,3,1,0,14,5,12,1,0,0,18,32,6,21,4,1,0
TRIPURA,2005,Fall in Social Reputation,0,2,3,2,0,7,0,5,3,0,0,8,15,0,7,6,2,0
TRIPURA,2005,Family Problems,2,40,20,11,8,81,1,25,11,10,4,51,132,3,65,31,21,12
TRIPURA,2005,Ideological Causes/Hero Worshipping,0,0,2,2,0,4,0,9,2,4,0,15,19,0,9,4,6,0
TRIPURA,2005,Illegitimate Pregnancy,0,0,0,0,0,0,0,8,2,0,0,10,10,0,8,2,0,0
TRIPURA,2005,Love Affairs,1,12,8,0,0,21,1,12,4,0,0,17,38,2,24,12,0,0
TRIPURA,2005,"Physical Abuse (Rape,Incest Etc.)",0,0,0,0,0,0,0,0,0,0,0,0,0,0,0,0,0,0
TRIPURA,2005,Poverty,0,2,2,3,0,7,0,0,0,0,0,0,7,0,2,2,3,0
TRIPURA,2005,Professional/Career Problem,0,3,3,2,2,10,0,0,0,0,0,0,10,0,3,3,2,2
TRIPURA,2005,Property Dispute,0,2,1,3,0,6,0,0,0,0,0,0,6,0,2,1,3,0
TRIPURA,2005,Unemployment,0,5,6,2,0,13,0,0,0,0,0,0,13,0,5,6,2,0
TRIPURA,2005,Causes Not known,2,13,16,13,6,50,5,9,1,3,1,19,69,7,22,17,16,7
TRIPURA,2005,Other Causes,4,21,24,16,8,73,4,6,3,1,1,15,88,8,27,27,17,9
TRIPURA,2005,Total,10,149,127,83,32,401,16,174,78,38,8,314,715,26,323,205,121,40
TRIPURA,2005,Total Illness,0,17,18,16,1,52,0,15,12,7,0,34,86,0,32,30,23,1
TRIPURA,2006,Bankruptcy,0,1,2,1,0,4,0,1,1,2,0,4,8,0,2,3,3,0
TRIPURA,2006,Suspected/Illicit Relation,0,1,2,4,0,7,0,4,1,0,0,5,12,0,5,3,4,0
TRIPURA,2006,Cancellation/Non-Settlement of Marriage,0,0,0,0,0,0,0,0,0,0,0,0,0,0,0,0,0,0
TRIPURA,2006,Infertility,0,0,0,0,0,0,0,0,0,0,0,0,0,0,0,0,0,0
TRIPURA,2006,Illness (Aids/STD),0,0,0,0,0,0,0,0,0,0,0,0,0,0,0,0,0,0
TRIPURA,2006,Cancer,0,0,0,0,0,0,0,0,0,0,0,0,0,0,0,0,0,0
TRIPURA,2006,Paralysis,0,2,3,2,0,7,0,0,0,0,0,0,7,0,2,3,2,0
TRIPURA,2006,Insanity/Mental Illness,0,3,5,4,2,14,0,0,0,0,0,0,14,0,3,5,4,2
TRIPURA,2006,Other Prolonged Illness,0,3,3,2,0,8,0,0,3,4,2,9,17,0,3,6,6,2
TRIPURA,2006,Death of Dear Person,0,0,0,0,0,0,0,0,3,1,2,6,6,0,0,3,1,2
TRIPURA,2006,Dowry Dispute,0,0,0,0,0,0,0,31,26,3,0,60,60,0,31,26,3,0
TRIPURA,2006,Divorce,0,0,0,0,0,0,0,0,0,0,0,0,0,0,0,0,0,0
TRIPURA,2006,Drug Abuse/Addiction,0,0,0,0,0,0,0,1,1,0,0,2,2,0,1,1,0,0
TRIPURA,2006,Failure in Examination,5,6,0,0,0,11,4,7,1,0,0,12,23,9,13,1,0,0
TRIPURA,2006,Fall in Social Reputation,0,0,0,0,0,0,0,0,0,0,0,0,0,0,0,0,0,0
TRIPURA,2006,Family Problems,4,16,27,22,8,77,5,20,11,4,0,40,117,9,36,38,26,8
TRIPURA,2006,Ideological Causes/Hero Worshipping,0,0,0,0,0,0,0,0,0,0,0,0,0,0,0,0,0,0
TRIPURA,2006,Illegitimate Pregnancy,0,0,0,0,0,0,0,4,1,0,0,5,5,0,4,1,0,0
TRIPURA,2006,Love Affairs,0,6,2,0,0,8,1,14,10,0,0,25,33,1,20,12,0,0
TRIPURA,2006,"Physical Abuse (Rape,Incest Etc.)",0,0,0,0,0,0,0,0,0,0,0,0,0,0,0,0,0,0
TRIPURA,2006,Poverty,0,0,0,0,0,0,0,0,0,0,0,0,0,0,0,0,0,0
TRIPURA,2006,Professional/Career Problem,0,0,2,0,0,2,0,0,0,0,0,0,2,0,0,2,0,0
TRIPURA,2006,Property Dispute,0,2,1,2,0,5,0,0,0,0,0,0,5,0,2,1,2,0
TRIPURA,2006,Unemployment,0,3,1,1,0,5,0,0,0,0,0,0,5,0,3,1,1,0
TRIPURA,2006,Causes Not known,0,69,87,22,12,190,0,60,43,5,0,108,298,0,129,130,27,12
TRIPURA,2006,Other Causes,2,33,32,18,5,90,1,26,17,15,2,61,151,3,59,49,33,7
TRIPURA,2006,Total,11,145,167,78,27,428,11,168,118,34,6,337,765,22,313,285,112,33
TRIPURA,2006,Total Illness,0,8,11,8,2,29,0,0,3,4,2,9,38,0,8,14,12,4
TRIPURA,2007,Bankruptcy,0,1,2,2,0,5,0,1,1,0,0,2,7,0,2,3,2,0
TRIPURA,2007,Suspected/Illicit Relation,0,3,3,0,0,6,0,5,2,0,0,7,13,0,8,5,0,0
TRIPURA,2007,Cancellation/Non-Settlement of Marriage,0,0,0,0,0,0,0,3,0,0,0,3,3,0,3,0,0,0
TRIPURA,2007,Infertility,0,0,0,0,0,0,0,0,0,0,0,0,0,0,0,0,0,0
TRIPURA,2007,Illness (Aids/STD),0,0,0,0,0,0,0,0,0,0,0,0,0,0,0,0,0,0
TRIPURA,2007,Cancer,0,0,0,4,0,4,0,0,0,2,0,2,6,0,0,0,6,0
TRIPURA,2007,Paralysis,0,0,0,0,0,0,0,0,0,0,0,0,0,0,0,0,0,0
TRIPURA,2007,Insanity/Mental Illness,0,0,2,1,0,3,0,1,0,0,1,2,5,0,1,2,1,1
TRIPURA,2007,Other Prolonged Illness,0,5,14,3,4,26,0,0,1,5,0,6,32,0,5,15,8,4
TRIPURA,2007,Death of Dear Person,0,0,0,0,0,0,0,5,11,0,0,16,16,0,5,11,0,0
TRIPURA,2007,Dowry Dispute,0,0,0,0,0,0,0,31,23,2,0,56,56,0,31,23,2,0
TRIPURA,2007,Divorce,0,0,0,0,0,0,0,0,0,0,0,0,0,0,0,0,0,0
TRIPURA,2007,Drug Abuse/Addiction,0,0,0,0,0,0,0,0,0,0,0,0,0,0,0,0,0,0
TRIPURA,2007,Failure in Examination,4,13,0,0,0,17,8,8,0,0,0,16,33,12,21,0,0,0
TRIPURA,2007,Fall in Social Reputation,0,0,0,0,0,0,0,0,0,0,0,0,0,0,0,0,0,0
TRIPURA,2007,Family Problems,4,47,40,23,3,117,3,20,25,12,3,63,180,7,67,65,35,6
TRIPURA,2007,Ideological Causes/Hero Worshipping,0,0,0,0,0,0,0,0,0,0,0,0,0,0,0,0,0,0
TRIPURA,2007,Illegitimate Pregnancy,0,0,0,0,0,0,0,0,0,0,0,0,0,0,0,0,0,0
TRIPURA,2007,Love Affairs,0,14,5,0,0,19,5,12,3,0,0,20,39,5,26,8,0,0
TRIPURA,2007,"Physical Abuse (Rape,Incest Etc.)",0,0,0,0,0,0,0,0,0,0,0,0,0,0,0,0,0,0
TRIPURA,2007,Poverty,0,0,0,0,0,0,0,0,0,0,0,0,0,0,0,0,0,0
TRIPURA,2007,Professional/Career Problem,0,3,1,1,0,5,0,0,0,0,0,0,5,0,3,1,1,0
TRIPURA,2007,Property Dispute,0,2,2,2,0,6,0,0,0,0,0,0,6,0,2,2,2,0
TRIPURA,2007,Unemployment,0,0,0,0,0,0,0,0,0,0,0,0,0,0,0,0,0,0
TRIPURA,2007,Causes Not known,18,60,72,58,3,211,6,30,34,20,3,93,304,24,90,106,78,6
TRIPURA,2007,Other Causes,0,0,0,0,0,0,0,0,0,0,0,0,0,0,0,0,0,0
TRIPURA,2007,Total,26,148,141,94,10,419,22,116,100,41,7,286,705,48,264,241,135,17
TRIPURA,2007,Total Illness,0,5,16,8,4,33,0,1,1,7,1,10,43,0,6,17,15,5
TRIPURA,2008,Bankruptcy,0,0,0,0,0,0,0,0,0,0,0,0,0,0,0,0,0,0
TRIPURA,2008,Suspected/Illicit Relation,0,15,5,0,0,20,0,10,8,0,0,18,38,0,25,13,0,0
TRIPURA,2008,Cancellation/Non-Settlement of Marriage,0,0,0,0,0,0,0,0,0,0,0,0,0,0,0,0,0,0
TRIPURA,2008,Infertility,0,0,0,0,0,0,0,0,0,0,0,0,0,0,0,0,0,0
TRIPURA,2008,Illness (Aids/STD),0,0,0,0,0,0,0,0,0,0,0,0,0,0,0,0,0,0
TRIPURA,2008,Cancer,0,0,1,0,0,1,0,0,0,0,0,0,1,0,0,1,0,0
TRIPURA,2008,Paralysis,0,0,0,0,0,0,0,0,0,0,0,0,0,0,0,0,0,0
TRIPURA,2008,Insanity/Mental Illness,0,1,4,1,0,6,0,0,0,2,0,2,8,0,1,4,3,0
TRIPURA,2008,Other Prolonged Illness,0,3,9,3,2,17,0,0,0,3,1,4,21,0,3,9,6,3
TRIPURA,2008,Death of Dear Person,0,0,0,0,0,0,0,0,0,0,0,0,0,0,0,0,0,0
TRIPURA,2008,Dowry Dispute,0,0,0,0,0,0,0,6,3,0,0,9,9,0,6,3,0,0
TRIPURA,2008,Divorce,0,0,0,0,0,0,0,0,0,0,0,0,0,0,0,0,0,0
TRIPURA,2008,Drug Abuse/Addiction,0,0,0,0,0,0,0,0,0,0,0,0,0,0,0,0,0,0
TRIPURA,2008,Failure in Examination,2,9,0,0,0,11,2,2,0,0,0,4,15,4,11,0,0,0
TRIPURA,2008,Fall in Social Reputation,0,0,0,0,0,0,0,0,0,0,0,0,0,0,0,0,0,0
TRIPURA,2008,Family Problems,0,57,101,50,12,220,0,56,33,24,4,117,337,0,113,134,74,16
TRIPURA,2008,Ideological Causes/Hero Worshipping,0,0,0,0,0,0,0,0,0,0,0,0,0,0,0,0,0,0
TRIPURA,2008,Illegitimate Pregnancy,0,0,0,0,0,0,0,0,0,0,0,0,0,0,0,0,0,0
TRIPURA,2008,Love Affairs,0,24,13,0,0,37,3,32,12,0,0,47,84,3,56,25,0,0
TRIPURA,2008,"Physical Abuse (Rape,Incest Etc.)",0,0,0,0,0,0,0,0,0,0,0,0,0,0,0,0,0,0
TRIPURA,2008,Poverty,0,0,0,0,0,0,0,0,0,0,0,0,0,0,0,0,0,0
TRIPURA,2008,Professional/Career Problem,0,0,0,0,0,0,0,0,0,0,0,0,0,0,0,0,0,0
TRIPURA,2008,Property Dispute,0,0,2,0,0,2,0,0,0,0,0,0,2,0,0,2,0,0
TRIPURA,2008,Unemployment,0,0,0,0,0,0,0,0,0,0,0,0,0,0,0,0,0,0
TRIPURA,2008,Causes Not known,4,8,7,6,6,31,5,11,14,3,1,34,65,9,19,21,9,7
TRIPURA,2008,Other Causes,3,35,25,29,5,97,4,26,26,19,0,75,172,7,61,51,48,5
TRIPURA,2008,Total,9,152,167,89,25,442,14,143,96,51,6,310,752,23,295,263,140,31
TRIPURA,2008,Total Illness,0,4,14,4,2,24,0,0,0,5,1,6,30,0,4,14,9,3
TRIPURA,2009,Bankruptcy,0,1,2,2,0,5,0,1,2,0,0,3,8,0,2,4,2,0
TRIPURA,2009,Suspected/Illicit Relation,0,5,5,0,0,10,0,5,2,0,0,7,17,0,10,7,0,0
TRIPURA,2009,Cancellation/Non-Settlement of Marriage,0,0,0,0,0,0,0,0,1,0,0,1,1,0,0,1,0,0
TRIPURA,2009,Infertility,0,0,0,0,0,0,0,0,0,0,0,0,0,0,0,0,0,0
TRIPURA,2009,Illness (Aids/STD),0,0,0,0,0,0,0,0,0,0,0,0,0,0,0,0,0,0
TRIPURA,2009,Cancer,0,0,0,2,2,4,0,0,0,0,2,2,6,0,0,0,2,4
TRIPURA,2009,Paralysis,0,0,0,0,1,1,0,0,0,0,0,0,1,0,0,0,0,1
TRIPURA,2009,Insanity/Mental Illness,0,10,4,13,5,32,0,3,0,2,4,9,41,0,13,4,15,9
TRIPURA,2009,Other Prolonged Illness,0,9,10,4,7,30,0,3,2,4,1,10,40,0,12,12,8,8
TRIPURA,2009,Death of Dear Person,0,0,0,0,0,0,0,0,0,0,0,0,0,0,0,0,0,0
TRIPURA,2009,Dowry Dispute,0,0,0,0,0,0,0,16,6,1,0,23,23,0,16,6,1,0
TRIPURA,2009,Divorce,0,0,0,0,0,0,0,0,0,0,0,0,0,0,0,0,0,0
TRIPURA,2009,Drug Abuse/Addiction,0,0,5,2,1,8,0,0,0,0,0,0,8,0,0,5,2,1
TRIPURA,2009,Failure in Examination,3,4,0,0,0,7,1,5,0,0,0,6,13,4,9,0,0,0
TRIPURA,2009,Fall in Social Reputation,0,0,0,0,0,0,0,0,0,0,0,0,0,0,0,0,0,0
TRIPURA,2009,Family Problems,2,56,40,43,4,145,1,43,29,16,2,91,236,3,99,69,59,6
TRIPURA,2009,Ideological Causes/Hero Worshipping,0,0,0,0,0,0,0,0,0,0,0,0,0,0,0,0,0,0
TRIPURA,2009,Illegitimate Pregnancy,0,0,0,0,0,0,0,1,0,0,0,1,1,0,1,0,0,0
TRIPURA,2009,Love Affairs,0,21,12,0,0,33,0,29,4,0,0,33,66,0,50,16,0,0
TRIPURA,2009,"Physical Abuse (Rape,Incest Etc.)",0,0,0,0,0,0,0,0,0,0,0,0,0,0,0,0,0,0
TRIPURA,2009,Poverty,0,0,2,1,1,4,0,3,1,0,0,4,8,0,3,3,1,1
TRIPURA,2009,Professional/Career Problem,0,4,2,1,0,7,0,0,0,0,0,0,7,0,4,2,1,0
TRIPURA,2009,Property Dispute,0,4,2,2,0,8,0,0,0,0,0,0,8,0,4,2,2,0
TRIPURA,2009,Unemployment,0,10,0,0,0,10,0,0,0,0,0,0,10,0,10,0,0,0
TRIPURA,2009,Causes Not known,4,46,50,21,0,121,6,29,11,7,0,53,174,10,75,61,28,0
TRIPURA,2009,Other Causes,0,17,20,4,1,42,2,20,4,1,1,28,70,2,37,24,5,2
TRIPURA,2009,Total,9,187,154,95,22,467,10,158,62,31,10,271,738,19,345,216,126,32
TRIPURA,2009,Total Illness,0,19,14,19,15,67,0,6,2,6,7,21,88,0,25,16,25,22
TRIPURA,2010,Bankruptcy,0,6,5,10,0,21,0,3,2,0,0,5,26,0,9,7,10,0
TRIPURA,2010,Suspected/Illicit Relation,0,5,6,0,0,11,0,3,4,1,0,8,19,0,8,10,1,0
TRIPURA,2010,Cancellation/Non-Settlement of Marriage,0,0,0,0,0,0,0,0,0,0,0,0,0,0,0,0,0,0
TRIPURA,2010,Infertility,0,0,1,1,0,2,0,0,1,1,0,2,4,0,0,2,2,0
TRIPURA,2010,Illness (Aids/STD),0,0,0,0,0,0,0,0,0,0,0,0,0,0,0,0,0,0
TRIPURA,2010,Cancer,0,0,0,2,1,3,0,0,0,2,3,5,8,0,0,0,4,4
TRIPURA,2010,Paralysis,0,0,0,0,2,2,0,0,0,0,0,0,2,0,0,0,0,2
TRIPURA,2010,Insanity/Mental Illness,0,3,12,8,7,30,0,3,2,3,3,11,41,0,6,14,11,10
TRIPURA,2010,Other Prolonged Illness,0,5,8,5,9,27,0,3,2,2,2,9,36,0,8,10,7,11
TRIPURA,2010,Death of Dear Person,0,0,0,0,0,0,0,0,0,0,0,0,0,0,0,0,0,0
TRIPURA,2010,Dowry Dispute,0,0,0,0,0,0,0,22,14,0,0,36,36,0,22,14,0,0
TRIPURA,2010,Divorce,0,0,0,0,0,0,0,0,0,0,0,0,0,0,0,0,0,0
TRIPURA,2010,Drug Abuse/Addiction,0,0,3,2,0,5,0,0,0,0,0,0,5,0,0,3,2,0
TRIPURA,2010,Failure in Examination,3,4,0,0,0,7,2,1,0,0,0,3,10,5,5,0,0,0
TRIPURA,2010,Fall in Social Reputation,0,0,0,0,0,0,0,0,0,0,0,0,0,0,0,0,0,0
TRIPURA,2010,Family Problems,3,39,38,29,36,145,3,21,36,26,15,101,246,6,60,74,55,51
TRIPURA,2010,Ideological Causes/Hero Worshipping,0,0,0,0,0,0,0,0,0,0,0,0,0,0,0,0,0,0
TRIPURA,2010,Illegitimate Pregnancy,0,0,0,0,0,0,0,1,1,0,0,2,2,0,1,1,0,0
TRIPURA,2010,Love Affairs,1,19,9,0,0,29,4,19,3,0,0,26,55,5,38,12,0,0
TRIPURA,2010,"Physical Abuse (Rape,Incest Etc.)",0,0,0,0,0,0,0,0,0,0,0,0,0,0,0,0,0,0
TRIPURA,2010,Poverty,0,0,3,2,0,5,0,0,0,0,0,0,5,0,0,3,2,0
TRIPURA,2010,Professional/Career Problem,0,0,2,0,0,2,0,0,0,0,0,0,2,0,0,2,0,0
TRIPURA,2010,Property Dispute,0,0,3,0,0,3,0,0,0,0,0,0,3,0,0,3,0,0
TRIPURA,2010,Unemployment,0,2,5,4,0,11,0,0,4,0,0,4,15,0,2,9,4,0
TRIPURA,2010,Causes Not known,8,41,35,26,10,120,8,22,11,10,6,57,177,16,63,46,36,16
TRIPURA,2010,Other Causes,1,3,12,2,0,18,1,10,0,4,0,15,33,2,13,12,6,0
TRIPURA,2010,Total,16,127,142,91,65,441,18,108,80,49,29,284,725,34,235,222,140,94
TRIPURA,2010,Total Illness,0,8,20,15,19,62,0,6,4,7,8,25,87,0,14,24,22,27
TRIPURA,2011,Bankruptcy,0,0,0,0,0,0,0,0,0,0,0,0,0,0,0,0,0,0
TRIPURA,2011,Suspected/Illicit Relation,0,13,5,0,0,18,0,0,0,0,0,0,18,0,13,5,0,0
TRIPURA,2011,Cancellation/Non-Settlement of Marriage,0,0,0,0,0,0,0,0,0,0,0,0,0,0,0,0,0,0
TRIPURA,2011,Infertility,0,0,0,0,0,0,0,0,0,0,0,0,0,0,0,0,0,0
TRIPURA,2011,Illness (Aids/STD),0,0,0,0,0,0,0,0,0,0,0,0,0,0,0,0,0,0
TRIPURA,2011,Cancer,0,0,0,0,0,0,0,0,0,0,0,0,0,0,0,0,0,0
TRIPURA,2011,Paralysis,0,0,0,0,0,0,0,0,0,0,0,0,0,0,0,0,0,0
TRIPURA,2011,Insanity/Mental Illness,0,0,0,3,1,4,0,6,1,0,3,10,14,0,6,1,3,4
TRIPURA,2011,Other Prolonged Illness,0,7,10,10,9,36,0,11,0,2,3,16,52,0,18,10,12,12
TRIPURA,2011,Death of Dear Person,0,0,0,0,0,0,0,0,0,0,0,0,0,0,0,0,0,0
TRIPURA,2011,Dowry Dispute,0,0,0,0,0,0,0,1,4,0,0,5,5,0,1,4,0,0
TRIPURA,2011,Divorce,0,0,0,0,0,0,0,0,0,0,0,0,0,0,0,0,0,0
TRIPURA,2011,Drug Abuse/Addiction,0,2,0,0,0,2,0,0,0,0,0,0,2,0,2,0,0,0
TRIPURA,2011,Failure in Examination,1,14,0,0,0,15,2,19,0,0,0,21,36,3,33,0,0,0
TRIPURA,2011,Fall in Social Reputation,0,0,0,0,0,0,0,0,0,0,0,0,0,0,0,0,0,0
TRIPURA,2011,Family Problems,2,47,56,33,9,147,2,54,29,17,8,110,257,4,101,85,50,17
TRIPURA,2011,Ideological Causes/Hero Worshipping,0,0,0,0,0,0,0,0,0,0,0,0,0,0,0,0,0,0
TRIPURA,2011,Illegitimate Pregnancy,0,0,0,0,0,0,0,0,1,0,0,1,1,0,0,1,0,0
TRIPURA,2011,Love Affairs,0,17,7,0,0,24,0,21,2,0,0,23,47,0,38,9,0,0
TRIPURA,2011,"Physical Abuse (Rape,Incest Etc.)",0,0,0,0,0,0,0,0,0,0,0,0,0,0,0,0,0,0
TRIPURA,2011,Poverty,0,0,1,0,0,1,0,0,0,0,0,0,1,0,0,1,0,0
TRIPURA,2011,Professional/Career Problem,0,0,2,0,0,2,0,0,0,0,0,0,2,0,0,2,0,0
TRIPURA,2011,Property Dispute,0,0,0,0,0,0,0,0,0,0,0,0,0,0,0,0,0,0
TRIPURA,2011,Unemployment,0,0,0,0,0,0,0,0,0,0,0,0,0,0,0,0,0,0
TRIPURA,2011,Causes Not known,2,58,23,19,19,121,1,19,13,14,11,58,179,3,77,36,33,30
TRIPURA,2011,Other Causes,0,44,29,3,1,77,0,2,3,5,2,12,89,0,46,32,8,3
TRIPURA,2011,Total,5,202,133,68,39,447,5,133,53,38,27,256,703,10,335,186,106,66
TRIPURA,2011,Total Illness,0,7,10,13,10,40,0,17,1,2,6,26,66,0,24,11,15,16
TRIPURA,2012,Bankruptcy,0,0,0,0,0,0,0,0,0,0,0,0,0,0,0,0,0,0
TRIPURA,2012,Suspected/Illicit Relation,0,2,1,0,0,3,0,1,0,0,0,1,4,0,3,1,0,0
TRIPURA,2012,Cancellation/Non-Settlement of Marriage,0,0,0,0,0,0,0,0,0,0,0,0,0,0,0,0,0,0
TRIPURA,2012,Infertility,0,0,0,0,0,0,0,0,0,0,0,0,0,0,0,0,0,0
TRIPURA,2012,Illness (Aids/STD),0,0,0,0,0,0,0,0,0,0,0,0,0,0,0,0,0,0
TRIPURA,2012,Cancer,0,0,0,0,0,0,0,0,0,0,0,0,0,0,0,0,0,0
TRIPURA,2012,Paralysis,0,0,0,0,0,0,0,0,0,0,0,0,0,0,0,0,0,0
TRIPURA,2012,Insanity/Mental Illness,0,2,4,2,0,8,0,1,1,1,1,4,12,0,3,5,3,1
TRIPURA,2012,Other Prolonged Illness,0,6,4,13,12,35,0,4,1,4,2,11,46,0,10,5,17,14
TRIPURA,2012,Death of Dear Person,0,0,0,0,0,0,0,0,0,0,0,0,0,0,0,0,0,0
TRIPURA,2012,Dowry Dispute,0,0,0,0,0,0,0,0,0,0,0,0,0,0,0,0,0,0
TRIPURA,2012,Divorce,0,0,0,1,0,1,0,0,0,1,0,1,2,0,0,0,2,0
TRIPURA,2012,Drug Abuse/Addiction,0,0,0,0,0,0,0,0,0,0,0,0,0,0,0,0,0,0
TRIPURA,2012,Failure in Examination,4,3,0,0,0,7,0,6,0,0,0,6,13,4,9,0,0,0
TRIPURA,2012,Fall in Social Reputation,0,0,0,0,0,0,0,0,0,0,0,0,0,0,0,0,0,0
TRIPURA,2012,Family Problems,2,23,25,27,6,83,0,38,20,9,11,78,161,2,61,45,36,17
TRIPURA,2012,Ideological Causes/Hero Worshipping,0,0,0,0,0,0,0,0,0,0,0,0,0,0,0,0,0,0
TRIPURA,2012,Illegitimate Pregnancy,0,0,0,0,0,0,0,0,0,0,0,0,0,0,0,0,0,0
TRIPURA,2012,Love Affairs,1,6,0,0,0,7,0,5,0,0,0,5,12,1,11,0,0,0
TRIPURA,2012,"Physical Abuse (Rape,Incest Etc.)",0,0,0,0,0,0,0,0,0,0,0,0,0,0,0,0,0,0
TRIPURA,2012,Poverty,0,0,0,0,0,0,0,0,0,0,0,0,0,0,0,0,0,0
TRIPURA,2012,Professional/Career Problem,0,2,2,3,0,7,0,0,0,0,0,0,7,0,2,2,3,0
TRIPURA,2012,Property Dispute,0,0,0,0,0,0,0,0,0,0,0,0,0,0,0,0,0,0
TRIPURA,2012,Unemployment,0,2,0,0,0,2,0,0,0,0,0,0,2,0,2,0,0,0
TRIPURA,2012,Causes Not known,5,37,39,43,17,141,7,30,21,8,8,74,215,12,67,60,51,25
TRIPURA,2012,Other Causes,4,87,136,23,16,266,8,31,42,14,9,104,370,12,118,178,37,25
TRIPURA,2012,Total,16,170,211,112,51,560,15,116,85,37,31,284,844,31,286,296,149,82
TRIPURA,2012,Total Illness,0,8,8,15,12,43,0,5,2,5,3,15,58,0,13,10,20,15
UTTAR PRADESH,2001,Bankruptcy,0,7,14,5,0,26,0,1,4,0,0,5,31,0,8,18,5,0
UTTAR PRADESH,2001,Suspected/Illicit Relation,0,38,9,1,0,48,2,38,15,1,0,56,104,2,76,24,2,0
UTTAR PRADESH,2001,Cancellation/Non-Settlement of Marriage,1,7,2,0,0,10,0,28,0,0,0,28,38,1,35,2,0,0
UTTAR PRADESH,2001,Infertility,0,7,3,1,2,13,0,20,29,7,0,56,69,0,27,32,8,2
UTTAR PRADESH,2001,Illness (Aids/STD),0,3,4,3,1,11,0,1,0,0,0,1,12,0,4,4,3,1
UTTAR PRADESH,2001,Cancer,0,3,5,5,4,17,0,2,7,5,3,17,34,0,5,12,10,7
UTTAR PRADESH,2001,Paralysis,1,5,3,0,0,9,1,1,0,2,1,5,14,2,6,3,2,1
UTTAR PRADESH,2001,Insanity/Mental Illness,6,27,27,19,2,81,2,21,20,12,7,62,143,8,48,47,31,9
UTTAR PRADESH,2001,Other Prolonged Illness,1,19,35,49,22,126,0,19,30,20,16,85,211,1,38,65,69,38
UTTAR PRADESH,2001,Death of Dear Person,0,2,4,0,0,6,0,7,6,3,2,18,24,0,9,10,3,2
UTTAR PRADESH,2001,Dowry Dispute,0,7,0,1,0,8,1,308,68,3,0,380,388,1,315,68,4,0
UTTAR PRADESH,2001,Divorce,0,3,1,1,0,5,0,6,9,0,0,15,20,0,9,10,1,0
UTTAR PRADESH,2001,Drug Abuse/Addiction,0,26,27,17,3,73,0,2,1,0,0,3,76,0,28,28,17,3
UTTAR PRADESH,2001,Failure in Examination,16,31,1,0,0,48,10,23,0,0,0,33,81,26,54,1,0,0
UTTAR PRADESH,2001,Fall in Social Reputation,0,11,7,0,2,20,1,3,7,2,3,16,36,1,14,14,2,5
UTTAR PRADESH,2001,Family Problems,15,203,181,93,35,527,7,118,185,55,11,376,903,22,321,366,148,46
UTTAR PRADESH,2001,Ideological Causes/Hero Worshipping,0,1,0,4,0,5,0,1,0,0,0,1,6,0,2,0,4,0
UTTAR PRADESH,2001,Illegitimate Pregnancy,0,7,5,0,0,12,1,28,0,0,0,29,41,1,35,5,0,0
UTTAR PRADESH,2001,Love Affairs,1,54,10,0,0,65,4,67,7,0,0,78,143,5,121,17,0,0
UTTAR PRADESH,2001,"Physical Abuse (Rape,Incest Etc.)",0,6,3,0,0,9,1,9,5,2,0,17,26,1,15,8,2,0
UTTAR PRADESH,2001,Poverty,0,14,15,12,5,46,0,9,14,4,1,28,74,0,23,29,16,6
UTTAR PRADESH,2001,Professional/Career Problem,0,8,10,4,0,22,0,0,0,0,0,0,22,0,8,10,4,0
UTTAR PRADESH,2001,Property Dispute,1,12,18,8,4,43,0,14,2,2,2,20,63,1,26,20,10,6
UTTAR PRADESH,2001,Unemployment,0,53,25,4,0,82,0,1,7,9,9,26,108,0,54,32,13,9
UTTAR PRADESH,2001,Causes Not known,20,89,101,84,54,348,20,113,91,35,12,271,619,40,202,192,119,66
UTTAR PRADESH,2001,Other Causes,11,73,35,19,3,141,13,30,30,13,3,89,230,24,103,65,32,6
UTTAR PRADESH,2001,Total,73,716,545,330,137,1801,63,870,537,175,70,1715,3516,136,1586,1082,505,207
UTTAR PRADESH,2001,Total Illness,8,57,74,76,29,244,3,44,57,39,27,170,414,11,101,131,115,56
UTTAR PRADESH,2002,Bankruptcy,2,13,15,18,4,52,1,4,6,0,0,11,63,3,17,21,18,4
UTTAR PRADESH,2002,Suspected/Illicit Relation,0,30,17,0,0,47,1,42,20,4,0,67,114,1,72,37,4,0
UTTAR PRADESH,2002,Cancellation/Non-Settlement of Marriage,0,11,1,0,0,12,0,18,3,0,0,21,33,0,29,4,0,0
UTTAR PRADESH,2002,Infertility,0,2,2,3,0,7,0,9,19,3,0,31,38,0,11,21,6,0
UTTAR PRADESH,2002,Illness (Aids/STD),0,0,2,3,0,5,0,0,2,0,0,2,7,0,0,4,3,0
UTTAR PRADESH,2002,Cancer,0,1,7,4,3,15,3,2,3,1,1,10,25,3,3,10,5,4
UTTAR PRADESH,2002,Paralysis,0,0,3,1,1,5,0,0,0,2,0,2,7,0,0,3,3,1
UTTAR PRADESH,2002,Insanity/Mental Illness,1,24,47,35,9,116,4,18,17,20,5,64,180,5,42,64,55,14
UTTAR PRADESH,2002,Other Prolonged Illness,6,30,52,76,29,193,8,26,32,29,14,109,302,14,56,84,105,43
UTTAR PRADESH,2002,Death of Dear Person,0,0,1,2,0,3,0,5,1,2,0,8,11,0,5,2,4,0
UTTAR PRADESH,2002,Dowry Dispute,0,1,5,1,0,7,112,211,38,0,0,361,368,112,212,43,1,0
UTTAR PRADESH,2002,Divorce,0,5,4,1,0,10,0,10,5,2,0,17,27,0,15,9,3,0
UTTAR PRADESH,2002,Drug Abuse/Addiction,0,14,34,29,5,82,1,2,2,1,0,6,88,1,16,36,30,5
UTTAR PRADESH,2002,Failure in Examination,10,45,4,1,0,60,4,23,3,1,0,31,91,14,68,7,2,0
UTTAR PRADESH,2002,Fall in Social Reputation,0,25,20,8,7,60,1,8,8,3,4,24,84,1,33,28,11,11
UTTAR PRADESH,2002,Family Problems,10,218,211,108,46,593,13,238,162,49,20,482,1075,23,456,373,157,66
UTTAR PRADESH,2002,Ideological Causes/Hero Worshipping,0,2,0,0,0,2,0,0,2,0,0,2,4,0,2,2,0,0
UTTAR PRADESH,2002,Illegitimate Pregnancy,0,0,0,0,0,0,5,9,0,0,0,14,14,5,9,0,0,0
UTTAR PRADESH,2002,Love Affairs,1,56,14,4,0,75,3,57,13,0,0,73,148,4,113,27,4,0
UTTAR PRADESH,2002,"Physical Abuse (Rape,Incest Etc.)",0,5,4,0,0,9,2,8,5,2,0,17,26,2,13,9,2,0
UTTAR PRADESH,2002,Poverty,2,17,29,18,7,73,0,6,14,5,2,27,100,2,23,43,23,9
UTTAR PRADESH,2002,Professional/Career Problem,0,9,6,0,8,23,0,1,0,0,0,1,24,0,10,6,0,8
UTTAR PRADESH,2002,Property Dispute,0,16,26,7,1,50,0,18,5,2,1,26,76,0,34,31,9,2
UTTAR PRADESH,2002,Unemployment,0,42,14,3,0,59,0,2,0,0,0,2,61,0,44,14,3,0
UTTAR PRADESH,2002,Causes Not known,20,231,213,123,52,639,32,103,140,96,46,417,1056,52,334,353,219,98
UTTAR PRADESH,2002,Other Causes,3,56,35,17,18,129,18,39,21,18,3,99,228,21,95,56,35,21
UTTAR PRADESH,2002,Total,55,853,766,462,190,2326,208,859,521,240,96,1924,4250,263,1712,1287,702,286
UTTAR PRADESH,2002,Total Illness,7,55,111,119,42,334,15,46,54,52,20,187,521,22,101,165,171,62
UTTAR PRADESH,2003,Bankruptcy,0,9,8,9,5,31,0,6,0,2,0,8,39,0,15,8,11,5
UTTAR PRADESH,2003,Suspected/Illicit Relation,2,25,9,5,0,41,0,29,11,0,0,40,81,2,54,20,5,0
UTTAR PRADESH,2003,Cancellation/Non-Settlement of Marriage,1,9,0,0,0,10,1,10,4,2,0,17,27,2,19,4,2,0
UTTAR PRADESH,2003,Infertility,0,3,4,1,0,8,1,10,17,6,0,34,42,1,13,21,7,0
UTTAR PRADESH,2003,Illness (Aids/STD),2,3,8,15,3,31,0,4,6,6,5,21,52,2,7,14,21,8
UTTAR PRADESH,2003,Cancer,0,0,6,8,0,14,0,3,0,0,0,3,17,0,3,6,8,0
UTTAR PRADESH,2003,Paralysis,2,0,0,1,2,5,0,0,0,0,0,0,5,2,0,0,1,2
UTTAR PRADESH,2003,Insanity/Mental Illness,2,24,27,29,7,89,4,14,13,8,5,44,133,6,38,40,37,12
UTTAR PRADESH,2003,Other Prolonged Illness,1,25,44,43,39,152,1,14,16,23,19,73,225,2,39,60,66,58
UTTAR PRADESH,2003,Death of Dear Person,0,1,0,1,0,2,0,5,0,0,1,6,8,0,6,0,1,1
UTTAR PRADESH,2003,Dowry Dispute,1,0,5,0,0,6,4,238,43,0,0,285,291,5,238,48,0,0
UTTAR PRADESH,2003,Divorce,0,4,5,1,0,10,0,10,3,0,0,13,23,0,14,8,1,0
UTTAR PRADESH,2003,Drug Abuse/Addiction,0,17,30,18,5,70,1,5,2,2,5,15,85,1,22,32,20,10
UTTAR PRADESH,2003,Failure in Examination,10,47,3,0,0,60,14,30,1,0,0,45,105,24,77,4,0,0
UTTAR PRADESH,2003,Fall in Social Reputation,0,7,5,7,1,20,0,17,5,7,2,31,51,0,24,10,14,3
UTTAR PRADESH,2003,Family Problems,13,195,144,58,25,435,8,201,138,38,8,393,828,21,396,282,96,33
UTTAR PRADESH,2003,Ideological Causes/Hero Worshipping,0,1,3,0,0,4,0,1,0,0,0,1,5,0,2,3,0,0
UTTAR PRADESH,2003,Illegitimate Pregnancy,0,0,0,0,0,0,0,9,13,2,0,24,24,0,9,13,2,0
UTTAR PRADESH,2003,Love Affairs,4,73,19,3,1,100,4,47,14,0,0,65,165,8,120,33,3,1
UTTAR PRADESH,2003,"Physical Abuse (Rape,Incest Etc.)",0,7,1,0,0,8,1,4,0,0,1,6,14,1,11,1,0,1
UTTAR PRADESH,2003,Poverty,2,11,19,14,1,47,3,4,4,8,2,21,68,5,15,23,22,3
UTTAR PRADESH,2003,Professional/Career Problem,0,8,12,5,4,29,0,0,0,0,0,0,29,0,8,12,5,4
UTTAR PRADESH,2003,Property Dispute,1,19,25,13,1,59,0,3,7,8,2,20,79,1,22,32,21,3
UTTAR PRADESH,2003,Unemployment,0,71,39,18,2,130,0,1,3,9,0,13,143,0,72,42,27,2
UTTAR PRADESH,2003,Causes Not known,32,177,157,91,54,511,27,124,106,85,41,383,894,59,301,263,176,95
UTTAR PRADESH,2003,Other Causes,9,27,49,23,7,115,5,63,24,17,6,115,230,14,90,73,40,13
UTTAR PRADESH,2003,Total,82,763,622,363,157,1987,74,852,430,223,97,1676,3663,156,1615,1052,586,254
UTTAR PRADESH,2003,Total Illness,7,52,85,96,51,291,5,35,35,37,29,141,432,12,87,120,133,80
UTTAR PRADESH,2004,Bankruptcy,1,11,16,11,3,42,2,2,7,6,0,17,59,3,13,23,17,3
UTTAR PRADESH,2004,Suspected/Illicit Relation,0,29,3,0,2,34,0,46,13,1,0,60,94,0,75,16,1,2
UTTAR PRADESH,2004,Cancellation/Non-Settlement of Marriage,0,3,3,1,0,7,0,8,5,0,0,13,20,0,11,8,1,0
UTTAR PRADESH,2004,Infertility,1,0,4,1,0,6,0,6,17,7,0,30,36,1,6,21,8,0
UTTAR PRADESH,2004,Illness (Aids/STD),1,1,6,3,0,11,0,2,3,1,1,7,18,1,3,9,4,1
UTTAR PRADESH,2004,Cancer,0,6,9,7,5,27,0,1,0,2,0,3,30,0,7,9,9,5
UTTAR PRADESH,2004,Paralysis,0,0,2,4,0,6,0,1,1,0,0,2,8,0,1,3,4,0
UTTAR PRADESH,2004,Insanity/Mental Illness,2,20,16,8,9,55,3,20,6,5,1,35,90,5,40,22,13,10
UTTAR PRADESH,2004,Other Prolonged Illness,7,24,59,60,25,175,1,18,19,22,13,73,248,8,42,78,82,38
UTTAR PRADESH,2004,Death of Dear Person,0,1,0,1,2,4,1,3,1,0,0,5,9,1,4,1,1,2
UTTAR PRADESH,2004,Dowry Dispute,0,7,0,2,0,9,0,278,46,5,0,329,338,0,285,46,7,0
UTTAR PRADESH,2004,Divorce,0,1,1,1,0,3,0,3,6,0,0,9,12,0,4,7,1,0
UTTAR PRADESH,2004,Drug Abuse/Addiction,2,23,40,26,3,94,0,0,0,0,0,0,94,2,23,40,26,3
UTTAR PRADESH,2004,Failure in Examination,0,80,19,7,2,108,3,31,1,0,0,35,143,3,111,20,7,2
UTTAR PRADESH,2004,Fall in Social Reputation,0,10,1,3,3,17,2,8,10,2,1,23,40,2,18,11,5,4
UTTAR PRADESH,2004,Family Problems,26,115,108,46,12,307,9,160,100,46,8,323,630,35,275,208,92,20
UTTAR PRADESH,2004,Ideological Causes/Hero Worshipping,0,0,1,0,0,1,0,6,2,0,0,8,9,0,6,3,0,0
UTTAR PRADESH,2004,Illegitimate Pregnancy,0,0,0,0,0,0,0,8,2,1,0,11,11,0,8,2,1,0
UTTAR PRADESH,2004,Love Affairs,0,46,25,4,0,75,0,50,21,4,0,75,150,0,96,46,8,0
UTTAR PRADESH,2004,"Physical Abuse (Rape,Incest Etc.)",0,2,2,2,0,6,0,5,4,1,0,10,16,0,7,6,3,0
UTTAR PRADESH,2004,Poverty,0,10,23,9,0,42,0,3,9,11,0,23,65,0,13,32,20,0
UTTAR PRADESH,2004,Professional/Career Problem,0,9,10,6,3,28,0,0,1,1,0,2,30,0,9,11,7,3
UTTAR PRADESH,2004,Property Dispute,0,7,15,9,1,32,0,6,4,4,1,15,47,0,13,19,13,2
UTTAR PRADESH,2004,Unemployment,0,30,31,4,1,66,0,3,10,3,0,16,82,0,33,41,7,1
UTTAR PRADESH,2004,Causes Not known,39,207,204,101,45,596,34,154,120,45,25,378,974,73,361,324,146,70
UTTAR PRADESH,2004,Other Causes,6,95,49,39,14,203,12,100,38,17,14,181,384,18,195,87,56,28
UTTAR PRADESH,2004,Total,85,737,647,355,130,1954,67,922,446,184,64,1683,3637,152,1659,1093,539,194
UTTAR PRADESH,2004,Total Illness,10,51,92,82,39,274,4,42,29,30,15,120,394,14,93,121,112,54
UTTAR PRADESH,2005,Bankruptcy,0,6,9,14,10,39,0,3,11,3,0,17,56,0,9,20,17,10
UTTAR PRADESH,2005,Suspected/Illicit Relation,1,32,14,5,2,54,3,45,16,7,0,71,125,4,77,30,12,2
UTTAR PRADESH,2005,Cancellation/Non-Settlement of Marriage,0,16,10,2,0,28,0,22,2,1,0,25,53,0,38,12,3,0
UTTAR PRADESH,2005,Infertility,0,5,9,0,0,14,0,14,27,4,0,45,59,0,19,36,4,0
UTTAR PRADESH,2005,Illness (Aids/STD),0,0,1,4,0,5,0,2,2,1,0,5,10,0,2,3,5,0
UTTAR PRADESH,2005,Cancer,0,1,5,8,6,20,0,2,0,3,1,6,26,0,3,5,11,7
UTTAR PRADESH,2005,Paralysis,1,0,0,8,1,10,2,0,0,0,0,2,12,3,0,0,8,1
UTTAR PRADESH,2005,Insanity/Mental Illness,1,17,32,18,3,71,2,3,8,5,5,23,94,3,20,40,23,8
UTTAR PRADESH,2005,Other Prolonged Illness,0,22,38,51,40,151,2,22,47,38,31,140,291,2,44,85,89,71
UTTAR PRADESH,2005,Death of Dear Person,1,2,4,0,1,8,0,1,2,0,0,3,11,1,3,6,0,1
UTTAR PRADESH,2005,Dowry Dispute,2,4,5,0,0,11,0,208,58,7,0,273,284,2,212,63,7,0
UTTAR PRADESH,2005,Divorce,0,1,5,0,2,8,0,5,5,0,0,10,18,0,6,10,0,2
UTTAR PRADESH,2005,Drug Abuse/Addiction,0,19,31,31,10,91,0,0,0,0,0,0,91,0,19,31,31,10
UTTAR PRADESH,2005,Failure in Examination,3,51,9,0,0,63,5,20,5,0,0,30,93,8,71,14,0,0
UTTAR PRADESH,2005,Fall in Social Reputation,0,4,6,8,2,20,0,12,4,1,0,17,37,0,16,10,9,2
UTTAR PRADESH,2005,Family Problems,10,97,91,33,12,243,13,118,91,48,10,280,523,23,215,182,81,22
UTTAR PRADESH,2005,Ideological Causes/Hero Worshipping,2,0,0,0,0,2,0,0,0,0,0,0,2,2,0,0,0,0
UTTAR PRADESH,2005,Illegitimate Pregnancy,0,2,0,0,0,2,0,6,4,0,0,10,12,0,8,4,0,0
UTTAR PRADESH,2005,Love Affairs,2,47,13,4,0,66,2,51,16,1,0,70,136,4,98,29,5,0
UTTAR PRADESH,2005,"Physical Abuse (Rape,Incest Etc.)",0,2,0,0,0,2,1,11,4,1,0,17,19,1,13,4,1,0
UTTAR PRADESH,2005,Poverty,0,6,14,6,3,29,0,5,4,3,0,12,41,0,11,18,9,3
UTTAR PRADESH,2005,Professional/Career Problem,0,4,10,7,2,23,0,1,1,1,0,3,26,0,5,11,8,2
UTTAR PRADESH,2005,Property Dispute,0,3,13,8,1,25,0,9,9,4,0,22,47,0,12,22,12,1
UTTAR PRADESH,2005,Unemployment,0,24,43,14,2,83,0,6,8,5,1,20,103,0,30,51,19,3
UTTAR PRADESH,2005,Causes Not known,27,166,189,118,61,561,19,261,116,53,10,459,1020,46,427,305,171,71
UTTAR PRADESH,2005,Other Causes,8,36,62,30,7,143,10,37,33,22,15,117,260,18,73,95,52,22
UTTAR PRADESH,2005,Total,58,567,613,369,165,1772,59,864,473,208,73,1677,3449,117,1431,1086,577,238
UTTAR PRADESH,2005,Total Illness,2,40,76,89,50,257,6,29,57,47,37,176,433,8,69,133,136,87
UTTAR PRADESH,2006,Bankruptcy,0,8,21,14,4,47,0,7,8,4,0,19,66,0,15,29,18,4
UTTAR PRADESH,2006,Suspected/Illicit Relation,0,29,10,2,1,42,1,40,18,4,0,63,105,1,69,28,6,1
UTTAR PRADESH,2006,Cancellation/Non-Settlement of Marriage,0,7,6,0,0,13,0,21,4,0,1,26,39,0,28,10,0,1
UTTAR PRADESH,2006,Infertility,0,4,5,7,1,17,0,17,22,2,0,41,58,0,21,27,9,1
UTTAR PRADESH,2006,Illness (Aids/STD),0,4,5,1,0,10,0,10,6,0,3,19,29,0,14,11,1,3
UTTAR PRADESH,2006,Cancer,0,0,13,11,7,31,0,3,4,4,2,13,44,0,3,17,15,9
UTTAR PRADESH,2006,Paralysis,2,3,2,1,1,9,2,1,0,0,1,4,13,4,4,2,1,2
UTTAR PRADESH,2006,Insanity/Mental Illness,1,24,36,22,7,90,0,14,12,0,4,30,120,1,38,48,22,11
UTTAR PRADESH,2006,Other Prolonged Illness,1,18,37,36,27,119,2,9,24,21,23,79,198,3,27,61,57,50
UTTAR PRADESH,2006,Death of Dear Person,0,0,0,0,0,0,0,0,2,2,0,4,4,0,0,2,2,0
UTTAR PRADESH,2006,Dowry Dispute,0,0,2,0,0,2,0,249,64,1,0,314,316,0,249,66,1,0
UTTAR PRADESH,2006,Divorce,0,1,4,0,0,5,0,10,3,0,0,13,18,0,11,7,0,0
UTTAR PRADESH,2006,Drug Abuse/Addiction,0,20,42,20,5,87,0,1,1,0,0,2,89,0,21,43,20,5
UTTAR PRADESH,2006,Failure in Examination,9,69,0,0,0,78,0,43,0,0,0,43,121,9,112,0,0,0
UTTAR PRADESH,2006,Fall in Social Reputation,0,4,2,6,2,14,0,6,5,0,1,12,26,0,10,7,6,3
UTTAR PRADESH,2006,Family Problems,5,118,102,38,20,283,9,86,63,21,5,184,467,14,204,165,59,25
UTTAR PRADESH,2006,Ideological Causes/Hero Worshipping,0,1,0,0,0,1,0,4,3,1,0,8,9,0,5,3,1,0
UTTAR PRADESH,2006,Illegitimate Pregnancy,0,0,0,0,0,0,0,9,1,0,0,10,10,0,9,1,0,0
UTTAR PRADESH,2006,Love Affairs,0,53,11,0,0,64,0,52,11,3,0,66,130,0,105,22,3,0
UTTAR PRADESH,2006,"Physical Abuse (Rape,Incest Etc.)",0,0,0,0,0,0,4,3,5,0,0,12,12,4,3,5,0,0
UTTAR PRADESH,2006,Poverty,0,1,12,13,4,30,4,1,6,3,0,14,44,4,2,18,16,4
UTTAR PRADESH,2006,Professional/Career Problem,0,4,6,4,2,16,0,1,0,0,1,2,18,0,5,6,4,3
UTTAR PRADESH,2006,Property Dispute,0,0,10,5,0,15,0,1,6,5,1,13,28,0,1,16,10,1
UTTAR PRADESH,2006,Unemployment,0,28,29,1,1,59,0,0,4,2,0,6,65,0,28,33,3,1
UTTAR PRADESH,2006,Causes Not known,40,170,168,62,26,466,24,91,52,24,17,208,674,64,261,220,86,43
UTTAR PRADESH,2006,Other Causes,7,63,150,33,10,263,8,58,38,23,6,133,396,15,121,188,56,16
UTTAR PRADESH,2006,Total,65,629,673,276,118,1761,54,737,362,120,65,1338,3099,119,1366,1035,396,183
UTTAR PRADESH,2006,Total Illness,4,49,93,71,42,259,4,37,46,25,33,145,404,8,86,139,96,75
UTTAR PRADESH,2007,Bankruptcy,0,7,5,6,2,20,0,11,3,0,1,15,35,0,18,8,6,3
UTTAR PRADESH,2007,Suspected/Illicit Relation,0,28,14,4,0,46,2,44,28,1,0,75,121,2,72,42,5,0
UTTAR PRADESH,2007,Cancellation/Non-Settlement of Marriage,0,10,7,1,0,18,0,10,8,0,0,18,36,0,20,15,1,0
UTTAR PRADESH,2007,Infertility,0,6,6,0,0,12,0,9,26,6,0,41,53,0,15,32,6,0
UTTAR PRADESH,2007,Illness (Aids/STD),0,7,10,4,3,24,0,2,3,0,0,5,29,0,9,13,4,3
UTTAR PRADESH,2007,Cancer,0,0,10,13,5,28,0,2,2,3,2,9,37,0,2,12,16,7
UTTAR PRADESH,2007,Paralysis,0,2,2,0,0,4,0,2,0,1,0,3,7,0,4,2,1,0
UTTAR PRADESH,2007,Insanity/Mental Illness,2,23,27,26,19,97,1,10,11,12,9,43,140,3,33,38,38,28
UTTAR PRADESH,2007,Other Prolonged Illness,2,30,62,69,70,233,0,23,36,32,34,125,358,2,53,98,101,104
UTTAR PRADESH,2007,Death of Dear Person,0,0,1,2,1,4,0,1,5,4,0,10,14,0,1,6,6,1
UTTAR PRADESH,2007,Dowry Dispute,0,0,4,0,0,4,12,284,76,2,0,374,378,12,284,80,2,0
UTTAR PRADESH,2007,Divorce,0,7,1,1,1,10,0,6,3,2,0,11,21,0,13,4,3,1
UTTAR PRADESH,2007,Drug Abuse/Addiction,1,16,50,39,11,117,0,0,0,0,0,0,117,1,16,50,39,11
UTTAR PRADESH,2007,Failure in Examination,3,72,10,1,0,86,3,44,1,0,0,48,134,6,116,11,1,0
UTTAR PRADESH,2007,Fall in Social Reputation,0,10,13,1,1,25,0,10,4,4,1,19,44,0,20,17,5,2
UTTAR PRADESH,2007,Family Problems,3,151,134,55,11,354,5,139,77,19,11,251,605,8,290,211,74,22
UTTAR PRADESH,2007,Ideological Causes/Hero Worshipping,0,1,0,0,1,2,0,0,0,0,0,0,2,0,1,0,0,1
UTTAR PRADESH,2007,Illegitimate Pregnancy,0,0,0,0,0,0,0,10,2,0,0,12,12,0,10,2,0,0
UTTAR PRADESH,2007,Love Affairs,1,56,21,2,0,80,4,79,17,2,0,102,182,5,135,38,4,0
UTTAR PRADESH,2007,"Physical Abuse (Rape,Incest Etc.)",0,1,0,1,0,2,0,4,1,0,0,5,7,0,5,1,1,0
UTTAR PRADESH,2007,Poverty,0,5,15,19,5,44,4,11,9,1,2,27,71,4,16,24,20,7
UTTAR PRADESH,2007,Professional/Career Problem,0,2,12,7,0,21,0,1,0,0,0,1,22,0,3,12,7,0
UTTAR PRADESH,2007,Property Dispute,0,4,17,13,1,35,0,6,10,3,0,19,54,0,10,27,16,1
UTTAR PRADESH,2007,Unemployment,1,9,15,8,1,34,0,1,0,0,0,1,35,1,10,15,8,1
UTTAR PRADESH,2007,Causes Not known,30,184,117,144,60,535,27,186,169,45,33,460,995,57,370,286,189,93
UTTAR PRADESH,2007,Other Causes,7,64,75,49,24,219,11,95,66,19,8,199,418,18,159,141,68,32
UTTAR PRADESH,2007,Total,50,695,628,465,216,2054,69,990,557,156,101,1873,3927,119,1685,1185,621,317
UTTAR PRADESH,2007,Total Illness,4,62,111,112,97,386,1,39,52,48,45,185,571,5,101,163,160,142
UTTAR PRADESH,2008,Bankruptcy,0,6,9,5,4,24,1,1,2,0,0,4,28,1,7,11,5,4
UTTAR PRADESH,2008,Suspected/Illicit Relation,0,26,16,1,0,43,0,33,21,1,0,55,98,0,59,37,2,0
UTTAR PRADESH,2008,Cancellation/Non-Settlement of Marriage,0,12,11,1,0,24,0,13,5,0,0,18,42,0,25,16,1,0
UTTAR PRADESH,2008,Infertility,0,3,2,1,0,6,0,10,22,1,0,33,39,0,13,24,2,0
UTTAR PRADESH,2008,Illness (Aids/STD),0,0,12,9,3,24,0,2,7,0,0,9,33,0,2,19,9,3
UTTAR PRADESH,2008,Cancer,0,2,15,11,3,31,1,2,2,6,3,14,45,1,4,17,17,6
UTTAR PRADESH,2008,Paralysis,0,0,4,0,1,5,0,0,4,0,0,4,9,0,0,8,0,1
UTTAR PRADESH,2008,Insanity/Mental Illness,5,24,56,20,10,115,2,24,18,9,9,62,177,7,48,74,29,19
UTTAR PRADESH,2008,Other Prolonged Illness,2,29,56,50,36,173,0,27,41,20,30,118,291,2,56,97,70,66
UTTAR PRADESH,2008,Death of Dear Person,0,1,2,0,1,4,0,2,1,1,0,4,8,0,3,3,1,1
UTTAR PRADESH,2008,Dowry Dispute,0,6,8,0,1,15,6,288,102,1,0,397,412,6,294,110,1,1
UTTAR PRADESH,2008,Divorce,0,1,0,1,0,2,0,12,6,3,0,21,23,0,13,6,4,0
UTTAR PRADESH,2008,Drug Abuse/Addiction,0,28,60,27,23,138,0,0,0,0,0,0,138,0,28,60,27,23
UTTAR PRADESH,2008,Failure in Examination,7,68,8,0,0,83,4,43,0,0,0,47,130,11,111,8,0,0
UTTAR PRADESH,2008,Fall in Social Reputation,0,23,15,3,1,42,0,10,3,0,0,13,55,0,33,18,3,1
UTTAR PRADESH,2008,Family Problems,5,144,204,79,20,452,18,170,107,43,10,348,800,23,314,311,122,30
UTTAR PRADESH,2008,Ideological Causes/Hero Worshipping,0,0,0,0,1,1,0,0,0,0,0,0,1,0,0,0,0,1
UTTAR PRADESH,2008,Illegitimate Pregnancy,0,0,0,0,0,0,0,11,4,0,0,15,15,0,11,4,0,0
UTTAR PRADESH,2008,Love Affairs,2,49,17,3,0,71,1,55,15,2,0,73,144,3,104,32,5,0
UTTAR PRADESH,2008,"Physical Abuse (Rape,Incest Etc.)",0,1,1,0,0,2,0,4,5,0,0,9,11,0,5,6,0,0
UTTAR PRADESH,2008,Poverty,0,14,9,10,5,38,0,4,3,5,2,14,52,0,18,12,15,7
UTTAR PRADESH,2008,Professional/Career Problem,0,0,1,0,0,1,0,0,0,0,0,0,1,0,0,1,0,0
UTTAR PRADESH,2008,Property Dispute,0,4,18,12,1,35,0,3,4,2,0,9,44,0,7,22,14,1
UTTAR PRADESH,2008,Unemployment,0,19,25,4,0,48,0,3,4,0,0,7,55,0,22,29,4,0
UTTAR PRADESH,2008,Causes Not known,34,213,100,113,49,509,30,256,111,43,30,470,979,64,469,211,156,79
UTTAR PRADESH,2008,Other Causes,5,95,109,69,15,293,6,110,32,14,3,165,458,11,205,141,83,18
UTTAR PRADESH,2008,Total,60,768,758,419,174,2179,69,1083,519,151,87,1909,4088,129,1851,1277,570,261
UTTAR PRADESH,2008,Total Illness,7,55,143,90,53,348,3,55,72,35,42,207,555,10,110,215,125,95
UTTAR PRADESH,2009,Bankruptcy,0,6,8,5,1,20,0,3,5,1,0,9,29,0,9,13,6,1
UTTAR PRADESH,2009,Suspected/Illicit Relation,2,24,11,5,0,42,3,25,12,0,0,40,82,5,49,23,5,0
UTTAR PRADESH,2009,Cancellation/Non-Settlement of Marriage,0,26,9,0,0,35,0,25,11,0,0,36,71,0,51,20,0,0
UTTAR PRADESH,2009,Infertility,0,3,8,3,0,14,1,20,20,3,0,44,58,1,23,28,6,0
UTTAR PRADESH,2009,Illness (Aids/STD),0,1,2,0,0,3,0,4,1,0,0,5,8,0,5,3,0,0
UTTAR PRADESH,2009,Cancer,0,1,4,6,0,11,0,3,4,3,0,10,21,0,4,8,9,0
UTTAR PRADESH,2009,Paralysis,0,0,4,4,0,8,0,2,2,0,1,5,13,0,2,6,4,1
UTTAR PRADESH,2009,Insanity/Mental Illness,1,21,47,13,8,90,0,13,26,5,6,50,140,1,34,73,18,14
UTTAR PRADESH,2009,Other Prolonged Illness,4,31,80,72,54,241,4,51,38,15,27,135,376,8,82,118,87,81
UTTAR PRADESH,2009,Death of Dear Person,0,2,0,2,3,7,0,6,3,1,1,11,18,0,8,3,3,4
UTTAR PRADESH,2009,Dowry Dispute,1,7,3,0,0,11,0,323,102,1,1,427,438,1,330,105,1,1
UTTAR PRADESH,2009,Divorce,0,3,0,1,0,4,0,6,3,2,0,11,15,0,9,3,3,0
UTTAR PRADESH,2009,Drug Abuse/Addiction,0,18,44,23,8,93,0,1,3,2,2,8,101,0,19,47,25,10
UTTAR PRADESH,2009,Failure in Examination,4,45,2,0,0,51,10,27,4,0,0,41,92,14,72,6,0,0
UTTAR PRADESH,2009,Fall in Social Reputation,0,29,30,6,0,65,1,8,3,1,0,13,78,1,37,33,7,0
UTTAR PRADESH,2009,Family Problems,2,130,150,61,17,360,9,141,107,45,11,313,673,11,271,257,106,28
UTTAR PRADESH,2009,Ideological Causes/Hero Worshipping,0,0,0,0,0,0,0,0,0,0,0,0,0,0,0,0,0,0
UTTAR PRADESH,2009,Illegitimate Pregnancy,0,0,0,0,0,0,0,9,5,1,0,15,15,0,9,5,1,0
UTTAR PRADESH,2009,Love Affairs,0,104,23,1,0,128,5,80,12,1,0,98,226,5,184,35,2,0
UTTAR PRADESH,2009,"Physical Abuse (Rape,Incest Etc.)",0,13,4,1,1,19,1,5,1,4,2,13,32,1,18,5,5,3
UTTAR PRADESH,2009,Poverty,0,3,14,6,1,24,0,3,2,2,0,7,31,0,6,16,8,1
UTTAR PRADESH,2009,Professional/Career Problem,0,13,9,7,1,30,0,0,3,0,0,3,33,0,13,12,7,1
UTTAR PRADESH,2009,Property Dispute,0,8,13,24,4,49,0,2,3,1,2,8,57,0,10,16,25,6
UTTAR PRADESH,2009,Unemployment,3,24,24,4,0,55,0,2,3,2,0,7,62,3,26,27,6,0
UTTAR PRADESH,2009,Causes Not known,26,243,241,156,68,734,24,256,124,56,37,497,1231,50,499,365,212,105
UTTAR PRADESH,2009,Other Causes,8,81,35,18,3,145,4,54,34,15,6,113,258,12,135,69,33,9
UTTAR PRADESH,2009,Total,51,836,765,418,169,2239,62,1069,531,161,96,1919,4158,113,1905,1296,579,265
UTTAR PRADESH,2009,Total Illness,5,54,137,95,62,353,4,73,71,23,34,205,558,9,127,208,118,96
UTTAR PRADESH,2010,Bankruptcy,0,5,9,2,1,17,0,0,1,1,0,2,19,0,5,10,3,1
UTTAR PRADESH,2010,Suspected/Illicit Relation,1,35,11,3,0,50,4,47,9,3,0,63,113,5,82,20,6,0
UTTAR PRADESH,2010,Cancellation/Non-Settlement of Marriage,0,23,12,1,0,36,0,14,3,0,0,17,53,0,37,15,1,0
UTTAR PRADESH,2010,Infertility,0,5,9,1,0,15,0,14,14,2,0,30,45,0,19,23,3,0
UTTAR PRADESH,2010,Illness (Aids/STD),0,0,1,0,0,1,0,0,0,0,0,0,1,0,0,1,0,0
UTTAR PRADESH,2010,Cancer,0,1,7,3,5,16,0,2,2,0,1,5,21,0,3,9,3,6
UTTAR PRADESH,2010,Paralysis,0,0,0,0,0,0,0,2,0,0,0,2,2,0,2,0,0,0
UTTAR PRADESH,2010,Insanity/Mental Illness,5,27,52,39,24,147,1,14,20,13,20,68,215,6,41,72,52,44
UTTAR PRADESH,2010,Other Prolonged Illness,0,16,39,57,36,148,1,15,26,30,20,92,240,1,31,65,87,56
UTTAR PRADESH,2010,Death of Dear Person,0,0,0,1,0,1,0,1,0,0,0,1,2,0,1,0,1,0
UTTAR PRADESH,2010,Dowry Dispute,0,4,5,0,0,9,1,391,127,4,0,523,532,1,395,132,4,0
UTTAR PRADESH,2010,Divorce,0,1,1,0,1,3,0,5,4,0,0,9,12,0,6,5,0,1
UTTAR PRADESH,2010,Drug Abuse/Addiction,0,18,37,24,7,86,0,1,0,0,0,1,87,0,19,37,24,7
UTTAR PRADESH,2010,Failure in Examination,3,57,5,0,0,65,5,34,3,0,0,42,107,8,91,8,0,0
UTTAR PRADESH,2010,Fall in Social Reputation,0,22,6,4,0,32,0,6,19,2,0,27,59,0,28,25,6,0
UTTAR PRADESH,2010,Family Problems,5,104,149,100,25,383,7,132,121,42,15,317,700,12,236,270,142,40
UTTAR PRADESH,2010,Ideological Causes/Hero Worshipping,0,2,2,0,0,4,0,0,0,0,0,0,4,0,2,2,0,0
UTTAR PRADESH,2010,Illegitimate Pregnancy,0,0,0,0,0,0,2,11,7,0,0,20,20,2,11,7,0,0
UTTAR PRADESH,2010,Love Affairs,2,82,22,6,0,112,4,84,14,2,0,104,216,6,166,36,8,0
UTTAR PRADESH,2010,"Physical Abuse (Rape,Incest Etc.)",0,0,1,0,1,2,1,2,2,0,0,5,7,1,2,3,0,1
UTTAR PRADESH,2010,Poverty,0,12,14,5,3,34,0,1,3,5,2,11,45,0,13,17,10,5
UTTAR PRADESH,2010,Professional/Career Problem,0,2,4,1,0,7,0,0,1,0,0,1,8,0,2,5,1,0
UTTAR PRADESH,2010,Property Dispute,1,9,12,3,1,26,1,7,1,2,1,12,38,2,16,13,5,2
UTTAR PRADESH,2010,Unemployment,0,13,13,5,0,31,0,1,0,0,0,1,32,0,14,13,5,0
UTTAR PRADESH,2010,Causes Not known,23,185,128,56,32,424,28,202,107,54,14,405,829,51,387,235,110,46
UTTAR PRADESH,2010,Other Causes,6,49,41,36,6,138,3,41,21,12,6,83,221,9,90,62,48,12
UTTAR PRADESH,2010,Total,46,672,580,347,142,1787,58,1027,505,172,79,1841,3628,104,1699,1085,519,221
UTTAR PRADESH,2010,Total Illness,5,44,99,99,65,312,2,33,48,43,41,167,479,7,77,147,142,106
UTTAR PRADESH,2011,Bankruptcy,0,5,3,7,2,17,0,2,0,0,0,2,19,0,7,3,7,2
UTTAR PRADESH,2011,Suspected/Illicit Relation,0,32,13,7,0,52,4,38,10,0,2,54,106,4,70,23,7,2
UTTAR PRADESH,2011,Cancellation/Non-Settlement of Marriage,0,30,3,1,0,34,0,34,4,1,0,39,73,0,64,7,2,0
UTTAR PRADESH,2011,Infertility,0,5,6,0,0,11,0,16,24,2,0,42,53,0,21,30,2,0
UTTAR PRADESH,2011,Illness (Aids/STD),0,1,3,7,5,16,0,1,0,0,2,3,19,0,2,3,7,7
UTTAR PRADESH,2011,Cancer,0,1,5,6,0,12,0,1,1,1,2,5,17,0,2,6,7,2
UTTAR PRADESH,2011,Paralysis,0,1,0,0,0,1,0,0,0,0,0,0,1,0,1,0,0,0
UTTAR PRADESH,2011,Insanity/Mental Illness,4,35,58,42,12,151,1,23,35,15,7,81,232,5,58,93,57,19
UTTAR PRADESH,2011,Other Prolonged Illness,1,29,45,61,27,163,2,22,26,24,15,89,252,3,51,71,85,42
UTTAR PRADESH,2011,Death of Dear Person,0,1,0,3,0,4,0,4,1,0,0,5,9,0,5,1,3,0
UTTAR PRADESH,2011,Dowry Dispute,0,12,13,5,0,30,1,316,91,1,0,409,439,1,328,104,6,0
UTTAR PRADESH,2011,Divorce,1,2,0,0,0,3,0,11,8,0,0,19,22,1,13,8,0,0
UTTAR PRADESH,2011,Drug Abuse/Addiction,0,33,57,27,2,119,0,0,1,0,0,1,120,0,33,58,27,2
UTTAR PRADESH,2011,Failure in Examination,1,56,0,1,0,58,2,28,1,0,0,31,89,3,84,1,1,0
UTTAR PRADESH,2011,Fall in Social Reputation,0,9,2,6,1,18,0,11,5,0,0,16,34,0,20,7,6,1
UTTAR PRADESH,2011,Family Problems,5,257,322,124,48,756,3,321,185,73,33,615,1371,8,578,507,197,81
UTTAR PRADESH,2011,Ideological Causes/Hero Worshipping,0,0,0,0,0,0,0,1,0,0,0,1,1,0,1,0,0,0
UTTAR PRADESH,2011,Illegitimate Pregnancy,0,0,0,0,0,0,0,6,1,1,0,8,8,0,6,1,1,0
UTTAR PRADESH,2011,Love Affairs,0,92,54,0,0,146,5,109,43,9,0,166,312,5,201,97,9,0
UTTAR PRADESH,2011,"Physical Abuse (Rape,Incest Etc.)",0,3,1,1,0,5,1,5,1,0,0,7,12,1,8,2,1,0
UTTAR PRADESH,2011,Poverty,0,0,13,2,4,19,1,0,7,3,0,11,30,1,0,20,5,4
UTTAR PRADESH,2011,Professional/Career Problem,0,3,20,8,5,36,0,0,0,1,2,3,39,0,3,20,9,7
UTTAR PRADESH,2011,Property Dispute,0,17,28,4,2,51,0,7,7,7,0,21,72,0,24,35,11,2
UTTAR PRADESH,2011,Unemployment,0,28,33,11,0,72,2,4,5,1,0,12,84,2,32,38,12,0
UTTAR PRADESH,2011,Causes Not known,14,180,194,146,66,600,31,133,87,39,19,309,909,45,313,281,185,85
UTTAR PRADESH,2011,Other Causes,19,135,124,49,12,339,6,77,73,23,2,181,520,25,212,197,72,14
UTTAR PRADESH,2011,Total,45,967,997,518,186,2713,59,1170,616,201,84,2130,4843,104,2137,1613,719,270
UTTAR PRADESH,2011,Total Illness,5,67,111,116,44,343,3,47,62,40,26,178,521,8,114,173,156,70
UTTAR PRADESH,2012,Bankruptcy,0,5,3,3,0,11,0,3,1,2,0,6,17,0,8,4,5,0
UTTAR PRADESH,2012,Suspected/Illicit Relation,0,18,6,2,0,26,1,28,14,0,0,43,69,1,46,20,2,0
UTTAR PRADESH,2012,Cancellation/Non-Settlement of Marriage,0,7,7,5,5,24,0,12,14,1,0,27,51,0,19,21,6,5
UTTAR PRADESH,2012,Infertility,0,0,0,0,1,1,0,6,20,7,0,33,34,0,6,20,7,1
UTTAR PRADESH,2012,Illness (Aids/STD),0,1,3,62,3,69,0,3,0,1,1,5,74,0,4,3,63,4
UTTAR PRADESH,2012,Cancer,0,1,2,6,1,10,0,0,0,1,0,1,11,0,1,2,7,1
UTTAR PRADESH,2012,Paralysis,0,2,0,0,1,3,0,0,0,1,0,1,4,0,2,0,1,1
UTTAR PRADESH,2012,Insanity/Mental Illness,0,35,51,36,14,136,0,23,31,15,11,80,216,0,58,82,51,25
UTTAR PRADESH,2012,Other Prolonged Illness,1,21,54,50,22,148,1,17,23,19,27,87,235,2,38,77,69,49
UTTAR PRADESH,2012,Death of Dear Person,0,5,2,0,0,7,0,10,3,3,0,16,23,0,15,5,3,0
UTTAR PRADESH,2012,Dowry Dispute,1,14,6,1,0,22,0,285,110,5,0,400,422,1,299,116,6,0
UTTAR PRADESH,2012,Divorce,0,1,2,0,0,3,0,11,5,0,0,16,19,0,12,7,0,0
UTTAR PRADESH,2012,Drug Abuse/Addiction,1,23,61,34,4,123,0,0,1,0,0,1,124,1,23,62,34,4
UTTAR PRADESH,2012,Failure in Examination,10,111,1,0,0,122,1,120,0,0,0,121,243,11,231,1,0,0
UTTAR PRADESH,2012,Fall in Social Reputation,0,47,16,22,1,86,0,10,11,13,0,34,120,0,57,27,35,1
UTTAR PRADESH,2012,Family Problems,4,208,253,152,53,670,4,220,207,47,10,488,1158,8,428,460,199,63
UTTAR PRADESH,2012,Ideological Causes/Hero Worshipping,0,2,0,0,0,2,0,1,2,3,0,6,8,0,3,2,3,0
UTTAR PRADESH,2012,Illegitimate Pregnancy,0,0,0,0,0,0,0,3,2,0,0,5,5,0,3,2,0,0
UTTAR PRADESH,2012,Love Affairs,0,88,23,0,0,111,9,80,13,1,0,103,214,9,168,36,1,0
UTTAR PRADESH,2012,"Physical Abuse (Rape,Incest Etc.)",0,6,18,15,23,62,0,9,0,9,2,20,82,0,15,18,24,25
UTTAR PRADESH,2012,Poverty,0,26,9,2,6,43,0,2,1,1,0,4,47,0,28,10,3,6
UTTAR PRADESH,2012,Professional/Career Problem,0,6,28,4,7,45,1,3,0,0,0,4,49,1,9,28,4,7
UTTAR PRADESH,2012,Property Dispute,0,6,24,23,9,62,0,2,6,11,0,19,81,0,8,30,34,9
UTTAR PRADESH,2012,Unemployment,0,22,47,3,0,72,1,0,1,3,0,5,77,1,22,48,6,0
UTTAR PRADESH,2012,Causes Not known,6,120,155,126,34,441,10,103,70,49,12,244,685,16,223,225,175,46
UTTAR PRADESH,2012,Other Causes,8,70,71,28,19,196,26,38,56,26,12,158,354,34,108,127,54,31
UTTAR PRADESH,2012,Total,31,845,842,574,203,2495,54,989,591,218,75,1927,4422,85,1834,1433,792,278
UTTAR PRADESH,2012,Total Illness,1,60,110,154,41,366,1,43,54,37,39,174,540,2,103,164,191,80
UTTARAKHAND,2001,Bankruptcy,0,1,2,0,0,3,0,0,1,1,0,2,5,0,1,3,1,0
UTTARAKHAND,2001,Suspected/Illicit Relation,0,0,0,0,0,0,0,2,0,0,0,2,2,0,2,0,0,0
UTTARAKHAND,2001,Cancellation/Non-Settlement of Marriage,0,0,0,0,0,0,0,0,0,0,0,0,0,0,0,0,0,0
UTTARAKHAND,2001,Infertility,0,0,0,0,0,0,0,0,0,0,0,0,0,0,0,0,0,0
UTTARAKHAND,2001,Illness (Aids/STD),0,0,0,0,0,0,0,0,0,0,0,0,0,0,0,0,0,0
UTTARAKHAND,2001,Cancer,0,0,0,0,0,0,0,0,0,0,0,0,0,0,0,0,0,0
UTTARAKHAND,2001,Paralysis,0,0,0,0,0,0,0,0,0,0,0,0,0,0,0,0,0,0
UTTARAKHAND,2001,Insanity/Mental Illness,0,0,3,1,0,4,0,2,1,0,1,4,8,0,2,4,1,1
UTTARAKHAND,2001,Other Prolonged Illness,0,4,1,3,0,8,2,2,3,0,1,8,16,2,6,4,3,1
UTTARAKHAND,2001,Death of Dear Person,0,0,0,0,0,0,0,0,0,0,0,0,0,0,0,0,0,0
UTTARAKHAND,2001,Dowry Dispute,0,0,0,0,0,0,0,9,4,0,0,13,13,0,9,4,0,0
UTTARAKHAND,2001,Divorce,0,0,0,0,0,0,0,0,0,0,0,0,0,0,0,0,0,0
UTTARAKHAND,2001,Drug Abuse/Addiction,0,1,4,3,0,8,0,0,0,0,0,0,8,0,1,4,3,0
UTTARAKHAND,2001,Failure in Examination,0,2,6,0,0,8,0,1,0,0,0,1,9,0,3,6,0,0
UTTARAKHAND,2001,Fall in Social Reputation,0,0,0,0,0,0,0,0,0,0,0,0,0,0,0,0,0,0
UTTARAKHAND,2001,Family Problems,0,1,5,1,0,7,0,3,4,3,0,10,17,0,4,9,4,0
UTTARAKHAND,2001,Ideological Causes/Hero Worshipping,0,7,10,6,1,24,0,17,5,2,0,24,48,0,24,15,8,1
UTTARAKHAND,2001,Illegitimate Pregnancy,0,0,0,0,0,0,0,8,7,0,0,15,15,0,8,7,0,0
UTTARAKHAND,2001,Love Affairs,0,5,1,0,0,6,0,5,0,0,0,5,11,0,10,1,0,0
UTTARAKHAND,2001,"Physical Abuse (Rape,Incest Etc.)",0,0,0,0,0,0,0,0,0,0,0,0,0,0,0,0,0,0
UTTARAKHAND,2001,Poverty,0,0,1,1,0,2,0,0,1,1,0,2,4,0,0,2,2,0
UTTARAKHAND,2001,Professional/Career Problem,0,0,0,0,0,0,0,0,0,0,0,0,0,0,0,0,0,0
UTTARAKHAND,2001,Property Dispute,0,0,1,0,1,2,0,0,0,0,0,0,2,0,0,1,0,1
UTTARAKHAND,2001,Unemployment,1,5,19,1,0,26,0,2,0,0,0,2,28,1,7,19,1,0
UTTARAKHAND,2001,Causes Not known,0,13,24,16,3,56,2,13,11,3,0,29,85,2,26,35,19,3
UTTARAKHAND,2001,Other Causes,2,2,14,10,0,28,0,8,4,0,0,12,40,2,10,18,10,0
UTTARAKHAND,2001,Total,3,41,91,42,5,182,4,72,41,10,2,129,311,7,113,132,52,7
UTTARAKHAND,2001,Total Illness,0,4,4,4,0,12,2,4,4,0,2,12,24,2,8,8,4,2
UTTARAKHAND,2002,Bankruptcy,0,15,6,3,3,27,3,5,5,1,1,15,42,3,20,11,4,4
UTTARAKHAND,2002,Suspected/Illicit Relation,0,2,0,0,0,2,0,1,1,0,0,2,4,0,3,1,0,0
UTTARAKHAND,2002,Cancellation/Non-Settlement of Marriage,0,0,0,0,0,0,0,1,0,0,0,1,1,0,1,0,0,0
UTTARAKHAND,2002,Infertility,0,0,0,0,0,0,0,0,1,0,0,1,1,0,0,1,0,0
UTTARAKHAND,2002,Illness (Aids/STD),0,0,2,2,1,5,0,0,0,0,1,1,6,0,0,2,2,2
UTTARAKHAND,2002,Cancer,0,0,0,0,0,0,0,0,0,0,0,0,0,0,0,0,0,0
UTTARAKHAND,2002,Paralysis,0,0,0,0,0,0,0,0,0,0,0,0,0,0,0,0,0,0
UTTARAKHAND,2002,Insanity/Mental Illness,0,0,3,2,0,5,1,0,1,1,0,3,8,1,0,4,3,0
UTTARAKHAND,2002,Other Prolonged Illness,1,0,3,4,4,12,0,1,2,0,0,3,15,1,1,5,4,4
UTTARAKHAND,2002,Death of Dear Person,0,0,0,0,0,0,0,0,0,0,0,0,0,0,0,0,0,0
UTTARAKHAND,2002,Dowry Dispute,0,0,0,0,0,0,0,3,0,0,0,3,3,0,3,0,0,0
UTTARAKHAND,2002,Divorce,0,0,0,0,0,0,0,0,0,0,0,0,0,0,0,0,0,0
UTTARAKHAND,2002,Drug Abuse/Addiction,0,1,0,0,0,1,0,0,0,0,0,0,1,0,1,0,0,0
UTTARAKHAND,2002,Failure in Examination,0,3,0,0,0,3,0,2,0,0,0,2,5,0,5,0,0,0
UTTARAKHAND,2002,Fall in Social Reputation,0,1,0,0,0,1,0,0,0,0,0,0,1,0,1,0,0,0
UTTARAKHAND,2002,Family Problems,4,14,13,6,3,40,0,32,21,4,1,58,98,4,46,34,10,4
UTTARAKHAND,2002,Ideological Causes/Hero Worshipping,0,1,2,0,0,3,0,2,0,0,0,2,5,0,3,2,0,0
UTTARAKHAND,2002,Illegitimate Pregnancy,0,0,0,0,0,0,0,0,0,0,0,0,0,0,0,0,0,0
UTTARAKHAND,2002,Love Affairs,0,4,0,0,0,4,2,4,0,0,0,6,10,2,8,0,0,0
UTTARAKHAND,2002,"Physical Abuse (Rape,Incest Etc.)",0,0,0,0,0,0,0,0,0,0,0,0,0,0,0,0,0,0
UTTARAKHAND,2002,Poverty,0,1,0,0,0,1,0,0,1,0,0,1,2,0,1,1,0,0
UTTARAKHAND,2002,Professional/Career Problem,0,3,1,0,0,4,0,0,0,0,0,0,4,0,3,1,0,0
UTTARAKHAND,2002,Property Dispute,0,0,1,1,0,2,0,0,0,0,0,0,2,0,0,1,1,0
UTTARAKHAND,2002,Unemployment,0,2,1,0,0,3,0,0,0,0,0,0,3,0,2,1,0,0
UTTARAKHAND,2002,Causes Not known,3,33,18,12,3,69,2,29,17,9,0,57,126,5,62,35,21,3
UTTARAKHAND,2002,Other Causes,0,9,10,2,2,23,0,0,1,0,0,1,24,0,9,11,2,2
UTTARAKHAND,2002,Total,8,89,60,32,16,205,8,80,50,15,3,156,361,16,169,110,47,19
UTTARAKHAND,2002,Total Illness,1,0,8,8,5,22,1,1,3,1,1,7,29,2,1,11,9,6
UTTARAKHAND,2003,Bankruptcy,0,3,3,3,0,9,0,1,2,0,0,3,12,0,4,5,3,0
UTTARAKHAND,2003,Suspected/Illicit Relation,0,1,0,1,0,2,0,2,0,0,0,2,4,0,3,0,1,0
UTTARAKHAND,2003,Cancellation/Non-Settlement of Marriage,0,0,0,0,0,0,0,1,0,0,0,1,1,0,1,0,0,0
UTTARAKHAND,2003,Infertility,0,0,0,0,0,0,0,0,0,0,0,0,0,0,0,0,0,0
UTTARAKHAND,2003,Illness (Aids/STD),0,0,0,0,0,0,0,0,0,0,0,0,0,0,0,0,0,0
UTTARAKHAND,2003,Cancer,0,0,1,0,0,1,0,0,0,0,0,0,1,0,0,1,0,0
UTTARAKHAND,2003,Paralysis,0,0,0,0,0,0,0,0,0,0,0,0,0,0,0,0,0,0
UTTARAKHAND,2003,Insanity/Mental Illness,0,3,8,4,0,15,0,0,1,2,0,3,18,0,3,9,6,0
UTTARAKHAND,2003,Other Prolonged Illness,0,2,2,0,2,6,0,3,0,0,1,4,10,0,5,2,0,3
UTTARAKHAND,2003,Death of Dear Person,0,0,0,0,0,0,0,0,0,0,0,0,0,0,0,0,0,0
UTTARAKHAND,2003,Dowry Dispute,0,0,0,0,0,0,0,11,3,0,0,14,14,0,11,3,0,0
UTTARAKHAND,2003,Divorce,0,0,0,0,0,0,0,0,0,0,0,0,0,0,0,0,0,0
UTTARAKHAND,2003,Drug Abuse/Addiction,0,0,1,0,1,2,0,0,0,0,0,0,2,0,0,1,0,1
UTTARAKHAND,2003,Failure in Examination,0,5,0,0,0,5,0,3,2,0,0,5,10,0,8,2,0,0
UTTARAKHAND,2003,Fall in Social Reputation,0,1,0,0,0,1,0,0,0,0,0,0,1,0,1,0,0,0
UTTARAKHAND,2003,Family Problems,0,26,30,12,2,70,2,26,14,3,1,46,116,2,52,44,15,3
UTTARAKHAND,2003,Ideological Causes/Hero Worshipping,0,1,0,0,0,1,0,1,0,0,0,1,2,0,2,0,0,0
UTTARAKHAND,2003,Illegitimate Pregnancy,0,0,0,0,0,0,0,1,0,0,0,1,1,0,1,0,0,0
UTTARAKHAND,2003,Love Affairs,0,7,2,0,0,9,0,10,0,0,0,10,19,0,17,2,0,0
UTTARAKHAND,2003,"Physical Abuse (Rape,Incest Etc.)",0,0,0,0,0,0,0,0,0,0,0,0,0,0,0,0,0,0
UTTARAKHAND,2003,Poverty,0,3,2,3,0,8,0,1,2,2,0,5,13,0,4,4,5,0
UTTARAKHAND,2003,Professional/Career Problem,0,0,1,0,0,1,0,0,0,0,0,0,1,0,0,1,0,0
UTTARAKHAND,2003,Property Dispute,0,0,0,0,0,0,0,0,0,0,0,0,0,0,0,0,0,0
UTTARAKHAND,2003,Unemployment,0,7,2,0,0,9,0,0,0,0,0,0,9,0,7,2,0,0
UTTARAKHAND,2003,Causes Not known,0,49,38,30,0,117,1,16,8,5,1,31,148,1,65,46,35,1
UTTARAKHAND,2003,Other Causes,0,3,1,2,0,6,0,1,0,2,0,3,9,0,4,1,4,0
UTTARAKHAND,2003,Total,0,111,91,55,5,262,3,77,32,14,3,129,391,3,188,123,69,8
UTTARAKHAND,2003,Total Illness,0,5,11,4,2,22,0,3,1,2,1,7,29,0,8,12,6,3
UTTARAKHAND,2004,Bankruptcy,0,4,2,3,0,9,0,0,6,0,0,6,15,0,4,8,3,0
UTTARAKHAND,2004,Suspected/Illicit Relation,0,1,0,0,0,1,0,1,0,0,0,1,2,0,2,0,0,0
UTTARAKHAND,2004,Cancellation/Non-Settlement of Marriage,0,0,0,0,0,0,0,0,0,0,0,0,0,0,0,0,0,0
UTTARAKHAND,2004,Infertility,0,0,1,0,0,1,0,1,0,1,0,2,3,0,1,1,1,0
UTTARAKHAND,2004,Illness (Aids/STD),0,0,0,0,0,0,0,0,0,0,0,0,0,0,0,0,0,0
UTTARAKHAND,2004,Cancer,0,0,0,0,0,0,0,0,0,0,0,0,0,0,0,0,0,0
UTTARAKHAND,2004,Paralysis,0,0,0,0,1,1,0,0,0,0,0,0,1,0,0,0,0,1
UTTARAKHAND,2004,Insanity/Mental Illness,2,2,5,4,2,15,0,4,1,0,0,5,20,2,6,6,4,2
UTTARAKHAND,2004,Other Prolonged Illness,0,0,2,2,0,4,0,0,1,1,0,2,6,0,0,3,3,0
UTTARAKHAND,2004,Death of Dear Person,0,0,0,0,0,0,0,0,0,0,0,0,0,0,0,0,0,0
UTTARAKHAND,2004,Dowry Dispute,0,0,0,0,0,0,0,11,1,0,0,12,12,0,11,1,0,0
UTTARAKHAND,2004,Divorce,0,0,0,0,0,0,0,0,0,0,0,0,0,0,0,0,0,0
UTTARAKHAND,2004,Drug Abuse/Addiction,0,0,1,0,1,2,0,0,0,0,0,0,2,0,0,1,0,1
UTTARAKHAND,2004,Failure in Examination,0,3,0,0,0,3,0,6,0,0,0,6,9,0,9,0,0,0
UTTARAKHAND,2004,Fall in Social Reputation,0,0,0,0,0,0,0,0,0,0,0,0,0,0,0,0,0,0
UTTARAKHAND,2004,Family Problems,2,11,14,6,1,34,1,13,5,5,0,24,58,3,24,19,11,1
UTTARAKHAND,2004,Ideological Causes/Hero Worshipping,0,0,0,0,0,0,0,1,0,0,0,1,1,0,1,0,0,0
UTTARAKHAND,2004,Illegitimate Pregnancy,0,0,0,0,0,0,0,1,0,0,0,1,1,0,1,0,0,0
UTTARAKHAND,2004,Love Affairs,0,4,0,0,0,4,0,2,0,0,0,2,6,0,6,0,0,0
UTTARAKHAND,2004,"Physical Abuse (Rape,Incest Etc.)",0,0,0,0,0,0,0,0,0,0,0,0,0,0,0,0,0,0
UTTARAKHAND,2004,Poverty,0,0,1,0,0,1,0,0,2,0,0,2,3,0,0,3,0,0
UTTARAKHAND,2004,Professional/Career Problem,0,0,0,0,0,0,0,0,0,0,0,0,0,0,0,0,0,0
UTTARAKHAND,2004,Property Dispute,0,0,0,0,0,0,0,0,0,0,0,0,0,0,0,0,0,0
UTTARAKHAND,2004,Unemployment,0,2,3,0,0,5,0,0,1,0,0,1,6,0,2,4,0,0
UTTARAKHAND,2004,Causes Not known,4,32,24,6,2,68,1,14,5,3,0,23,91,5,46,29,9,2
UTTARAKHAND,2004,Other Causes,0,0,0,0,0,0,0,1,0,0,0,1,1,0,1,0,0,0
UTTARAKHAND,2004,Total,8,59,53,21,7,148,2,55,22,10,0,89,237,10,114,75,31,7
UTTARAKHAND,2004,Total Illness,2,2,7,6,3,20,0,4,2,1,0,7,27,2,6,9,7,3
UTTARAKHAND,2005,Bankruptcy,0,3,4,1,0,8,0,0,1,0,0,1,9,0,3,5,1,0
UTTARAKHAND,2005,Suspected/Illicit Relation,0,0,0,0,0,0,0,2,1,0,0,3,3,0,2,1,0,0
UTTARAKHAND,2005,Cancellation/Non-Settlement of Marriage,0,1,0,0,0,1,0,0,0,0,0,0,1,0,1,0,0,0
UTTARAKHAND,2005,Infertility,0,0,0,0,0,0,0,0,0,0,0,0,0,0,0,0,0,0
UTTARAKHAND,2005,Illness (Aids/STD),0,0,0,0,0,0,0,0,0,0,0,0,0,0,0,0,0,0
UTTARAKHAND,2005,Cancer,0,0,0,2,1,3,0,0,0,0,0,0,3,0,0,0,2,1
UTTARAKHAND,2005,Paralysis,0,0,1,0,1,2,0,0,0,0,0,0,2,0,0,1,0,1
UTTARAKHAND,2005,Insanity/Mental Illness,0,2,5,4,1,12,0,1,2,3,0,6,18,0,3,7,7,1
UTTARAKHAND,2005,Other Prolonged Illness,0,3,1,2,2,8,0,1,1,2,0,4,12,0,4,2,4,2
UTTARAKHAND,2005,Death of Dear Person,0,0,0,0,0,0,0,0,0,0,0,0,0,0,0,0,0,0
UTTARAKHAND,2005,Dowry Dispute,0,0,0,0,0,0,0,10,0,0,0,10,10,0,10,0,0,0
UTTARAKHAND,2005,Divorce,0,0,1,0,0,1,0,0,0,0,0,0,1,0,0,1,0,0
UTTARAKHAND,2005,Drug Abuse/Addiction,0,2,8,3,0,13,0,0,0,0,0,0,13,0,2,8,3,0
UTTARAKHAND,2005,Failure in Examination,0,6,0,0,0,6,1,2,0,0,0,3,9,1,8,0,0,0
UTTARAKHAND,2005,Fall in Social Reputation,0,11,5,4,0,20,0,14,3,0,0,17,37,0,25,8,4,0
UTTARAKHAND,2005,Family Problems,0,15,14,8,4,41,1,10,11,3,0,25,66,1,25,25,11,4
UTTARAKHAND,2005,Ideological Causes/Hero Worshipping,0,0,0,0,0,0,0,0,0,0,0,0,0,0,0,0,0,0
UTTARAKHAND,2005,Illegitimate Pregnancy,0,0,0,0,0,0,0,0,0,0,0,0,0,0,0,0,0,0
UTTARAKHAND,2005,Love Affairs,0,6,0,0,0,6,0,0,0,0,0,0,6,0,6,0,0,0
UTTARAKHAND,2005,"Physical Abuse (Rape,Incest Etc.)",0,0,0,0,0,0,0,0,0,0,0,0,0,0,0,0,0,0
UTTARAKHAND,2005,Poverty,0,0,1,0,0,1,0,1,0,0,0,1,2,0,1,1,0,0
UTTARAKHAND,2005,Professional/Career Problem,0,0,0,0,0,0,0,0,0,0,0,0,0,0,0,0,0,0
UTTARAKHAND,2005,Property Dispute,0,0,0,0,0,0,0,0,0,0,0,0,0,0,0,0,0,0
UTTARAKHAND,2005,Unemployment,0,7,6,1,0,14,0,0,0,0,0,0,14,0,7,6,1,0
UTTARAKHAND,2005,Causes Not known,0,12,11,2,0,25,1,6,5,1,0,13,38,1,18,16,3,0
UTTARAKHAND,2005,Other Causes,0,8,9,2,0,19,1,7,2,0,0,10,29,1,15,11,2,0
UTTARAKHAND,2005,Total,0,76,66,29,9,180,4,54,26,9,0,93,273,4,130,92,38,9
UTTARAKHAND,2005,Total Illness,0,5,7,8,5,25,0,2,3,5,0,10,35,0,7,10,13,5
UTTARAKHAND,2006,Bankruptcy,0,1,4,6,1,12,0,1,4,1,0,6,18,0,2,8,7,1
UTTARAKHAND,2006,Suspected/Illicit Relation,0,4,2,0,0,6,0,4,2,0,0,6,12,0,8,4,0,0
UTTARAKHAND,2006,Cancellation/Non-Settlement of Marriage,0,5,2,0,0,7,0,3,1,0,0,4,11,0,8,3,0,0
UTTARAKHAND,2006,Infertility,0,0,2,1,0,3,0,3,2,0,0,5,8,0,3,4,1,0
UTTARAKHAND,2006,Illness (Aids/STD),0,0,0,0,0,0,0,0,0,0,0,0,0,0,0,0,0,0
UTTARAKHAND,2006,Cancer,0,0,0,3,2,5,0,0,0,2,1,3,8,0,0,0,5,3
UTTARAKHAND,2006,Paralysis,0,0,2,1,0,3,0,0,0,1,0,1,4,0,0,2,2,0
UTTARAKHAND,2006,Insanity/Mental Illness,0,4,3,6,3,16,0,3,4,2,1,10,26,0,7,7,8,4
UTTARAKHAND,2006,Other Prolonged Illness,0,1,5,4,2,12,0,2,4,0,0,6,18,0,3,9,4,2
UTTARAKHAND,2006,Death of Dear Person,0,0,0,0,0,0,0,0,0,1,0,1,1,0,0,0,1,0
UTTARAKHAND,2006,Dowry Dispute,0,0,0,0,0,0,0,4,5,0,0,9,9,0,4,5,0,0
UTTARAKHAND,2006,Divorce,0,0,0,0,0,0,0,0,1,0,0,1,1,0,0,1,0,0
UTTARAKHAND,2006,Drug Abuse/Addiction,0,5,4,3,0,12,0,0,0,0,0,0,12,0,5,4,3,0
UTTARAKHAND,2006,Failure in Examination,0,4,0,0,0,4,0,3,0,0,0,3,7,0,7,0,0,0
UTTARAKHAND,2006,Fall in Social Reputation,0,1,2,0,0,3,0,3,1,0,0,4,7,0,4,3,0,0
UTTARAKHAND,2006,Family Problems,0,13,19,7,3,42,1,27,20,2,0,50,92,1,40,39,9,3
UTTARAKHAND,2006,Ideological Causes/Hero Worshipping,0,0,0,0,0,0,0,0,0,0,0,0,0,0,0,0,0,0
UTTARAKHAND,2006,Illegitimate Pregnancy,0,0,0,0,0,0,0,2,0,0,0,2,2,0,2,0,0,0
UTTARAKHAND,2006,Love Affairs,0,2,1,0,0,3,0,2,1,0,0,3,6,0,4,2,0,0
UTTARAKHAND,2006,"Physical Abuse (Rape,Incest Etc.)",0,0,0,0,0,0,0,0,1,0,0,1,1,0,0,1,0,0
UTTARAKHAND,2006,Poverty,0,3,2,1,0,6,0,3,4,0,0,7,13,0,6,6,1,0
UTTARAKHAND,2006,Professional/Career Problem,0,0,1,0,0,1,0,0,0,0,0,0,1,0,0,1,0,0
UTTARAKHAND,2006,Property Dispute,0,0,0,0,0,0,0,0,0,0,0,0,0,0,0,0,0,0
UTTARAKHAND,2006,Unemployment,0,1,4,0,0,5,0,0,0,1,0,1,6,0,1,4,1,0
UTTARAKHAND,2006,Causes Not known,0,5,11,4,2,22,3,13,2,3,0,21,43,3,18,13,7,2
UTTARAKHAND,2006,Other Causes,0,2,6,3,0,11,1,4,3,0,1,9,20,1,6,9,3,1
UTTARAKHAND,2006,Total,0,51,70,39,13,173,5,77,55,13,3,153,326,5,128,125,52,16
UTTARAKHAND,2006,Total Illness,0,5,10,14,7,36,0,5,8,5,2,20,56,0,10,18,19,9
UTTARAKHAND,2007,Bankruptcy,0,0,3,2,0,5,0,1,3,1,0,5,10,0,1,6,3,0
UTTARAKHAND,2007,Suspected/Illicit Relation,0,3,1,0,0,4,0,1,1,0,0,2,6,0,4,2,0,0
UTTARAKHAND,2007,Cancellation/Non-Settlement of Marriage,0,2,2,0,0,4,0,4,2,0,0,6,10,0,6,4,0,0
UTTARAKHAND,2007,Infertility,0,0,1,0,0,1,0,3,2,0,0,5,6,0,3,3,0,0
UTTARAKHAND,2007,Illness (Aids/STD),0,0,0,0,0,0,0,0,0,0,0,0,0,0,0,0,0,0
UTTARAKHAND,2007,Cancer,0,0,0,0,0,0,0,0,0,0,0,0,0,0,0,0,0,0
UTTARAKHAND,2007,Paralysis,0,0,0,0,0,0,0,0,0,0,0,0,0,0,0,0,0,0
UTTARAKHAND,2007,Insanity/Mental Illness,0,5,8,0,0,13,0,2,3,2,1,8,21,0,7,11,2,1
UTTARAKHAND,2007,Other Prolonged Illness,1,3,2,0,0,6,2,3,0,0,0,5,11,3,6,2,0,0
UTTARAKHAND,2007,Death of Dear Person,0,0,1,0,0,1,0,1,0,0,0,1,2,0,1,1,0,0
UTTARAKHAND,2007,Dowry Dispute,0,0,0,0,0,0,0,9,1,0,0,10,10,0,9,1,0,0
UTTARAKHAND,2007,Divorce,0,0,0,0,0,0,0,0,1,0,0,1,1,0,0,1,0,0
UTTARAKHAND,2007,Drug Abuse/Addiction,0,0,8,1,0,9,0,0,0,0,0,0,9,0,0,8,1,0
UTTARAKHAND,2007,Failure in Examination,0,2,0,0,0,2,0,2,0,0,0,2,4,0,4,0,0,0
UTTARAKHAND,2007,Fall in Social Reputation,0,2,0,0,0,2,0,1,0,0,0,1,3,0,3,0,0,0
UTTARAKHAND,2007,Family Problems,0,12,9,4,0,25,0,21,12,1,1,35,60,0,33,21,5,1
UTTARAKHAND,2007,Ideological Causes/Hero Worshipping,0,0,0,0,0,0,0,0,0,0,0,0,0,0,0,0,0,0
UTTARAKHAND,2007,Illegitimate Pregnancy,0,0,0,0,0,0,0,1,0,0,0,1,1,0,1,0,0,0
UTTARAKHAND,2007,Love Affairs,0,4,2,0,0,6,0,4,0,0,0,4,10,0,8,2,0,0
UTTARAKHAND,2007,"Physical Abuse (Rape,Incest Etc.)",0,0,0,0,0,0,0,0,0,0,0,0,0,0,0,0,0,0
UTTARAKHAND,2007,Poverty,0,0,2,0,0,2,0,0,1,0,0,1,3,0,0,3,0,0
UTTARAKHAND,2007,Professional/Career Problem,0,0,2,1,0,3,0,0,0,0,0,0,3,0,0,2,1,0
UTTARAKHAND,2007,Property Dispute,0,0,0,0,0,0,0,0,0,0,0,0,0,0,0,0,0,0
UTTARAKHAND,2007,Unemployment,0,5,2,0,0,7,0,0,0,0,0,0,7,0,5,2,0,0
UTTARAKHAND,2007,Causes Not known,1,14,16,6,0,37,6,9,7,2,2,26,63,7,23,23,8,2
UTTARAKHAND,2007,Other Causes,0,1,1,0,1,3,0,1,2,2,0,5,8,0,2,3,2,1
UTTARAKHAND,2007,Total,2,53,60,14,1,130,8,63,35,8,4,118,248,10,116,95,22,5
UTTARAKHAND,2007,Total Illness,1,8,10,0,0,19,2,5,3,2,1,13,32,3,13,13,2,1
UTTARAKHAND,2008,Bankruptcy,0,0,1,1,0,2,0,0,0,0,0,0,2,0,0,1,1,0
UTTARAKHAND,2008,Suspected/Illicit Relation,0,0,1,1,0,2,0,1,0,1,0,2,4,0,1,1,2,0
UTTARAKHAND,2008,Cancellation/Non-Settlement of Marriage,0,0,0,0,0,0,0,1,0,0,0,1,1,0,1,0,0,0
UTTARAKHAND,2008,Infertility,0,0,0,0,0,0,0,0,1,0,0,1,1,0,0,1,0,0
UTTARAKHAND,2008,Illness (Aids/STD),0,0,0,0,0,0,0,0,0,0,0,0,0,0,0,0,0,0
UTTARAKHAND,2008,Cancer,0,0,0,0,0,0,0,0,0,0,0,0,0,0,0,0,0,0
UTTARAKHAND,2008,Paralysis,0,0,0,0,0,0,0,1,1,0,0,2,2,0,1,1,0,0
UTTARAKHAND,2008,Insanity/Mental Illness,0,4,4,2,0,10,0,0,0,0,0,0,10,0,4,4,2,0
UTTARAKHAND,2008,Other Prolonged Illness,0,0,0,1,0,1,0,1,0,0,0,1,2,0,1,0,1,0
UTTARAKHAND,2008,Death of Dear Person,0,0,0,1,0,1,0,0,0,0,0,0,1,0,0,0,1,0
UTTARAKHAND,2008,Dowry Dispute,0,0,0,0,0,0,0,14,1,0,0,15,15,0,14,1,0,0
UTTARAKHAND,2008,Divorce,0,0,0,0,0,0,0,0,0,0,0,0,0,0,0,0,0,0
UTTARAKHAND,2008,Drug Abuse/Addiction,0,1,2,1,0,4,0,0,0,0,0,0,4,0,1,2,1,0
UTTARAKHAND,2008,Failure in Examination,0,2,0,0,0,2,1,0,0,0,0,1,3,1,2,0,0,0
UTTARAKHAND,2008,Fall in Social Reputation,0,0,0,0,1,1,0,0,0,0,0,0,1,0,0,0,0,1
UTTARAKHAND,2008,Family Problems,1,7,8,4,1,21,0,17,4,1,0,22,43,1,24,12,5,1
UTTARAKHAND,2008,Ideological Causes/Hero Worshipping,0,0,0,0,0,0,0,0,0,0,0,0,0,0,0,0,0,0
UTTARAKHAND,2008,Illegitimate Pregnancy,0,0,0,0,0,0,0,0,0,0,0,0,0,0,0,0,0,0
UTTARAKHAND,2008,Love Affairs,1,2,1,0,0,4,0,5,0,1,0,6,10,1,7,1,1,0
UTTARAKHAND,2008,"Physical Abuse (Rape,Incest Etc.)",0,0,0,0,0,0,0,0,0,0,0,0,0,0,0,0,0,0
UTTARAKHAND,2008,Poverty,0,0,2,1,0,3,0,0,0,1,0,1,4,0,0,2,2,0
UTTARAKHAND,2008,Professional/Career Problem,0,0,0,1,0,1,0,0,0,0,0,0,1,0,0,0,1,0
UTTARAKHAND,2008,Property Dispute,0,0,1,1,0,2,0,0,0,0,0,0,2,0,0,1,1,0
UTTARAKHAND,2008,Unemployment,0,1,0,0,0,1,0,0,0,0,0,0,1,0,1,0,0,0
UTTARAKHAND,2008,Causes Not known,2,16,9,6,0,33,1,6,6,2,0,15,48,3,22,15,8,0
UTTARAKHAND,2008,Other Causes,4,4,6,0,2,16,1,15,2,2,0,20,36,5,19,8,2,2
UTTARAKHAND,2008,Total,8,37,35,20,4,104,3,61,15,8,0,87,191,11,98,50,28,4
UTTARAKHAND,2008,Total Illness,0,4,4,3,0,11,0,2,1,0,0,3,14,0,6,5,3,0
UTTARAKHAND,2009,Bankruptcy,0,3,4,3,0,10,0,0,0,0,0,0,10,0,3,4,3,0
UTTARAKHAND,2009,Suspected/Illicit Relation,0,4,0,0,0,4,0,3,2,0,0,5,9,0,7,2,0,0
UTTARAKHAND,2009,Cancellation/Non-Settlement of Marriage,0,2,0,0,0,2,0,2,0,0,0,2,4,0,4,0,0,0
UTTARAKHAND,2009,Infertility,0,0,0,1,0,1,0,0,2,0,0,2,3,0,0,2,1,0
UTTARAKHAND,2009,Illness (Aids/STD),0,0,0,0,0,0,0,0,0,0,0,0,0,0,0,0,0,0
UTTARAKHAND,2009,Cancer,0,0,0,0,0,0,0,0,0,0,0,0,0,0,0,0,0,0
UTTARAKHAND,2009,Paralysis,0,0,0,0,0,0,0,1,1,0,0,2,2,0,1,1,0,0
UTTARAKHAND,2009,Insanity/Mental Illness,0,8,4,5,4,21,0,3,4,3,0,10,31,0,11,8,8,4
UTTARAKHAND,2009,Other Prolonged Illness,0,3,7,10,5,25,1,4,2,1,0,8,33,1,7,9,11,5
UTTARAKHAND,2009,Death of Dear Person,0,0,0,0,0,0,0,1,2,0,0,3,3,0,1,2,0,0
UTTARAKHAND,2009,Dowry Dispute,0,0,0,0,0,0,0,17,5,0,0,22,22,0,17,5,0,0
UTTARAKHAND,2009,Divorce,0,0,1,1,0,2,0,0,0,1,0,1,3,0,0,1,2,0
UTTARAKHAND,2009,Drug Abuse/Addiction,0,1,5,7,0,13,0,1,0,0,0,1,14,0,2,5,7,0
UTTARAKHAND,2009,Failure in Examination,1,4,0,0,0,5,0,3,0,0,0,3,8,1,7,0,0,0
UTTARAKHAND,2009,Fall in Social Reputation,0,4,1,0,1,6,0,0,0,0,0,0,6,0,4,1,0,1
UTTARAKHAND,2009,Family Problems,0,12,9,6,0,27,2,12,11,1,0,26,53,2,24,20,7,0
UTTARAKHAND,2009,Ideological Causes/Hero Worshipping,0,0,0,0,0,0,0,0,0,0,0,0,0,0,0,0,0,0
UTTARAKHAND,2009,Illegitimate Pregnancy,0,0,0,0,0,0,0,1,0,0,0,1,1,0,1,0,0,0
UTTARAKHAND,2009,Love Affairs,0,13,0,1,0,14,0,15,2,0,0,17,31,0,28,2,1,0
UTTARAKHAND,2009,"Physical Abuse (Rape,Incest Etc.)",0,0,0,0,0,0,0,0,0,0,0,0,0,0,0,0,0,0
UTTARAKHAND,2009,Poverty,1,0,4,2,0,7,0,0,0,0,0,0,7,1,0,4,2,0
UTTARAKHAND,2009,Professional/Career Problem,0,2,3,1,0,6,0,0,0,0,0,0,6,0,2,3,1,0
UTTARAKHAND,2009,Property Dispute,0,0,0,1,0,1,0,0,0,0,0,0,1,0,0,0,1,0
UTTARAKHAND,2009,Unemployment,0,1,0,0,0,1,0,0,0,0,0,0,1,0,1,0,0,0
UTTARAKHAND,2009,Causes Not known,0,9,8,5,0,22,0,8,5,5,1,19,41,0,17,13,10,1
UTTARAKHAND,2009,Other Causes,0,11,9,14,1,35,0,8,6,4,0,18,53,0,19,15,18,1
UTTARAKHAND,2009,Total,2,77,55,57,11,202,3,79,42,15,1,140,342,5,156,97,72,12
UTTARAKHAND,2009,Total Illness,0,11,11,15,9,46,1,8,7,4,0,20,66,1,19,18,19,9
UTTARAKHAND,2010,Bankruptcy,0,2,2,0,1,5,0,3,0,0,0,3,8,0,5,2,0,1
UTTARAKHAND,2010,Suspected/Illicit Relation,0,1,0,0,0,1,0,3,0,0,0,3,4,0,4,0,0,0
UTTARAKHAND,2010,Cancellation/Non-Settlement of Marriage,0,0,0,0,0,0,0,0,0,0,0,0,0,0,0,0,0,0
UTTARAKHAND,2010,Infertility,0,0,0,0,0,0,0,0,0,0,0,0,0,0,0,0,0,0
UTTARAKHAND,2010,Illness (Aids/STD),0,0,0,0,0,0,0,0,0,0,0,0,0,0,0,0,0,0
UTTARAKHAND,2010,Cancer,0,0,1,0,0,1,0,0,0,0,0,0,1,0,0,1,0,0
UTTARAKHAND,2010,Paralysis,0,0,0,0,0,0,0,0,0,0,0,0,0,0,0,0,0,0
UTTARAKHAND,2010,Insanity/Mental Illness,0,2,3,3,1,9,0,2,1,0,0,3,12,0,4,4,3,1
UTTARAKHAND,2010,Other Prolonged Illness,0,2,2,2,1,7,0,4,2,0,0,6,13,0,6,4,2,1
UTTARAKHAND,2010,Death of Dear Person,0,0,0,0,0,0,0,0,0,0,0,0,0,0,0,0,0,0
UTTARAKHAND,2010,Dowry Dispute,0,0,0,0,0,0,0,6,4,0,0,10,10,0,6,4,0,0
UTTARAKHAND,2010,Divorce,0,0,0,0,0,0,0,0,0,0,0,0,0,0,0,0,0,0
UTTARAKHAND,2010,Drug Abuse/Addiction,0,2,3,1,0,6,0,0,0,0,0,0,6,0,2,3,1,0
UTTARAKHAND,2010,Failure in Examination,0,2,1,0,0,3,0,8,0,0,0,8,11,0,10,1,0,0
UTTARAKHAND,2010,Fall in Social Reputation,0,0,2,0,0,2,0,0,0,0,0,0,2,0,0,2,0,0
UTTARAKHAND,2010,Family Problems,0,21,14,12,2,49,0,20,8,2,2,32,81,0,41,22,14,4
UTTARAKHAND,2010,Ideological Causes/Hero Worshipping,0,0,0,0,0,0,0,0,0,0,0,0,0,0,0,0,0,0
UTTARAKHAND,2010,Illegitimate Pregnancy,0,0,0,0,0,0,0,0,0,0,0,0,0,0,0,0,0,0
UTTARAKHAND,2010,Love Affairs,0,5,0,0,0,5,0,10,0,0,0,10,15,0,15,0,0,0
UTTARAKHAND,2010,"Physical Abuse (Rape,Incest Etc.)",0,0,0,0,0,0,0,0,0,0,0,0,0,0,0,0,0,0
UTTARAKHAND,2010,Poverty,0,2,1,2,0,5,0,1,1,2,0,4,9,0,3,2,4,0
UTTARAKHAND,2010,Professional/Career Problem,0,0,1,1,1,3,0,0,0,0,0,0,3,0,0,1,1,1
UTTARAKHAND,2010,Property Dispute,0,0,0,0,0,0,0,0,0,0,0,0,0,0,0,0,0,0
UTTARAKHAND,2010,Unemployment,0,6,5,1,1,13,0,0,1,1,0,2,15,0,6,6,2,1
UTTARAKHAND,2010,Causes Not known,4,12,15,5,3,39,7,11,7,2,0,27,66,11,23,22,7,3
UTTARAKHAND,2010,Other Causes,0,5,7,2,2,16,0,1,6,2,0,9,25,0,6,13,4,2
UTTARAKHAND,2010,Total,4,62,57,29,12,164,7,69,30,9,2,117,281,11,131,87,38,14
UTTARAKHAND,2010,Total Illness,0,4,6,5,2,17,0,6,3,0,0,9,26,0,10,9,5,2
UTTARAKHAND,2011,Bankruptcy,0,1,2,0,0,3,0,0,0,0,0,0,3,0,1,2,0,0
UTTARAKHAND,2011,Suspected/Illicit Relation,1,3,2,0,1,7,0,3,1,1,0,5,12,1,6,3,1,1
UTTARAKHAND,2011,Cancellation/Non-Settlement of Marriage,0,0,1,0,0,1,0,0,0,0,0,0,1,0,0,1,0,0
UTTARAKHAND,2011,Infertility,0,0,0,0,0,0,0,1,0,0,0,1,1,0,1,0,0,0
UTTARAKHAND,2011,Illness (Aids/STD),0,0,0,0,0,0,0,0,0,0,0,0,0,0,0,0,0,0
UTTARAKHAND,2011,Cancer,0,0,0,0,0,0,0,0,0,0,0,0,0,0,0,0,0,0
UTTARAKHAND,2011,Paralysis,0,0,0,0,0,0,0,0,0,0,0,0,0,0,0,0,0,0
UTTARAKHAND,2011,Insanity/Mental Illness,0,1,1,1,1,4,0,3,0,0,0,3,7,0,4,1,1,1
UTTARAKHAND,2011,Other Prolonged Illness,0,6,4,3,2,15,0,3,4,1,0,8,23,0,9,8,4,2
UTTARAKHAND,2011,Death of Dear Person,0,3,2,1,0,6,0,0,1,0,0,1,7,0,3,3,1,0
UTTARAKHAND,2011,Dowry Dispute,0,0,0,0,0,0,0,10,2,0,0,12,12,0,10,2,0,0
UTTARAKHAND,2011,Divorce,0,0,0,0,0,0,0,2,4,0,0,6,6,0,2,4,0,0
UTTARAKHAND,2011,Drug Abuse/Addiction,0,0,3,2,0,5,0,0,0,0,0,0,5,0,0,3,2,0
UTTARAKHAND,2011,Failure in Examination,1,3,0,0,0,4,1,7,0,0,0,8,12,2,10,0,0,0
UTTARAKHAND,2011,Fall in Social Reputation,0,0,1,2,0,3,0,0,0,0,0,0,3,0,0,1,2,0
UTTARAKHAND,2011,Family Problems,0,14,21,10,2,47,0,16,15,4,0,35,82,0,30,36,14,2
UTTARAKHAND,2011,Ideological Causes/Hero Worshipping,0,0,0,0,0,0,0,0,0,0,0,0,0,0,0,0,0,0
UTTARAKHAND,2011,Illegitimate Pregnancy,0,0,0,0,0,0,0,0,0,0,0,0,0,0,0,0,0,0
UTTARAKHAND,2011,Love Affairs,0,4,1,0,0,5,0,7,0,0,0,7,12,0,11,1,0,0
UTTARAKHAND,2011,"Physical Abuse (Rape,Incest Etc.)",0,1,0,0,0,1,0,1,0,0,0,1,2,0,2,0,0,0
UTTARAKHAND,2011,Poverty,1,2,1,2,0,6,0,0,0,0,0,0,6,1,2,1,2,0
UTTARAKHAND,2011,Professional/Career Problem,0,0,1,0,0,1,0,0,0,0,0,0,1,0,0,1,0,0
UTTARAKHAND,2011,Property Dispute,0,0,0,0,0,0,0,0,0,0,0,0,0,0,0,0,0,0
UTTARAKHAND,2011,Unemployment,0,2,6,3,0,11,0,0,0,0,0,0,11,0,2,6,3,0
UTTARAKHAND,2011,Causes Not known,0,8,11,5,2,26,0,6,3,1,0,10,36,0,14,14,6,2
UTTARAKHAND,2011,Other Causes,2,21,16,5,3,47,0,10,14,3,1,28,75,2,31,30,8,4
UTTARAKHAND,2011,Total,5,69,73,34,11,192,1,69,44,10,1,125,317,6,138,117,44,12
UTTARAKHAND,2011,Total Illness,0,7,5,4,3,19,0,6,4,1,0,11,30,0,13,9,5,3
UTTARAKHAND,2012,Bankruptcy,0,0,0,0,0,0,0,0,0,0,0,0,0,0,0,0,0,0
UTTARAKHAND,2012,Suspected/Illicit Relation,0,1,1,0,0,2,1,1,0,0,0,2,4,1,2,1,0,0
UTTARAKHAND,2012,Cancellation/Non-Settlement of Marriage,0,0,0,0,0,0,0,0,0,0,0,0,0,0,0,0,0,0
UTTARAKHAND,2012,Infertility,0,1,0,0,0,1,0,0,0,0,0,0,1,0,1,0,0,0
UTTARAKHAND,2012,Illness (Aids/STD),0,0,0,0,0,0,0,0,0,0,0,0,0,0,0,0,0,0
UTTARAKHAND,2012,Cancer,0,0,0,0,0,0,0,0,0,0,0,0,0,0,0,0,0,0
UTTARAKHAND,2012,Paralysis,0,0,0,0,0,0,0,0,0,0,0,0,0,0,0,0,0,0
UTTARAKHAND,2012,Insanity/Mental Illness,0,1,3,5,0,9,0,0,0,0,0,0,9,0,1,3,5,0
UTTARAKHAND,2012,Other Prolonged Illness,3,2,4,2,4,15,0,6,2,1,2,11,26,3,8,6,3,6
UTTARAKHAND,2012,Death of Dear Person,0,0,0,0,0,0,0,0,0,0,0,0,0,0,0,0,0,0
UTTARAKHAND,2012,Dowry Dispute,0,0,0,0,0,0,0,0,0,0,0,0,0,0,0,0,0,0
UTTARAKHAND,2012,Divorce,0,0,0,0,0,0,0,4,2,0,0,6,6,0,4,2,0,0
UTTARAKHAND,2012,Drug Abuse/Addiction,1,2,5,0,0,8,0,0,0,0,0,0,8,1,2,5,0,0
UTTARAKHAND,2012,Failure in Examination,0,4,0,0,0,4,0,2,0,0,0,2,6,0,6,0,0,0
UTTARAKHAND,2012,Fall in Social Reputation,0,0,0,1,0,1,0,0,0,0,0,0,1,0,0,0,1,0
UTTARAKHAND,2012,Family Problems,0,23,17,7,3,50,3,24,15,3,1,46,96,3,47,32,10,4
UTTARAKHAND,2012,Ideological Causes/Hero Worshipping,0,0,0,0,0,0,0,0,0,0,0,0,0,0,0,0,0,0
UTTARAKHAND,2012,Illegitimate Pregnancy,0,0,0,0,0,0,0,0,0,0,0,0,0,0,0,0,0,0
UTTARAKHAND,2012,Love Affairs,0,9,2,0,0,11,0,4,0,0,0,4,15,0,13,2,0,0
UTTARAKHAND,2012,"Physical Abuse (Rape,Incest Etc.)",0,0,0,0,0,0,0,0,0,0,0,0,0,0,0,0,0,0
UTTARAKHAND,2012,Poverty,0,2,2,2,0,6,0,0,0,0,0,0,6,0,2,2,2,0
UTTARAKHAND,2012,Professional/Career Problem,0,0,2,0,0,2,0,0,0,0,0,0,2,0,0,2,0,0
UTTARAKHAND,2012,Property Dispute,0,0,0,1,0,1,0,1,1,0,0,2,3,0,1,1,1,0
UTTARAKHAND,2012,Unemployment,0,1,3,1,0,5,0,2,0,0,0,2,7,0,3,3,1,0
UTTARAKHAND,2012,Causes Not known,2,19,37,21,6,85,4,30,11,8,4,57,142,6,49,48,29,10
UTTARAKHAND,2012,Other Causes,1,8,30,7,3,49,1,26,16,0,0,43,92,2,34,46,7,3
UTTARAKHAND,2012,Total,7,73,106,47,16,249,9,100,47,12,7,175,424,16,173,153,59,23
UTTARAKHAND,2012,Total Illness,3,3,7,7,4,24,0,6,2,1,2,11,35,3,9,9,8,6
WEST BENGAL,2001,Bankruptcy,0,26,27,20,3,76,0,13,29,3,0,45,121,0,39,56,23,3
WEST BENGAL,2001,Suspected/Illicit Relation,0,40,75,44,7,166,2,77,80,2,0,161,327,2,117,155,46,7
WEST BENGAL,2001,Cancellation/Non-Settlement of Marriage,0,72,51,5,0,128,0,106,56,0,0,162,290,0,178,107,5,0
WEST BENGAL,2001,Infertility,0,0,1,3,4,8,0,26,48,44,0,118,126,0,26,49,47,4
WEST BENGAL,2001,Illness (Aids/STD),0,52,38,73,2,165,0,42,49,14,1,106,271,0,94,87,87,3
WEST BENGAL,2001,Cancer,0,5,46,59,26,136,0,1,22,39,9,71,207,0,6,68,98,35
WEST BENGAL,2001,Paralysis,0,0,3,40,33,76,0,8,15,49,12,84,160,0,8,18,89,45
WEST BENGAL,2001,Insanity/Mental Illness,8,58,82,111,33,292,2,31,40,56,34,163,455,10,89,122,167,67
WEST BENGAL,2001,Other Prolonged Illness,3,112,97,157,78,447,2,37,82,121,39,281,728,5,149,179,278,117
WEST BENGAL,2001,Death of Dear Person,1,23,17,23,23,87,4,17,12,16,7,56,143,5,40,29,39,30
WEST BENGAL,2001,Dowry Dispute,0,0,0,0,0,0,0,142,121,2,0,265,265,0,142,121,2,0
WEST BENGAL,2001,Divorce,0,1,0,0,0,1,0,6,11,8,0,25,26,0,7,11,8,0
WEST BENGAL,2001,Drug Abuse/Addiction,10,34,68,41,1,154,0,6,6,3,0,15,169,10,40,74,44,1
WEST BENGAL,2001,Failure in Examination,77,201,6,0,0,284,34,175,0,0,0,209,493,111,376,6,0,0
WEST BENGAL,2001,Fall in Social Reputation,0,8,31,29,12,80,0,1,6,7,10,24,104,0,9,37,36,22
WEST BENGAL,2001,Family Problems,5,281,452,334,118,1190,3,324,369,228,93,1017,2207,8,605,821,562,211
WEST BENGAL,2001,Ideological Causes/Hero Worshipping,0,7,1,5,0,13,0,0,0,0,0,0,13,0,7,1,5,0
WEST BENGAL,2001,Illegitimate Pregnancy,0,0,0,0,0,0,1,45,29,3,0,78,78,1,45,29,3,0
WEST BENGAL,2001,Love Affairs,5,179,50,0,0,234,41,163,46,0,0,250,484,46,342,96,0,0
WEST BENGAL,2001,"Physical Abuse (Rape,Incest Etc.)",0,0,0,0,0,0,1,13,5,0,0,19,19,1,13,5,0,0
WEST BENGAL,2001,Poverty,0,3,0,7,5,15,0,13,5,2,0,20,35,0,16,5,9,5
WEST BENGAL,2001,Professional/Career Problem,0,9,27,4,0,40,0,3,2,1,0,6,46,0,12,29,5,0
WEST BENGAL,2001,Property Dispute,0,33,121,148,62,364,0,8,23,18,24,73,437,0,41,144,166,86
WEST BENGAL,2001,Unemployment,3,66,73,25,3,170,0,17,28,5,0,50,220,3,83,101,30,3
WEST BENGAL,2001,Causes Not known,111,494,792,480,153,2030,120,600,567,296,114,1697,3727,231,1094,1359,776,267
WEST BENGAL,2001,Other Causes,60,323,368,438,150,1339,73,380,364,253,130,1200,2539,133,703,732,691,280
WEST BENGAL,2001,Total,283,2027,2426,2046,713,7495,283,2254,2015,1170,473,6195,13690,566,4281,4441,3216,1186
WEST BENGAL,2001,Total Illness,11,227,266,440,172,1116,4,119,208,279,95,705,1821,15,346,474,719,267
WEST BENGAL,2002,Bankruptcy,0,6,17,16,18,57,0,0,4,2,0,6,63,0,6,21,18,18
WEST BENGAL,2002,Suspected/Illicit Relation,0,50,51,41,0,142,0,96,77,16,0,189,331,0,146,128,57,0
WEST BENGAL,2002,Cancellation/Non-Settlement of Marriage,0,53,45,5,0,103,0,93,58,24,0,175,278,0,146,103,29,0
WEST BENGAL,2002,Infertility,0,0,12,29,5,46,0,9,34,31,0,74,120,0,9,46,60,5
WEST BENGAL,2002,Illness (Aids/STD),0,9,17,6,4,36,0,6,8,0,0,14,50,0,15,25,6,4
WEST BENGAL,2002,Cancer,0,8,43,73,29,153,0,6,35,48,10,99,252,0,14,78,121,39
WEST BENGAL,2002,Paralysis,0,0,3,17,14,34,0,1,7,33,10,51,85,0,1,10,50,24
WEST BENGAL,2002,Insanity/Mental Illness,6,86,129,127,31,379,7,67,80,55,27,236,615,13,153,209,182,58
WEST BENGAL,2002,Other Prolonged Illness,4,97,114,128,91,434,1,27,63,98,40,229,663,5,124,177,226,131
WEST BENGAL,2002,Death of Dear Person,1,18,15,13,6,53,2,25,18,13,0,58,111,3,43,33,26,6
WEST BENGAL,2002,Dowry Dispute,0,0,0,0,0,0,0,153,112,21,0,286,286,0,153,112,21,0
WEST BENGAL,2002,Divorce,0,1,1,0,0,2,0,12,10,9,0,31,33,0,13,11,9,0
WEST BENGAL,2002,Drug Abuse/Addiction,0,37,52,23,0,112,0,0,0,0,0,0,112,0,37,52,23,0
WEST BENGAL,2002,Failure in Examination,61,220,7,0,0,288,68,183,8,0,0,259,547,129,403,15,0,0
WEST BENGAL,2002,Fall in Social Reputation,0,7,27,13,5,52,0,8,12,11,5,36,88,0,15,39,24,10
WEST BENGAL,2002,Family Problems,16,366,569,283,91,1325,29,390,407,226,71,1123,2448,45,756,976,509,162
WEST BENGAL,2002,Ideological Causes/Hero Worshipping,0,0,0,0,0,0,0,0,0,0,0,0,0,0,0,0,0,0
WEST BENGAL,2002,Illegitimate Pregnancy,0,0,0,0,0,0,3,40,34,2,0,79,79,3,40,34,2,0
WEST BENGAL,2002,Love Affairs,0,219,87,2,0,308,18,202,72,0,0,292,600,18,421,159,2,0
WEST BENGAL,2002,"Physical Abuse (Rape,Incest Etc.)",0,0,0,0,0,0,0,6,3,0,0,9,9,0,6,3,0,0
WEST BENGAL,2002,Poverty,0,13,6,12,5,36,0,8,3,5,5,21,57,0,21,9,17,10
WEST BENGAL,2002,Professional/Career Problem,0,12,39,19,0,70,0,7,8,2,0,17,87,0,19,47,21,0
WEST BENGAL,2002,Property Dispute,0,11,72,104,19,206,0,0,13,14,9,36,242,0,11,85,118,28
WEST BENGAL,2002,Unemployment,0,27,58,19,2,106,0,0,6,3,0,9,115,0,27,64,22,2
WEST BENGAL,2002,Causes Not known,120,654,662,454,156,2046,102,450,571,302,88,1513,3559,222,1104,1233,756,244
WEST BENGAL,2002,Other Causes,75,321,328,327,85,1136,64,369,345,169,94,1041,2177,139,690,673,496,179
WEST BENGAL,2002,Total,283,2215,2354,1711,561,7124,294,2158,1988,1084,359,5883,13007,577,4373,4342,2795,920
WEST BENGAL,2002,Total Illness,10,200,306,351,169,1036,8,107,193,234,87,629,1665,18,307,499,585,256
WEST BENGAL,2003,Bankruptcy,0,1,34,41,11,87,0,4,8,1,0,13,100,0,5,42,42,11
WEST BENGAL,2003,Suspected/Illicit Relation,0,29,65,33,0,127,0,92,96,13,0,201,328,0,121,161,46,0
WEST BENGAL,2003,Cancellation/Non-Settlement of Marriage,0,64,54,1,0,119,0,113,46,0,0,159,278,0,177,100,1,0
WEST BENGAL,2003,Infertility,0,0,0,0,0,0,0,10,24,43,0,77,77,0,10,24,43,0
WEST BENGAL,2003,Illness (Aids/STD),0,0,0,0,0,0,0,0,0,0,0,0,0,0,0,0,0,0
WEST BENGAL,2003,Cancer,0,2,28,24,18,72,0,5,37,35,5,82,154,0,7,65,59,23
WEST BENGAL,2003,Paralysis,0,0,2,12,4,18,0,0,7,19,3,29,47,0,0,9,31,7
WEST BENGAL,2003,Insanity/Mental Illness,0,100,166,150,57,473,0,55,132,127,49,363,836,0,155,298,277,106
WEST BENGAL,2003,Other Prolonged Illness,0,69,161,164,84,478,0,56,120,110,64,350,828,0,125,281,274,148
WEST BENGAL,2003,Death of Dear Person,0,48,37,32,6,123,0,28,15,6,0,49,172,0,76,52,38,6
WEST BENGAL,2003,Dowry Dispute,0,0,0,0,0,0,0,196,145,0,0,341,341,0,196,145,0,0
WEST BENGAL,2003,Divorce,0,0,31,0,0,31,0,20,48,10,0,78,109,0,20,79,10,0
WEST BENGAL,2003,Drug Abuse/Addiction,0,9,5,5,0,19,0,0,0,0,0,0,19,0,9,5,5,0
WEST BENGAL,2003,Failure in Examination,25,244,27,0,0,296,42,352,12,0,0,406,702,67,596,39,0,0
WEST BENGAL,2003,Fall in Social Reputation,0,12,6,1,0,19,0,13,2,25,0,40,59,0,25,8,26,0
WEST BENGAL,2003,Family Problems,1,649,835,624,204,2313,0,426,517,397,185,1525,3838,1,1075,1352,1021,389
WEST BENGAL,2003,Ideological Causes/Hero Worshipping,0,5,4,1,0,10,0,0,0,0,0,0,10,0,5,4,1,0
WEST BENGAL,2003,Illegitimate Pregnancy,0,0,0,0,0,0,0,34,20,5,0,59,59,0,34,20,5,0
WEST BENGAL,2003,Love Affairs,0,362,221,1,0,584,5,345,127,0,0,477,1061,5,707,348,1,0
WEST BENGAL,2003,"Physical Abuse (Rape,Incest Etc.)",0,0,5,3,0,8,0,11,4,4,0,19,27,0,11,9,7,0
WEST BENGAL,2003,Poverty,0,3,4,6,3,16,0,0,0,6,1,7,23,0,3,4,12,4
WEST BENGAL,2003,Professional/Career Problem,0,8,56,30,0,94,0,4,7,3,0,14,108,0,12,63,33,0
WEST BENGAL,2003,Property Dispute,0,57,149,102,22,330,0,13,44,46,11,114,444,0,70,193,148,33
WEST BENGAL,2003,Unemployment,0,9,30,2,0,41,0,6,4,0,0,10,51,0,15,34,2,0
WEST BENGAL,2003,Causes Not known,22,406,348,232,100,1108,39,248,239,170,46,742,1850,61,654,587,402,146
WEST BENGAL,2003,Other Causes,13,319,350,306,70,1058,12,251,241,171,26,701,1759,25,570,591,477,96
WEST BENGAL,2003,Total,61,2396,2618,1770,579,7424,98,2282,1895,1191,390,5856,13280,159,4678,4513,2961,969
WEST BENGAL,2003,Total Illness,0,171,357,350,163,1041,0,116,296,291,121,824,1865,0,287,653,641,284
WEST BENGAL,2004,Bankruptcy,0,16,20,27,2,65,0,14,9,2,0,25,90,0,30,29,29,2
WEST BENGAL,2004,Suspected/Illicit Relation,0,44,40,17,0,101,0,77,45,13,0,135,236,0,121,85,30,0
WEST BENGAL,2004,Cancellation/Non-Settlement of Marriage,0,19,11,0,0,30,0,73,26,0,0,99,129,0,92,37,0,0
WEST BENGAL,2004,Infertility,0,0,0,0,0,0,0,9,20,0,0,29,29,0,9,20,0,0
WEST BENGAL,2004,Illness (Aids/STD),0,5,9,13,0,27,0,0,4,1,0,5,32,0,5,13,14,0
WEST BENGAL,2004,Cancer,0,9,36,55,44,144,0,3,20,33,14,70,214,0,12,56,88,58
WEST BENGAL,2004,Paralysis,0,0,4,9,3,16,0,1,11,9,5,26,42,0,1,15,18,8
WEST BENGAL,2004,Insanity/Mental Illness,17,48,105,149,90,409,4,41,63,52,12,172,581,21,89,168,201,102
WEST BENGAL,2004,Other Prolonged Illness,2,70,121,180,86,459,0,44,108,107,44,303,762,2,114,229,287,130
WEST BENGAL,2004,Death of Dear Person,1,24,21,10,10,66,2,12,10,6,1,31,97,3,36,31,16,11
WEST BENGAL,2004,Dowry Dispute,0,0,0,0,0,0,0,307,102,2,0,411,411,0,307,102,2,0
WEST BENGAL,2004,Divorce,0,7,19,4,0,30,0,32,34,2,0,68,98,0,39,53,6,0
WEST BENGAL,2004,Drug Abuse/Addiction,0,27,21,7,0,55,0,2,0,0,0,2,57,0,29,21,7,0
WEST BENGAL,2004,Failure in Examination,76,243,15,0,0,334,119,172,0,0,0,291,625,195,415,15,0,0
WEST BENGAL,2004,Fall in Social Reputation,0,3,23,3,0,29,0,5,7,8,0,20,49,0,8,30,11,0
WEST BENGAL,2004,Family Problems,14,448,635,381,94,1572,9,387,517,274,69,1256,2828,23,835,1152,655,163
WEST BENGAL,2004,Ideological Causes/Hero Worshipping,0,0,0,0,0,0,0,0,0,0,0,0,0,0,0,0,0,0
WEST BENGAL,2004,Illegitimate Pregnancy,0,0,0,0,0,0,3,25,19,0,0,47,47,3,25,19,0,0
WEST BENGAL,2004,Love Affairs,4,320,95,2,0,421,7,268,186,2,0,463,884,11,588,281,4,0
WEST BENGAL,2004,"Physical Abuse (Rape,Incest Etc.)",0,0,0,0,0,0,0,3,5,0,0,8,8,0,3,5,0,0
WEST BENGAL,2004,Poverty,0,5,9,7,1,22,0,0,2,2,2,6,28,0,5,11,9,3
WEST BENGAL,2004,Professional/Career Problem,0,18,35,21,0,74,0,5,2,1,0,8,82,0,23,37,22,0
WEST BENGAL,2004,Property Dispute,0,43,65,59,45,212,0,31,26,23,6,86,298,0,74,91,82,51
WEST BENGAL,2004,Unemployment,0,47,60,9,0,116,0,1,10,4,0,15,131,0,48,70,13,0
WEST BENGAL,2004,Causes Not known,70,527,762,605,122,2086,49,523,414,204,52,1242,3328,119,1050,1176,809,174
WEST BENGAL,2004,Other Causes,100,432,444,351,66,1393,96,335,296,171,47,945,2338,196,767,740,522,113
WEST BENGAL,2004,Total,284,2355,2550,1909,563,7661,289,2370,1936,916,252,5763,13424,573,4725,4486,2825,815
WEST BENGAL,2004,Total Illness,19,132,275,406,223,1055,4,89,206,202,75,576,1631,23,221,481,608,298
WEST BENGAL,2005,Bankruptcy,0,11,44,63,1,119,0,5,7,3,0,15,134,0,16,51,66,1
WEST BENGAL,2005,Suspected/Illicit Relation,0,46,42,22,0,110,0,57,56,14,0,127,237,0,103,98,36,0
WEST BENGAL,2005,Cancellation/Non-Settlement of Marriage,0,10,8,3,0,21,0,83,44,0,0,127,148,0,93,52,3,0
WEST BENGAL,2005,Infertility,0,0,0,0,0,0,0,9,37,29,0,75,75,0,9,37,29,0
WEST BENGAL,2005,Illness (Aids/STD),0,3,8,2,0,13,0,0,3,1,0,4,17,0,3,11,3,0
WEST BENGAL,2005,Cancer,0,2,22,54,37,115,0,0,18,31,15,64,179,0,2,40,85,52
WEST BENGAL,2005,Paralysis,0,1,1,21,2,25,0,0,9,7,4,20,45,0,1,10,28,6
WEST BENGAL,2005,Insanity/Mental Illness,0,81,139,153,99,472,1,72,72,84,34,263,735,1,153,211,237,133
WEST BENGAL,2005,Other Prolonged Illness,4,32,113,142,108,399,0,19,62,87,56,224,623,4,51,175,229,164
WEST BENGAL,2005,Death of Dear Person,0,8,49,9,3,69,0,17,42,16,0,75,144,0,25,91,25,3
WEST BENGAL,2005,Dowry Dispute,0,0,0,0,0,0,0,302,167,0,0,469,469,0,302,167,0,0
WEST BENGAL,2005,Divorce,0,2,4,0,0,6,0,26,33,2,0,61,67,0,28,37,2,0
WEST BENGAL,2005,Drug Abuse/Addiction,0,35,39,12,0,86,0,1,3,0,0,4,90,0,36,42,12,0
WEST BENGAL,2005,Failure in Examination,77,263,2,0,0,342,122,115,3,0,0,240,582,199,378,5,0,0
WEST BENGAL,2005,Fall in Social Reputation,0,229,151,98,42,520,0,124,71,43,27,265,785,0,353,222,141,69
WEST BENGAL,2005,Family Problems,3,435,535,384,73,1430,1,606,433,267,96,1403,2833,4,1041,968,651,169
WEST BENGAL,2005,Ideological Causes/Hero Worshipping,0,2,0,0,0,2,0,0,0,0,0,0,2,0,2,0,0,0
WEST BENGAL,2005,Illegitimate Pregnancy,0,0,0,0,0,0,0,23,12,0,0,35,35,0,23,12,0,0
WEST BENGAL,2005,Love Affairs,17,286,165,4,0,472,29,413,119,6,0,567,1039,46,699,284,10,0
WEST BENGAL,2005,"Physical Abuse (Rape,Incest Etc.)",0,0,0,0,0,0,0,5,0,0,0,5,5,0,5,0,0,0
WEST BENGAL,2005,Poverty,0,0,1,4,0,5,0,10,8,0,0,18,23,0,10,9,4,0
WEST BENGAL,2005,Professional/Career Problem,0,31,90,14,0,135,0,4,4,0,0,8,143,0,35,94,14,0
WEST BENGAL,2005,Property Dispute,0,24,154,221,51,450,0,12,56,44,6,118,568,0,36,210,265,57
WEST BENGAL,2005,Unemployment,0,19,40,3,0,62,0,7,4,2,0,13,75,0,26,44,5,0
WEST BENGAL,2005,Causes Not known,52,663,535,462,57,1769,32,373,270,281,28,984,2753,84,1036,805,743,85
WEST BENGAL,2005,Other Causes,61,779,759,337,56,1992,20,497,386,261,53,1217,3209,81,1276,1145,598,109
WEST BENGAL,2005,Total,214,2962,2901,2008,529,8614,205,2780,1919,1178,319,6401,15015,419,5742,4820,3186,848
WEST BENGAL,2005,Total Illness,4,119,283,372,246,1024,1,91,164,210,109,575,1599,5,210,447,582,355
WEST BENGAL,2006,Bankruptcy,0,7,19,29,8,63,0,0,3,2,0,5,68,0,7,22,31,8
WEST BENGAL,2006,Suspected/Illicit Relation,0,30,58,17,0,105,0,75,65,11,0,151,256,0,105,123,28,0
WEST BENGAL,2006,Cancellation/Non-Settlement of Marriage,0,35,12,0,0,47,0,100,47,0,0,147,194,0,135,59,0,0
WEST BENGAL,2006,Infertility,0,0,0,0,0,0,0,11,27,19,0,57,57,0,11,27,19,0
WEST BENGAL,2006,Illness (Aids/STD),0,2,7,1,0,10,0,0,4,2,0,6,16,0,2,11,3,0
WEST BENGAL,2006,Cancer,0,7,19,59,74,159,0,0,14,18,13,45,204,0,7,33,77,87
WEST BENGAL,2006,Paralysis,0,2,11,21,3,37,0,0,9,14,4,27,64,0,2,20,35,7
WEST BENGAL,2006,Insanity/Mental Illness,0,237,275,135,134,781,0,79,93,127,70,369,1150,0,316,368,262,204
WEST BENGAL,2006,Other Prolonged Illness,2,106,180,132,75,495,0,43,65,129,54,291,786,2,149,245,261,129
WEST BENGAL,2006,Death of Dear Person,0,14,64,43,11,132,0,27,26,62,5,120,252,0,41,90,105,16
WEST BENGAL,2006,Dowry Dispute,0,0,0,0,0,0,0,299,146,0,0,445,445,0,299,146,0,0
WEST BENGAL,2006,Divorce,0,0,6,0,0,6,0,34,32,15,0,81,87,0,34,38,15,0
WEST BENGAL,2006,Drug Abuse/Addiction,0,41,96,10,3,150,0,0,7,0,0,7,157,0,41,103,10,3
WEST BENGAL,2006,Failure in Examination,110,310,0,0,0,420,151,115,0,0,0,266,686,261,425,0,0,0
WEST BENGAL,2006,Fall in Social Reputation,0,32,109,67,9,217,0,5,21,40,6,72,289,0,37,130,107,15
WEST BENGAL,2006,Family Problems,4,1032,1465,751,175,3427,3,1329,788,511,89,2720,6147,7,2361,2253,1262,264
WEST BENGAL,2006,Ideological Causes/Hero Worshipping,3,4,6,0,0,13,0,0,0,0,0,0,13,3,4,6,0,0
WEST BENGAL,2006,Illegitimate Pregnancy,0,0,0,0,0,0,0,51,44,5,0,100,100,0,51,44,5,0
WEST BENGAL,2006,Love Affairs,4,515,270,1,0,790,15,555,172,1,0,743,1533,19,1070,442,2,0
WEST BENGAL,2006,"Physical Abuse (Rape,Incest Etc.)",0,0,0,0,0,0,0,15,36,0,0,51,51,0,15,36,0,0
WEST BENGAL,2006,Poverty,0,0,2,6,2,10,0,0,1,1,0,2,12,0,0,3,7,2
WEST BENGAL,2006,Professional/Career Problem,0,18,116,35,0,169,0,4,6,7,0,17,186,0,22,122,42,0
WEST BENGAL,2006,Property Dispute,0,167,283,334,16,800,0,34,126,165,5,330,1130,0,201,409,499,21
WEST BENGAL,2006,Unemployment,0,7,20,0,0,27,0,0,0,0,0,0,27,0,7,20,0,0
WEST BENGAL,2006,Causes Not known,26,448,451,244,49,1218,15,219,177,102,27,540,1758,41,667,628,346,76
WEST BENGAL,2006,Other Causes,1,23,6,8,6,44,0,3,4,3,3,13,57,1,26,10,11,9
WEST BENGAL,2006,Total,150,3037,3475,1893,565,9120,184,2998,1913,1234,276,6605,15725,334,6035,5388,3127,841
WEST BENGAL,2006,Total Illness,2,354,492,348,286,1482,0,122,185,290,141,738,2220,2,476,677,638,427
WEST BENGAL,2007,Bankruptcy,0,5,47,35,3,90,0,0,2,1,0,3,93,0,5,49,36,3
WEST BENGAL,2007,Suspected/Illicit Relation,1,55,81,24,1,162,1,87,82,13,0,183,345,2,142,163,37,1
WEST BENGAL,2007,Cancellation/Non-Settlement of Marriage,0,59,45,1,0,105,0,100,48,0,0,148,253,0,159,93,1,0
WEST BENGAL,2007,Infertility,0,0,12,6,1,19,0,48,40,33,7,128,147,0,48,52,39,8
WEST BENGAL,2007,Illness (Aids/STD),0,5,21,2,0,28,0,0,8,2,0,10,38,0,5,29,4,0
WEST BENGAL,2007,Cancer,0,3,13,38,55,109,0,1,11,25,10,47,156,0,4,24,63,65
WEST BENGAL,2007,Paralysis,0,0,0,6,4,10,0,0,9,5,2,16,26,0,0,9,11,6
WEST BENGAL,2007,Insanity/Mental Illness,2,148,271,345,36,802,8,174,220,153,21,576,1378,10,322,491,498,57
WEST BENGAL,2007,Other Prolonged Illness,2,68,92,203,86,451,3,59,91,92,42,287,738,5,127,183,295,128
WEST BENGAL,2007,Death of Dear Person,4,11,1,0,3,19,8,6,10,6,1,31,50,12,17,11,6,4
WEST BENGAL,2007,Dowry Dispute,0,0,0,0,0,0,0,579,396,24,0,999,999,0,579,396,24,0
WEST BENGAL,2007,Divorce,0,0,2,4,0,6,0,18,35,7,0,60,66,0,18,37,11,0
WEST BENGAL,2007,Drug Abuse/Addiction,0,22,36,20,3,81,0,0,0,0,0,0,81,0,22,36,20,3
WEST BENGAL,2007,Failure in Examination,48,152,5,0,0,205,38,105,1,0,0,144,349,86,257,6,0,0
WEST BENGAL,2007,Fall in Social Reputation,0,8,28,10,5,51,0,5,27,5,0,37,88,0,13,55,15,5
WEST BENGAL,2007,Family Problems,20,541,830,458,92,1941,19,447,513,265,47,1291,3232,39,988,1343,723,139
WEST BENGAL,2007,Ideological Causes/Hero Worshipping,0,0,0,0,0,0,0,0,0,0,0,0,0,0,0,0,0,0
WEST BENGAL,2007,Illegitimate Pregnancy,0,0,0,0,0,0,2,29,11,1,0,43,43,2,29,11,1,0
WEST BENGAL,2007,Love Affairs,9,200,71,3,3,286,21,278,88,2,0,389,675,30,478,159,5,3
WEST BENGAL,2007,"Physical Abuse (Rape,Incest Etc.)",0,0,0,0,0,0,0,6,0,5,0,11,11,0,6,0,5,0
WEST BENGAL,2007,Poverty,0,8,12,17,9,46,0,1,10,10,1,22,68,0,9,22,27,10
WEST BENGAL,2007,Professional/Career Problem,0,59,105,19,2,185,0,6,8,8,0,22,207,0,65,113,27,2
WEST BENGAL,2007,Property Dispute,0,42,91,50,10,193,0,20,20,29,9,78,271,0,62,111,79,19
WEST BENGAL,2007,Unemployment,0,166,240,47,4,457,0,9,15,0,0,24,481,0,175,255,47,4
WEST BENGAL,2007,Causes Not known,73,787,833,403,112,2208,61,485,382,216,36,1180,3388,134,1272,1215,619,148
WEST BENGAL,2007,Other Causes,58,307,370,249,67,1051,41,267,151,111,56,626,1677,99,574,521,360,123
WEST BENGAL,2007,Total,217,2646,3206,1940,496,8505,202,2730,2178,1013,232,6355,14860,419,5376,5384,2953,728
WEST BENGAL,2007,Total Illness,4,224,397,594,181,1400,11,234,339,277,75,936,2336,15,458,736,871,256
WEST BENGAL,2008,Bankruptcy,0,4,42,22,1,69,0,2,6,2,0,10,79,0,6,48,24,1
WEST BENGAL,2008,Suspected/Illicit Relation,0,70,39,12,0,121,1,66,44,9,8,128,249,1,136,83,21,8
WEST BENGAL,2008,Cancellation/Non-Settlement of Marriage,0,17,24,12,0,53,3,61,23,1,0,88,141,3,78,47,13,0
WEST BENGAL,2008,Infertility,0,0,13,8,0,21,0,9,21,1,0,31,52,0,9,34,9,0
WEST BENGAL,2008,Illness (Aids/STD),0,0,0,0,0,0,0,0,0,0,0,0,0,0,0,0,0,0
WEST BENGAL,2008,Cancer,0,3,14,56,60,133,0,0,16,29,8,53,186,0,3,30,85,68
WEST BENGAL,2008,Paralysis,0,2,4,15,4,25,0,0,7,11,5,23,48,0,2,11,26,9
WEST BENGAL,2008,Insanity/Mental Illness,9,132,287,275,36,739,13,173,285,173,19,663,1402,22,305,572,448,55
WEST BENGAL,2008,Other Prolonged Illness,5,60,111,124,44,344,3,36,77,89,32,237,581,8,96,188,213,76
WEST BENGAL,2008,Death of Dear Person,4,12,2,0,2,20,5,174,8,4,0,191,211,9,186,10,4,2
WEST BENGAL,2008,Dowry Dispute,0,1,0,0,0,1,0,485,255,21,0,761,762,0,486,255,21,0
WEST BENGAL,2008,Divorce,0,0,2,1,0,3,0,24,39,3,0,66,69,0,24,41,4,0
WEST BENGAL,2008,Drug Abuse/Addiction,0,36,44,19,2,101,0,0,0,0,0,0,101,0,36,44,19,2
WEST BENGAL,2008,Failure in Examination,44,123,8,0,0,175,41,100,3,3,0,147,322,85,223,11,3,0
WEST BENGAL,2008,Fall in Social Reputation,0,6,29,12,5,52,0,7,17,1,0,25,77,0,13,46,13,5
WEST BENGAL,2008,Family Problems,49,541,841,372,49,1852,30,479,493,195,36,1233,3085,79,1020,1334,567,85
WEST BENGAL,2008,Ideological Causes/Hero Worshipping,0,0,0,0,0,0,0,0,0,0,0,0,0,0,0,0,0,0
WEST BENGAL,2008,Illegitimate Pregnancy,0,0,0,0,0,0,1,32,11,1,0,45,45,1,32,11,1,0
WEST BENGAL,2008,Love Affairs,9,272,89,2,0,372,35,297,87,1,0,420,792,44,569,176,3,0
WEST BENGAL,2008,"Physical Abuse (Rape,Incest Etc.)",0,0,0,0,0,0,1,19,3,5,0,28,28,1,19,3,5,0
WEST BENGAL,2008,Poverty,0,10,12,10,1,33,0,5,8,8,0,21,54,0,15,20,18,1
WEST BENGAL,2008,Professional/Career Problem,0,19,54,12,1,86,0,3,0,0,0,3,89,0,22,54,12,1
WEST BENGAL,2008,Property Dispute,0,37,73,47,4,161,0,7,26,13,4,50,211,0,44,99,60,8
WEST BENGAL,2008,Unemployment,0,126,164,33,0,323,1,13,7,0,0,21,344,1,139,171,33,0
WEST BENGAL,2008,Causes Not known,82,789,823,352,117,2163,58,496,389,221,41,1205,3368,140,1285,1212,573,158
WEST BENGAL,2008,Other Causes,73,546,652,209,42,1522,49,516,335,111,23,1034,2556,122,1062,987,320,65
WEST BENGAL,2008,Total,275,2806,3327,1593,368,8369,241,3004,2160,902,176,6483,14852,516,5810,5487,2495,544
WEST BENGAL,2008,Total Illness,14,197,416,470,144,1241,16,209,385,302,64,976,2217,30,406,801,772,208
WEST BENGAL,2009,Bankruptcy,0,4,36,25,3,68,0,9,4,5,3,21,89,0,13,40,30,6
WEST BENGAL,2009,Suspected/Illicit Relation,0,30,15,6,0,51,1,55,41,14,2,113,164,1,85,56,20,2
WEST BENGAL,2009,Cancellation/Non-Settlement of Marriage,0,7,19,9,0,35,0,51,17,1,0,69,104,0,58,36,10,0
WEST BENGAL,2009,Infertility,0,1,20,14,2,37,0,3,14,10,0,27,64,0,4,34,24,2
WEST BENGAL,2009,Illness (Aids/STD),0,0,0,0,0,0,0,1,0,0,0,1,1,0,1,0,0,0
WEST BENGAL,2009,Cancer,0,5,20,40,35,100,0,2,11,21,6,40,140,0,7,31,61,41
WEST BENGAL,2009,Paralysis,0,1,2,13,8,24,0,0,9,8,2,19,43,0,1,11,21,10
WEST BENGAL,2009,Insanity/Mental Illness,7,113,256,319,46,741,11,170,250,167,18,616,1357,18,283,506,486,64
WEST BENGAL,2009,Other Prolonged Illness,3,41,83,122,48,297,0,52,65,50,25,192,489,3,93,148,172,73
WEST BENGAL,2009,Death of Dear Person,5,12,3,2,9,31,7,12,14,5,2,40,71,12,24,17,7,11
WEST BENGAL,2009,Dowry Dispute,0,0,0,0,0,0,9,459,237,21,0,726,726,9,459,237,21,0
WEST BENGAL,2009,Divorce,0,4,1,1,0,6,0,12,32,6,0,50,56,0,16,33,7,0
WEST BENGAL,2009,Drug Abuse/Addiction,0,32,21,16,0,69,0,0,0,0,0,0,69,0,32,21,16,0
WEST BENGAL,2009,Failure in Examination,34,96,15,0,0,145,37,87,6,0,0,130,275,71,183,21,0,0
WEST BENGAL,2009,Fall in Social Reputation,1,27,34,12,6,80,0,25,34,10,0,69,149,1,52,68,22,6
WEST BENGAL,2009,Family Problems,21,535,817,434,48,1855,16,621,543,245,58,1483,3338,37,1156,1360,679,106
WEST BENGAL,2009,Ideological Causes/Hero Worshipping,0,0,2,0,0,2,0,0,0,0,0,0,2,0,0,2,0,0
WEST BENGAL,2009,Illegitimate Pregnancy,0,0,0,0,0,0,3,24,1,0,0,28,28,3,24,1,0,0
WEST BENGAL,2009,Love Affairs,13,281,86,9,0,389,37,294,92,0,0,423,812,50,575,178,9,0
WEST BENGAL,2009,"Physical Abuse (Rape,Incest Etc.)",0,0,0,0,0,0,1,2,0,0,0,3,3,1,2,0,0,0
WEST BENGAL,2009,Poverty,0,6,10,11,2,29,0,2,5,5,3,15,44,0,8,15,16,5
WEST BENGAL,2009,Professional/Career Problem,0,71,103,80,8,262,0,2,4,0,0,6,268,0,73,107,80,8
WEST BENGAL,2009,Property Dispute,0,22,131,116,8,277,0,4,10,4,3,21,298,0,26,141,120,11
WEST BENGAL,2009,Unemployment,2,155,184,41,8,390,0,31,7,0,0,38,428,2,186,191,41,8
WEST BENGAL,2009,Causes Not known,116,700,1240,498,130,2684,66,524,532,209,36,1367,4051,182,1224,1772,707,166
WEST BENGAL,2009,Other Causes,33,264,311,212,102,922,30,283,203,103,38,657,1579,63,547,514,315,140
WEST BENGAL,2009,Total,235,2407,3409,1980,463,8494,218,2725,2131,884,196,6154,14648,453,5132,5540,2864,659
WEST BENGAL,2009,Total Illness,10,160,361,494,137,1162,11,225,335,246,51,868,2030,21,385,696,740,188
WEST BENGAL,2010,Bankruptcy,0,10,25,33,4,72,0,2,10,10,2,24,96,0,12,35,43,6
WEST BENGAL,2010,Suspected/Illicit Relation,0,29,31,12,0,72,0,76,61,8,0,145,217,0,105,92,20,0
WEST BENGAL,2010,Cancellation/Non-Settlement of Marriage,0,39,10,1,0,50,0,56,21,2,0,79,129,0,95,31,3,0
WEST BENGAL,2010,Infertility,0,1,5,3,0,9,0,11,14,2,1,28,37,0,12,19,5,1
WEST BENGAL,2010,Illness (Aids/STD),0,0,1,0,0,1,0,0,0,0,0,0,1,0,0,1,0,0
WEST BENGAL,2010,Cancer,0,0,7,30,8,45,0,0,11,15,0,26,71,0,0,18,45,8
WEST BENGAL,2010,Paralysis,0,0,4,15,10,29,0,0,8,16,10,34,63,0,0,12,31,20
WEST BENGAL,2010,Insanity/Mental Illness,17,145,367,424,42,995,4,232,283,205,38,762,1757,21,377,650,629,80
WEST BENGAL,2010,Other Prolonged Illness,5,35,89,106,39,274,5,36,66,66,19,192,466,10,71,155,172,58
WEST BENGAL,2010,Death of Dear Person,5,25,10,9,9,58,11,15,5,10,3,44,102,16,40,15,19,12
WEST BENGAL,2010,Dowry Dispute,0,0,0,0,0,0,0,467,299,1,0,767,767,0,467,299,1,0
WEST BENGAL,2010,Divorce,0,0,2,2,0,4,0,27,23,13,0,63,67,0,27,25,15,0
WEST BENGAL,2010,Drug Abuse/Addiction,1,15,27,25,11,79,0,2,0,0,0,2,81,1,17,27,25,11
WEST BENGAL,2010,Failure in Examination,30,167,5,0,0,202,40,167,3,0,0,210,412,70,334,8,0,0
WEST BENGAL,2010,Fall in Social Reputation,2,8,33,11,3,57,0,10,20,5,0,35,92,2,18,53,16,3
WEST BENGAL,2010,Family Problems,28,332,773,443,74,1650,20,418,487,265,42,1232,2882,48,750,1260,708,116
WEST BENGAL,2010,Ideological Causes/Hero Worshipping,0,0,1,0,0,1,0,5,0,0,0,5,6,0,5,1,0,0
WEST BENGAL,2010,Illegitimate Pregnancy,0,0,0,0,0,0,2,16,5,0,0,23,23,2,16,5,0,0
WEST BENGAL,2010,Love Affairs,14,273,118,12,0,417,22,269,74,3,0,368,785,36,542,192,15,0
WEST BENGAL,2010,"Physical Abuse (Rape,Incest Etc.)",0,0,0,0,0,0,0,4,2,0,0,6,6,0,4,2,0,0
WEST BENGAL,2010,Poverty,0,6,10,18,4,38,0,1,1,2,1,5,43,0,7,11,20,5
WEST BENGAL,2010,Professional/Career Problem,0,16,42,25,0,83,0,4,9,4,0,17,100,0,20,51,29,0
WEST BENGAL,2010,Property Dispute,0,27,98,77,15,217,0,6,20,11,8,45,262,0,33,118,88,23
WEST BENGAL,2010,Unemployment,0,189,197,11,0,397,0,33,32,0,0,65,462,0,222,229,11,0
WEST BENGAL,2010,Causes Not known,105,786,1094,658,219,2862,51,460,586,385,83,1565,4427,156,1246,1680,1043,302
WEST BENGAL,2010,Other Causes,61,573,546,389,120,1689,57,309,337,208,83,994,2683,118,882,883,597,203
WEST BENGAL,2010,Total,268,2676,3495,2304,558,9301,212,2626,2377,1231,290,6736,16037,480,5302,5872,3535,848
WEST BENGAL,2010,Total Illness,22,180,468,575,99,1344,9,268,368,302,67,1014,2358,31,448,836,877,166
WEST BENGAL,2011,Bankruptcy,0,3,46,34,1,84,0,3,22,13,2,40,124,0,6,68,47,3
WEST BENGAL,2011,Suspected/Illicit Relation,0,67,86,44,3,200,0,75,59,9,0,143,343,0,142,145,53,3
WEST BENGAL,2011,Cancellation/Non-Settlement of Marriage,0,48,13,1,0,62,0,78,17,5,0,100,162,0,126,30,6,0
WEST BENGAL,2011,Infertility,0,0,0,0,0,0,0,0,12,5,0,17,17,0,0,12,5,0
WEST BENGAL,2011,Illness (Aids/STD),0,0,2,0,0,2,0,0,0,0,0,0,2,0,0,2,0,0
WEST BENGAL,2011,Cancer,0,0,8,32,17,57,0,2,16,20,5,43,100,0,2,24,52,22
WEST BENGAL,2011,Paralysis,0,0,2,7,11,20,0,0,7,9,8,24,44,0,0,9,16,19
WEST BENGAL,2011,Insanity/Mental Illness,0,104,259,335,35,733,5,145,259,139,17,565,1298,5,249,518,474,52
WEST BENGAL,2011,Other Prolonged Illness,0,39,70,87,41,237,3,15,55,42,29,144,381,3,54,125,129,70
WEST BENGAL,2011,Death of Dear Person,6,13,5,10,1,35,7,6,6,4,1,24,59,13,19,11,14,2
WEST BENGAL,2011,Dowry Dispute,0,0,0,0,0,0,0,551,320,59,0,930,930,0,551,320,59,0
WEST BENGAL,2011,Divorce,0,1,12,0,0,13,0,26,38,10,1,75,88,0,27,50,10,1
WEST BENGAL,2011,Drug Abuse/Addiction,0,18,36,27,13,94,0,0,0,0,0,0,94,0,18,36,27,13
WEST BENGAL,2011,Failure in Examination,15,206,16,0,0,237,20,113,8,0,0,141,378,35,319,24,0,0
WEST BENGAL,2011,Fall in Social Reputation,0,9,21,16,3,49,0,19,15,5,0,39,88,0,28,36,21,3
WEST BENGAL,2011,Family Problems,12,393,860,512,92,1869,15,387,480,245,51,1178,3047,27,780,1340,757,143
WEST BENGAL,2011,Ideological Causes/Hero Worshipping,0,0,0,0,0,0,0,0,0,0,0,0,0,0,0,0,0,0
WEST BENGAL,2011,Illegitimate Pregnancy,0,0,0,0,0,0,1,22,7,1,0,31,31,1,22,7,1,0
WEST BENGAL,2011,Love Affairs,10,290,138,23,0,461,19,345,102,14,0,480,941,29,635,240,37,0
WEST BENGAL,2011,"Physical Abuse (Rape,Incest Etc.)",0,0,0,0,0,0,0,5,2,0,0,7,7,0,5,2,0,0
WEST BENGAL,2011,Poverty,0,2,2,0,0,4,0,0,0,0,0,0,4,0,2,2,0,0
WEST BENGAL,2011,Professional/Career Problem,0,6,117,47,0,170,0,7,8,2,0,17,187,0,13,125,49,0
WEST BENGAL,2011,Property Dispute,0,26,105,103,15,249,10,41,41,39,25,156,405,10,67,146,142,40
WEST BENGAL,2011,Unemployment,0,139,252,38,0,429,0,27,31,19,0,77,506,0,166,283,57,0
WEST BENGAL,2011,Causes Not known,158,833,1108,642,363,3104,98,511,617,390,182,1798,4902,256,1344,1725,1032,545
WEST BENGAL,2011,Other Causes,83,324,634,338,136,1515,80,335,204,131,89,839,2354,163,659,838,469,225
WEST BENGAL,2011,Total,284,2521,3792,2296,731,9624,258,2713,2326,1161,410,6868,16492,542,5234,6118,3457,1141
WEST BENGAL,2011,Total Illness,0,143,341,461,104,1049,8,162,337,210,59,776,1825,8,305,678,671,163
WEST BENGAL,2012,Bankruptcy,0,0,0,0,0,0,0,0,0,0,0,0,0,0,0,0,0,0
WEST BENGAL,2012,Suspected/Illicit Relation,0,0,0,0,0,0,0,0,0,0,0,0,0,0,0,0,0,0
WEST BENGAL,2012,Cancellation/Non-Settlement of Marriage,0,0,0,0,0,0,0,0,0,0,0,0,0,0,0,0,0,0
WEST BENGAL,2012,Infertility,0,0,0,0,0,0,0,0,0,0,0,0,0,0,0,0,0,0
WEST BENGAL,2012,Illness (Aids/STD),0,0,0,0,0,0,0,0,0,0,0,0,0,0,0,0,0,0
WEST BENGAL,2012,Cancer,0,0,0,0,0,0,0,0,0,0,0,0,0,0,0,0,0,0
WEST BENGAL,2012,Paralysis,0,0,0,0,0,0,0,0,0,0,0,0,0,0,0,0,0,0
WEST BENGAL,2012,Insanity/Mental Illness,0,0,0,0,0,0,0,0,0,0,0,0,0,0,0,0,0,0
WEST BENGAL,2012,Other Prolonged Illness,0,0,0,0,0,0,0,0,0,0,0,0,0,0,0,0,0,0
WEST BENGAL,2012,Death of Dear Person,0,0,0,0,0,0,0,0,0,0,0,0,0,0,0,0,0,0
WEST BENGAL,2012,Dowry Dispute,0,0,0,0,0,0,0,0,0,0,0,0,0,0,0,0,0,0
WEST BENGAL,2012,Divorce,0,0,0,0,0,0,0,0,0,0,0,0,0,0,0,0,0,0
WEST BENGAL,2012,Drug Abuse/Addiction,0,0,0,0,0,0,0,0,0,0,0,0,0,0,0,0,0,0
WEST BENGAL,2012,Failure in Examination,0,0,0,0,0,0,0,0,0,0,0,0,0,0,0,0,0,0
WEST BENGAL,2012,Fall in Social Reputation,0,0,0,0,0,0,0,0,0,0,0,0,0,0,0,0,0,0
WEST BENGAL,2012,Family Problems,0,0,0,0,0,0,0,0,0,0,0,0,0,0,0,0,0,0
WEST BENGAL,2012,Ideological Causes/Hero Worshipping,0,0,0,0,0,0,0,0,0,0,0,0,0,0,0,0,0,0
WEST BENGAL,2012,Illegitimate Pregnancy,0,0,0,0,0,0,0,0,0,0,0,0,0,0,0,0,0,0
WEST BENGAL,2012,Love Affairs,0,0,0,0,0,0,0,0,0,0,0,0,0,0,0,0,0,0
WEST BENGAL,2012,"Physical Abuse (Rape,Incest Etc.)",0,0,0,0,0,0,0,0,0,0,0,0,0,0,0,0,0,0
WEST BENGAL,2012,Poverty,0,0,0,0,0,0,0,0,0,0,0,0,0,0,0,0,0,0
WEST BENGAL,2012,Professional/Career Problem,0,0,0,0,0,0,0,0,0,0,0,0,0,0,0,0,0,0
WEST BENGAL,2012,Property Dispute,0,0,0,0,0,0,0,0,0,0,0,0,0,0,0,0,0,0
WEST BENGAL,2012,Unemployment,0,0,0,0,0,0,0,0,0,0,0,0,0,0,0,0,0,0
WEST BENGAL,2012,Causes Not known,0,0,0,0,0,0,0,0,0,0,0,0,0,0,0,0,0,0
WEST BENGAL,2012,Other Causes,0,0,0,0,0,0,0,0,0,0,0,0,0,0,0,0,0,0
WEST BENGAL,2012,Total,0,0,0,0,0,0,0,0,0,0,0,0,0,0,0,0,0,0
WEST BENGAL,2012,Total Illness,0,0,0,0,0,0,0,0,0,0,0,0,0,0,0,0,0,0
TOTAL (STATES),2001,Bankruptcy,1,364,1016,815,197,2393,5,112,197,139,35,488,2881,6,476,1213,954,232
TOTAL (STATES),2001,Suspected/Illicit Relation,6,229,216,74,10,535,12,389,241,15,0,657,1192,18,618,457,89,10
TOTAL (STATES),2001,Cancellation/Non-Settlement of Marriage,1,252,117,14,2,386,9,395,110,6,0,520,906,10,647,227,20,2
TOTAL (STATES),2001,Infertility,0,46,83,25,9,163,1,258,241,93,3,596,759,1,304,324,118,12
TOTAL (STATES),2001,Illness (Aids/STD),1,165,135,133,20,454,5,138,97,29,13,282,736,6,303,232,162,33
TOTAL (STATES),2001,Cancer,0,55,162,211,108,536,1,28,69,98,40,236,772,1,83,231,309,148
TOTAL (STATES),2001,Paralysis,2,61,107,200,141,511,2,46,50,101,55,254,765,4,107,157,301,196
TOTAL (STATES),2001,Insanity/Mental Illness,41,941,1324,917,433,3656,43,672,699,463,277,2154,5810,84,1613,2023,1380,710
TOTAL (STATES),2001,Other Prolonged Illness,107,2285,3228,2954,1490,10064,121,1872,1709,1224,667,5593,15657,228,4157,4937,4178,2157
TOTAL (STATES),2001,Death of Dear Person,6,104,144,106,74,434,13,174,132,69,33,421,855,19,278,276,175,107
TOTAL (STATES),2001,Dowry Dispute,0,25,16,2,0,43,1,1758,554,23,0,2336,2379,1,1783,570,25,0
TOTAL (STATES),2001,Divorce,0,26,56,28,11,121,0,104,66,22,2,194,315,0,130,122,50,13
TOTAL (STATES),2001,Drug Abuse/Addiction,13,337,578,329,63,1320,6,32,18,16,4,76,1396,19,369,596,345,67
TOTAL (STATES),2001,Failure in Examination,221,873,59,8,0,1161,161,670,34,3,0,868,2029,382,1543,93,11,0
TOTAL (STATES),2001,Fall in Social Reputation,11,229,251,194,82,767,8,185,153,50,34,430,1197,19,414,404,244,116
TOTAL (STATES),2001,Family Problems,165,4311,5175,2997,915,13563,179,4471,3529,1372,451,10002,23565,344,8782,8704,4369,1366
TOTAL (STATES),2001,Ideological Causes/Hero Worshipping,1,18,15,19,1,54,0,33,9,6,0,48,102,1,51,24,25,1
TOTAL (STATES),2001,Illegitimate Pregnancy,0,21,9,0,0,30,5,240,83,7,0,335,365,5,261,92,7,0
TOTAL (STATES),2001,Love Affairs,26,1109,399,43,1,1578,69,1122,273,27,0,1491,3069,95,2231,672,70,1
TOTAL (STATES),2001,"Physical Abuse (Rape,Incest Etc.)",1,43,34,23,8,109,10,169,69,11,4,263,372,11,212,103,34,12
TOTAL (STATES),2001,Poverty,16,427,739,434,148,1764,15,227,266,173,40,721,2485,31,654,1005,607,188
TOTAL (STATES),2001,Professional/Career Problem,2,205,312,172,56,747,0,40,34,24,3,101,848,2,245,346,196,59
TOTAL (STATES),2001,Property Dispute,11,267,415,365,134,1192,1,107,152,82,56,398,1590,12,374,567,447,190
TOTAL (STATES),2001,Unemployment,8,955,930,333,31,2257,4,189,141,64,20,418,2675,12,1144,1071,397,51
TOTAL (STATES),2001,Causes Not known,479,3783,4669,2705,1065,12701,433,3041,2273,1131,477,7355,20056,912,6824,6942,3836,1542
TOTAL (STATES),2001,Other Causes,360,2394,2885,2078,842,8559,368,1993,1514,862,403,5140,13699,728,4387,4399,2940,1245
TOTAL (STATES),2001,Total,1479,19525,23074,15179,5841,65098,1472,18465,12713,6110,2617,41377,106475,2951,37990,35787,21289,8458
TOTAL (STATES),2001,Total Illness,151,3507,4956,4415,2192,15221,172,2756,2624,1915,1052,8519,23740,323,6263,7580,6330,3244
TOTAL (STATES),2002,Bankruptcy,7,369,927,709,253,2265,9,93,149,79,24,354,2619,16,462,1076,788,277
TOTAL (STATES),2002,Suspected/Illicit Relation,3,248,215,92,2,560,2,443,287,48,10,790,1350,5,691,502,140,12
TOTAL (STATES),2002,Cancellation/Non-Settlement of Marriage,0,255,114,21,0,390,0,398,134,26,0,558,948,0,653,248,47,0
TOTAL (STATES),2002,Infertility,0,56,96,60,9,221,3,237,234,64,0,538,759,3,293,330,124,9
TOTAL (STATES),2002,Illness (Aids/STD),6,103,195,94,47,445,5,89,104,21,23,242,687,11,192,299,115,70
TOTAL (STATES),2002,Cancer,1,52,170,225,133,581,4,39,101,118,44,306,887,5,91,271,343,177
TOTAL (STATES),2002,Paralysis,0,63,108,133,137,441,0,49,37,83,35,204,645,0,112,145,216,172
TOTAL (STATES),2002,Insanity/Mental Illness,38,1127,1500,969,459,4093,44,703,787,479,237,2250,6343,82,1830,2287,1448,696
TOTAL (STATES),2002,Other Prolonged Illness,77,2381,3723,3230,1783,11194,144,1957,1786,1240,699,5826,17020,221,4338,5509,4470,2482
TOTAL (STATES),2002,Death of Dear Person,5,105,136,89,48,383,6,124,88,57,28,303,686,11,229,224,146,76
TOTAL (STATES),2002,Dowry Dispute,0,16,10,4,0,30,116,1678,493,38,3,2328,2358,116,1694,503,42,3
TOTAL (STATES),2002,Divorce,0,29,37,14,5,85,0,130,103,26,1,260,345,0,159,140,40,6
TOTAL (STATES),2002,Drug Abuse/Addiction,5,385,713,398,74,1575,8,40,29,21,11,109,1684,13,425,742,419,85
TOTAL (STATES),2002,Failure in Examination,174,1001,68,3,0,1246,169,737,50,2,0,958,2204,343,1738,118,5,0
TOTAL (STATES),2002,Fall in Social Reputation,20,149,232,145,38,584,3,116,103,37,15,274,858,23,265,335,182,53
TOTAL (STATES),2002,Family Problems,183,4378,5499,3177,1091,14328,243,4653,3351,1407,456,10110,24438,426,9031,8850,4584,1547
TOTAL (STATES),2002,Ideological Causes/Hero Worshipping,0,19,10,13,9,51,0,14,11,7,4,36,87,0,33,21,20,13
TOTAL (STATES),2002,Illegitimate Pregnancy,0,7,0,1,0,8,9,163,77,5,0,254,262,9,170,77,6,0
TOTAL (STATES),2002,Love Affairs,5,1105,442,35,2,1589,58,1049,321,21,0,1449,3038,63,2154,763,56,2
TOTAL (STATES),2002,"Physical Abuse (Rape,Incest Etc.)",0,76,63,30,6,175,18,135,72,19,6,250,425,18,211,135,49,12
TOTAL (STATES),2002,Poverty,14,450,703,540,133,1840,9,202,212,118,40,581,2421,23,652,915,658,173
TOTAL (STATES),2002,Professional/Career Problem,0,219,322,174,30,745,3,108,75,24,6,216,961,3,327,397,198,36
TOTAL (STATES),2002,Property Dispute,7,186,355,349,65,962,0,82,105,69,31,287,1249,7,268,460,418,96
TOTAL (STATES),2002,Unemployment,4,859,827,239,19,1948,2,135,97,34,0,268,2216,6,994,924,273,19
TOTAL (STATES),2002,Causes Not known,383,4025,4451,2849,1158,12866,356,2537,2020,1081,467,6461,19327,739,6562,6471,3930,1625
TOTAL (STATES),2002,Other Causes,350,2792,3447,2126,768,9483,341,2082,1683,723,370,5199,14682,691,4874,5130,2849,1138
TOTAL (STATES),2002,Total,1282,20455,24363,15719,6269,68088,1552,17993,12509,5847,2510,40411,108499,2834,38448,36872,21566,8779
TOTAL (STATES),2002,Total Illness,122,3726,5696,4651,2559,16754,197,2837,2815,1941,1038,8828,25582,319,6563,8511,6592,3597
TOTAL (STATES),2003,Bankruptcy,13,432,1039,769,234,2487,8,92,142,76,30,348,2835,21,524,1181,845,264
TOTAL (STATES),2003,Suspected/Illicit Relation,5,239,229,98,8,579,4,401,266,34,1,706,1285,9,640,495,132,9
TOTAL (STATES),2003,Cancellation/Non-Settlement of Marriage,3,225,148,35,2,413,4,353,120,16,2,495,908,7,578,268,51,4
TOTAL (STATES),2003,Infertility,0,46,110,42,6,204,4,191,232,94,1,522,726,4,237,342,136,7
TOTAL (STATES),2003,Illness (Aids/STD),7,144,217,94,40,502,9,124,84,31,18,266,768,16,268,301,125,58
TOTAL (STATES),2003,Cancer,1,49,149,121,77,397,7,43,89,79,27,245,642,8,92,238,200,104
TOTAL (STATES),2003,Paralysis,7,50,85,102,86,330,7,47,41,58,31,184,514,14,97,126,160,117
TOTAL (STATES),2003,Insanity/Mental Illness,42,1235,1718,1127,539,4661,58,787,863,594,277,2579,7240,100,2022,2581,1721,816
TOTAL (STATES),2003,Other Prolonged Illness,95,2213,3049,2832,1663,9852,110,1720,1784,1161,728,5503,15355,205,3933,4833,3993,2391
TOTAL (STATES),2003,Death of Dear Person,6,181,175,153,55,570,11,193,134,59,27,424,994,17,374,309,212,82
TOTAL (STATES),2003,Dowry Dispute,4,14,47,33,1,99,10,1700,550,40,2,2302,2401,14,1714,597,73,3
TOTAL (STATES),2003,Divorce,0,12,63,18,0,93,0,80,107,22,1,210,303,0,92,170,40,1
TOTAL (STATES),2003,Drug Abuse/Addiction,4,358,716,446,121,1645,2,45,29,15,5,96,1741,6,403,745,461,126
TOTAL (STATES),2003,Failure in Examination,147,921,90,0,0,1158,158,846,43,1,0,1048,2206,305,1767,133,1,0
TOTAL (STATES),2003,Fall in Social Reputation,7,147,244,139,40,577,17,138,98,56,9,318,895,24,285,342,195,49
TOTAL (STATES),2003,Family Problems,178,4726,5715,3588,1151,15358,190,4478,3376,1668,592,10304,25662,368,9204,9091,5256,1743
TOTAL (STATES),2003,Ideological Causes/Hero Worshipping,0,58,71,40,8,177,2,41,12,9,1,65,242,2,99,83,49,9
TOTAL (STATES),2003,Illegitimate Pregnancy,0,0,2,0,1,3,1,171,62,11,0,245,248,1,171,64,11,1
TOTAL (STATES),2003,Love Affairs,28,1438,575,61,1,2103,58,1329,421,34,0,1842,3945,86,2767,996,95,1
TOTAL (STATES),2003,"Physical Abuse (Rape,Incest Etc.)",6,64,92,41,23,226,14,147,74,28,10,273,499,20,211,166,69,33
TOTAL (STATES),2003,Poverty,16,474,773,551,147,1961,16,212,250,133,70,681,2642,32,686,1023,684,217
TOTAL (STATES),2003,Professional/Career Problem,1,222,423,191,30,867,0,58,57,23,3,141,1008,1,280,480,214,33
TOTAL (STATES),2003,Property Dispute,1,268,446,325,97,1137,1,100,141,105,27,374,1511,2,368,587,430,124
TOTAL (STATES),2003,Unemployment,0,888,845,299,39,2071,4,199,140,62,4,409,2480,4,1087,985,361,43
TOTAL (STATES),2003,Causes Not known,355,3770,3932,2420,1017,11494,319,2285,1704,1010,410,5728,17222,674,6055,5636,3430,1427
TOTAL (STATES),2003,Other Causes,326,3013,3236,2374,992,9941,260,1930,1350,729,340,4609,14550,586,4943,4586,3103,1332
TOTAL (STATES),2003,Total,1252,21187,24189,15899,6378,68905,1274,17710,12169,6148,2616,39917,108822,2526,38897,36358,22047,8994
TOTAL (STATES),2003,Total Illness,152,3691,5218,4276,2405,15742,191,2721,2861,1923,1081,8777,24519,343,6412,8079,6199,3486
TOTAL (STATES),2004,Bankruptcy,11,432,1152,893,200,2688,8,96,140,90,22,356,3044,19,528,1292,983,222
TOTAL (STATES),2004,Suspected/Illicit Relation,2,285,209,50,3,549,6,399,212,39,1,657,1206,8,684,421,89,4
TOTAL (STATES),2004,Cancellation/Non-Settlement of Marriage,2,193,103,18,1,317,1,338,84,4,0,427,744,3,531,187,22,1
TOTAL (STATES),2004,Infertility,1,49,95,51,6,202,1,198,235,51,2,487,689,2,247,330,102,8
TOTAL (STATES),2004,Illness (Aids/STD),3,129,212,75,34,453,7,93,80,24,10,214,667,10,222,292,99,44
TOTAL (STATES),2004,Cancer,0,53,178,195,135,561,0,28,70,107,52,257,818,0,81,248,302,187
TOTAL (STATES),2004,Paralysis,4,30,68,117,104,323,2,50,51,41,36,180,503,6,80,119,158,140
TOTAL (STATES),2004,Insanity/Mental Illness,66,1231,1568,1190,547,4602,55,791,817,535,230,2428,7030,121,2022,2385,1725,777
TOTAL (STATES),2004,Other Prolonged Illness,86,2333,3342,2869,1763,10393,118,1841,1703,1244,738,5644,16037,204,4174,5045,4113,2501
TOTAL (STATES),2004,Death of Dear Person,7,125,134,103,64,433,10,109,93,56,31,299,732,17,234,227,159,95
TOTAL (STATES),2004,Dowry Dispute,0,27,17,7,2,53,10,1962,527,32,0,2531,2584,10,1989,544,39,2
TOTAL (STATES),2004,Divorce,0,34,61,26,2,123,0,119,98,14,0,231,354,0,153,159,40,2
TOTAL (STATES),2004,Drug Abuse/Addiction,7,441,821,454,95,1818,0,36,32,11,1,80,1898,7,477,853,465,96
TOTAL (STATES),2004,Failure in Examination,219,1028,136,17,2,1402,226,752,51,3,0,1032,2434,445,1780,187,20,2
TOTAL (STATES),2004,Fall in Social Reputation,4,173,171,104,39,491,5,91,67,32,5,200,691,9,264,238,136,44
TOTAL (STATES),2004,Family Problems,191,4340,5804,3605,1043,14983,192,4555,3319,1455,471,9992,24975,383,8895,9123,5060,1514
TOTAL (STATES),2004,Ideological Causes/Hero Worshipping,1,12,22,7,6,48,2,19,8,0,1,30,78,3,31,30,7,7
TOTAL (STATES),2004,Illegitimate Pregnancy,0,5,4,2,0,11,6,121,61,5,0,193,204,6,126,65,7,0
TOTAL (STATES),2004,Love Affairs,22,1380,540,54,2,1998,57,1226,443,31,0,1757,3755,79,2606,983,85,2
TOTAL (STATES),2004,"Physical Abuse (Rape,Incest Etc.)",0,41,39,11,10,101,1,111,70,17,4,203,304,1,152,109,28,14
TOTAL (STATES),2004,Poverty,8,556,958,759,214,2495,14,223,314,223,77,851,3346,22,779,1272,982,291
TOTAL (STATES),2004,Professional/Career Problem,0,255,364,224,38,881,1,45,57,31,3,137,1018,1,300,421,255,41
TOTAL (STATES),2004,Property Dispute,14,271,488,336,117,1226,0,142,163,125,30,460,1686,14,413,651,461,147
TOTAL (STATES),2004,Unemployment,1,954,831,299,25,2110,0,164,190,61,2,417,2527,1,1118,1021,360,27
TOTAL (STATES),2004,Causes Not known,336,3731,4393,2909,1156,12525,312,2432,1832,893,384,5853,18378,648,6163,6225,3802,1540
TOTAL (STATES),2004,Other Causes,462,3020,3667,2442,979,10570,390,2136,1527,900,428,5381,15951,852,5156,5194,3342,1407
TOTAL (STATES),2004,Total,1447,21128,25377,16817,6587,71356,1424,18077,12244,6024,2528,40297,111653,2871,39205,37621,22841,9115
TOTAL (STATES),2004,Total Illness,159,3776,5368,4446,2583,16332,182,2803,2721,1951,1066,8723,25055,341,6579,8089,6397,3649
TOTAL (STATES),2005,Bankruptcy,7,458,1081,920,206,2672,6,119,159,95,25,404,3076,13,577,1240,1015,231
TOTAL (STATES),2005,Suspected/Illicit Relation,7,253,209,81,11,561,24,369,223,39,1,656,1217,31,622,432,120,12
TOTAL (STATES),2005,Cancellation/Non-Settlement of Marriage,4,255,130,37,5,431,2,374,120,8,0,504,935,6,629,250,45,5
TOTAL (STATES),2005,Infertility,6,52,114,47,4,223,4,206,246,91,3,550,773,10,258,360,138,7
TOTAL (STATES),2005,Illness (Aids/STD),7,133,324,157,72,693,13,187,118,50,34,402,1095,20,320,442,207,106
TOTAL (STATES),2005,Cancer,5,53,126,199,127,510,4,17,42,90,81,234,744,9,70,168,289,208
TOTAL (STATES),2005,Paralysis,11,62,142,187,166,568,8,44,50,70,47,219,787,19,106,192,257,213
TOTAL (STATES),2005,Insanity/Mental Illness,32,1319,1740,1254,554,4899,39,831,826,614,314,2624,7523,71,2150,2566,1868,868
TOTAL (STATES),2005,Other Prolonged Illness,67,2054,2865,2606,1753,9345,96,1703,1518,1134,782,5233,14578,163,3757,4383,3740,2535
TOTAL (STATES),2005,Death of Dear Person,4,102,180,118,59,463,7,92,151,68,19,337,800,11,194,331,186,78
TOTAL (STATES),2005,Dowry Dispute,2,13,24,3,0,42,0,1683,530,38,3,2254,2296,2,1696,554,41,3
TOTAL (STATES),2005,Divorce,0,23,39,29,10,101,0,93,111,12,0,216,317,0,116,150,41,10
TOTAL (STATES),2005,Drug Abuse/Addiction,7,451,884,479,104,1925,2,30,27,10,11,80,2005,9,481,911,489,115
TOTAL (STATES),2005,Failure in Examination,182,987,77,14,0,1260,263,670,43,6,2,984,2244,445,1657,120,20,2
TOTAL (STATES),2005,Fall in Social Reputation,8,379,338,219,65,1009,11,259,164,62,29,525,1534,19,638,502,281,94
TOTAL (STATES),2005,Family Problems,160,4310,5718,3672,1067,14927,162,4498,3088,1563,544,9855,24782,322,8808,8806,5235,1611
TOTAL (STATES),2005,Ideological Causes/Hero Worshipping,5,29,45,42,20,141,1,39,18,10,5,73,214,6,68,63,52,25
TOTAL (STATES),2005,Illegitimate Pregnancy,1,4,2,0,0,7,3,116,41,4,0,164,171,4,120,43,4,0
TOTAL (STATES),2005,Love Affairs,36,1223,484,43,4,1790,58,1260,313,14,1,1646,3436,94,2483,797,57,5
TOTAL (STATES),2005,"Physical Abuse (Rape,Incest Etc.)",2,25,26,13,1,67,5,94,26,9,1,135,202,7,119,52,22,2
TOTAL (STATES),2005,Poverty,4,413,734,573,200,1924,9,182,223,125,53,592,2516,13,595,957,698,253
TOTAL (STATES),2005,Professional/Career Problem,0,182,310,154,15,661,1,25,29,5,5,65,726,1,207,339,159,20
TOTAL (STATES),2005,Property Dispute,3,198,459,457,91,1208,2,69,152,109,12,344,1552,5,267,611,566,103
TOTAL (STATES),2005,Unemployment,7,729,756,275,24,1791,8,144,133,50,6,341,2132,15,873,889,325,30
TOTAL (STATES),2005,Causes Not known,273,3740,3973,2578,903,11467,216,2399,1652,950,280,5497,16964,489,6139,5625,3528,1183
TOTAL (STATES),2005,Other Causes,471,3857,4700,2812,1059,12899,264,2467,2028,1097,428,6284,19183,735,6324,6728,3909,1487
TOTAL (STATES),2005,Total,1311,21304,25480,16969,6520,71584,1208,17970,12031,6323,2686,40218,111802,2519,39274,37511,23292,9206
TOTAL (STATES),2005,Total Illness,122,3621,5197,4403,2672,16015,160,2782,2554,1958,1258,8712,24727,282,6403,7751,6361,3930
TOTAL (STATES),2006,Bankruptcy,3,440,1168,1013,282,2906,3,112,170,87,27,399,3305,6,552,1338,1100,309
TOTAL (STATES),2006,Suspected/Illicit Relation,3,216,218,60,2,499,11,349,247,22,0,629,1128,14,565,465,82,2
TOTAL (STATES),2006,Cancellation/Non-Settlement of Marriage,0,223,110,8,1,342,0,386,106,10,1,503,845,0,609,216,18,2
TOTAL (STATES),2006,Infertility,0,45,88,45,8,186,0,204,208,42,2,456,642,0,249,296,87,10
TOTAL (STATES),2006,Illness (Aids/STD),1,131,244,82,40,498,11,126,112,28,10,287,785,12,257,356,110,50
TOTAL (STATES),2006,Cancer,0,50,127,199,144,520,2,24,81,78,36,221,741,2,74,208,277,180
TOTAL (STATES),2006,Paralysis,2,41,102,143,89,377,3,33,35,44,42,157,534,5,74,137,187,131
TOTAL (STATES),2006,Insanity/Mental Illness,45,1456,1853,1247,612,5213,69,861,893,571,340,2734,7947,114,2317,2746,1818,952
TOTAL (STATES),2006,Other Prolonged Illness,80,2285,3306,2881,1816,10368,113,2024,1779,1191,745,5852,16220,193,4309,5085,4072,2561
TOTAL (STATES),2006,Death of Dear Person,5,100,184,132,48,469,7,121,120,122,24,394,863,12,221,304,254,72
TOTAL (STATES),2006,Dowry Dispute,0,32,27,1,0,60,1,1658,525,21,1,2206,2266,1,1690,552,22,1
TOTAL (STATES),2006,Divorce,0,29,95,38,6,168,0,106,88,31,0,225,393,0,135,183,69,6
TOTAL (STATES),2006,Drug Abuse/Addiction,3,442,1033,479,113,2070,5,29,32,11,9,86,2156,8,471,1065,490,122
TOTAL (STATES),2006,Failure in Examination,241,1026,48,6,1,1322,266,733,23,3,0,1025,2347,507,1759,71,9,1
TOTAL (STATES),2006,Fall in Social Reputation,6,215,375,212,58,866,11,184,133,96,24,448,1314,17,399,508,308,82
TOTAL (STATES),2006,Family Problems,125,5215,7146,4383,1430,18299,160,5535,3798,1840,549,11882,30181,285,10750,10944,6223,1979
TOTAL (STATES),2006,Ideological Causes/Hero Worshipping,3,56,81,29,11,180,3,58,38,9,1,109,289,6,114,119,38,12
TOTAL (STATES),2006,Illegitimate Pregnancy,0,2,0,0,0,2,10,168,68,8,0,254,256,10,170,68,8,0
TOTAL (STATES),2006,Love Affairs,17,1506,596,36,0,2155,38,1437,347,18,1,1841,3996,55,2943,943,54,1
TOTAL (STATES),2006,"Physical Abuse (Rape,Incest Etc.)",1,23,39,20,3,86,9,130,80,6,4,229,315,10,153,119,26,7
TOTAL (STATES),2006,Poverty,14,369,903,541,145,1972,22,166,239,156,60,643,2615,36,535,1142,697,205
TOTAL (STATES),2006,Professional/Career Problem,0,203,455,233,53,944,0,41,60,30,4,135,1079,0,244,515,263,57
TOTAL (STATES),2006,Property Dispute,1,409,621,529,74,1634,2,108,228,239,19,596,2230,3,517,849,768,93
TOTAL (STATES),2006,Unemployment,1,717,669,204,14,1605,0,114,83,28,0,225,1830,1,831,752,232,14
TOTAL (STATES),2006,Causes Not known,293,3849,3986,2410,829,11367,237,2306,1574,727,276,5120,16487,530,6155,5560,3137,1105
TOTAL (STATES),2006,Other Causes,332,3082,3787,2150,744,10095,256,1960,1614,794,332,4956,15051,588,5042,5401,2944,1076
TOTAL (STATES),2006,Total,1176,22162,27261,17081,6523,74203,1239,18973,12681,6212,2507,41612,115815,2415,41135,39942,23293,9030
TOTAL (STATES),2006,Total Illness,128,3963,5632,4552,2701,16976,198,3068,2900,1912,1173,9251,26227,326,7031,8532,6464,3874
TOTAL (STATES),2007,Bankruptcy,2,432,1168,1047,342,2991,1,89,113,84,11,298,3289,3,521,1281,1131,353
TOTAL (STATES),2007,Suspected/Illicit Relation,11,244,242,81,6,584,9,378,290,30,1,708,1292,20,622,532,111,7
TOTAL (STATES),2007,Cancellation/Non-Settlement of Marriage,0,244,146,11,0,401,3,425,121,9,0,558,959,3,669,267,20,0
TOTAL (STATES),2007,Infertility,0,42,140,41,9,232,0,242,247,66,10,565,797,0,284,387,107,19
TOTAL (STATES),2007,Illness (Aids/STD),3,142,252,123,95,615,7,94,130,79,24,334,949,10,236,382,202,119
TOTAL (STATES),2007,Cancer,1,57,126,200,162,546,0,19,78,93,54,244,790,1,76,204,293,216
TOTAL (STATES),2007,Paralysis,0,27,78,118,104,327,1,25,50,51,42,169,496,1,52,128,169,146
TOTAL (STATES),2007,Insanity/Mental Illness,37,1434,1994,1554,537,5556,59,1006,1012,628,290,2995,8551,96,2440,3006,2182,827
TOTAL (STATES),2007,Other Prolonged Illness,71,2335,3262,3015,1790,10473,111,2003,1693,1190,787,5784,16257,182,4338,4955,4205,2577
TOTAL (STATES),2007,Death of Dear Person,4,92,127,93,38,354,10,143,114,59,26,352,706,14,235,241,152,64
TOTAL (STATES),2007,Dowry Dispute,0,20,14,0,2,36,13,2177,807,43,0,3040,3076,13,2197,821,43,2
TOTAL (STATES),2007,Divorce,0,23,75,30,2,130,0,87,95,22,0,204,334,0,110,170,52,2
TOTAL (STATES),2007,Drug Abuse/Addiction,9,513,1001,569,138,2230,1,31,28,14,5,79,2309,10,544,1029,583,143
TOTAL (STATES),2007,Failure in Examination,175,819,52,4,2,1052,174,654,19,8,0,855,1907,349,1473,71,12,2
TOTAL (STATES),2007,Fall in Social Reputation,5,208,295,137,43,688,1,192,151,49,14,407,1095,6,400,446,186,57
TOTAL (STATES),2007,Family Problems,142,5035,6970,4423,1355,17925,160,4732,3539,1730,494,10655,28580,302,9767,10509,6153,1849
TOTAL (STATES),2007,Ideological Causes/Hero Worshipping,0,45,75,32,9,161,2,57,25,8,1,93,254,2,102,100,40,10
TOTAL (STATES),2007,Illegitimate Pregnancy,0,6,2,5,1,14,3,107,33,1,0,144,158,3,113,35,6,1
TOTAL (STATES),2007,Love Affairs,17,1203,441,42,9,1712,74,1249,258,11,1,1593,3305,91,2452,699,53,10
TOTAL (STATES),2007,"Physical Abuse (Rape,Incest Etc.)",0,41,37,31,3,112,3,115,44,19,3,184,296,3,156,81,50,6
TOTAL (STATES),2007,Poverty,11,424,871,616,203,2125,27,204,252,139,33,655,2780,38,628,1123,755,236
TOTAL (STATES),2007,Professional/Career Problem,1,280,516,260,53,1110,4,57,55,35,4,155,1265,5,337,571,295,57
TOTAL (STATES),2007,Property Dispute,2,278,408,297,78,1063,2,105,120,90,26,343,1406,4,383,528,387,104
TOTAL (STATES),2007,Unemployment,2,957,822,261,24,2066,9,174,81,9,1,274,2340,11,1131,903,270,25
TOTAL (STATES),2007,Causes Not known,309,4288,4573,3205,1043,13418,293,2623,2011,1047,367,6341,19759,602,6911,6584,4252,1410
TOTAL (STATES),2007,Other Causes,365,3673,4293,2671,876,11878,301,2193,1707,903,375,5479,17357,666,5866,6000,3574,1251
TOTAL (STATES),2007,Total,1167,22862,27980,18866,6924,77799,1268,19181,13073,6417,2569,42508,120307,2435,42043,41053,25283,9493
TOTAL (STATES),2007,Total Illness,112,3995,5712,5010,2688,17517,178,3147,2963,2041,1197,9526,27043,290,7142,8675,7051,3885
TOTAL (STATES),2008,Bankruptcy,2,421,1133,866,229,2651,2,70,115,80,15,282,2933,4,491,1248,946,244
TOTAL (STATES),2008,Suspected/Illicit Relation,3,262,270,75,8,618,10,329,235,47,9,630,1248,13,591,505,122,17
TOTAL (STATES),2008,Cancellation/Non-Settlement of Marriage,4,248,144,28,2,426,6,362,113,9,2,492,918,10,610,257,37,4
TOTAL (STATES),2008,Infertility,0,31,178,41,6,256,0,170,266,41,1,478,734,0,201,444,82,7
TOTAL (STATES),2008,Illness (Aids/STD),1,55,200,219,87,562,0,36,105,70,26,237,799,1,91,305,289,113
TOTAL (STATES),2008,Cancer,0,32,122,220,130,504,2,18,70,104,37,231,735,2,50,192,324,167
TOTAL (STATES),2008,Paralysis,4,81,102,133,130,450,1,51,55,53,40,200,650,5,132,157,186,170
TOTAL (STATES),2008,Insanity/Mental Illness,51,1472,2016,1374,571,5484,61,1023,1038,690,312,3124,8608,112,2495,3054,2064,883
TOTAL (STATES),2008,Other Prolonged Illness,51,2505,3471,2927,1655,10609,93,2019,1853,1105,748,5818,16427,144,4524,5324,4032,2403
TOTAL (STATES),2008,Death of Dear Person,8,127,161,137,54,487,9,309,115,57,22,512,999,17,436,276,194,76
TOTAL (STATES),2008,Dowry Dispute,2,31,19,4,1,57,10,2145,730,46,1,2932,2989,12,2176,749,50,2
TOTAL (STATES),2008,Divorce,1,23,89,41,0,154,0,121,108,26,0,255,409,1,144,197,67,0
TOTAL (STATES),2008,Drug Abuse/Addiction,5,623,1125,653,173,2579,2,29,53,29,9,122,2701,7,652,1178,682,182
TOTAL (STATES),2008,Failure in Examination,145,979,52,10,2,1188,155,744,21,4,0,924,2112,300,1723,73,14,2
TOTAL (STATES),2008,Fall in Social Reputation,2,257,284,166,60,769,5,173,116,51,13,358,1127,7,430,400,217,73
TOTAL (STATES),2008,Family Problems,132,5114,7253,4361,1337,18197,193,4670,3926,1697,564,11050,29247,325,9784,11179,6058,1901
TOTAL (STATES),2008,Ideological Causes/Hero Worshipping,0,60,105,51,15,231,0,77,56,23,4,160,391,0,137,161,74,19
TOTAL (STATES),2008,Illegitimate Pregnancy,0,10,10,0,0,20,3,146,62,4,0,215,235,3,156,72,4,0
TOTAL (STATES),2008,Love Affairs,17,1375,433,39,4,1868,74,1427,290,27,1,1819,3687,91,2802,723,66,5
TOTAL (STATES),2008,"Physical Abuse (Rape,Incest Etc.)",1,32,47,16,4,100,6,167,71,21,1,266,366,7,199,118,37,5
TOTAL (STATES),2008,Poverty,5,458,897,690,206,2256,11,246,266,160,41,724,2980,16,704,1163,850,247
TOTAL (STATES),2008,Professional/Career Problem,0,240,422,286,68,1016,2,51,51,31,6,141,1157,2,291,473,317,74
TOTAL (STATES),2008,Property Dispute,6,220,428,309,77,1040,0,112,122,75,25,334,1374,6,332,550,384,102
TOTAL (STATES),2008,Unemployment,1,824,758,239,5,1827,2,118,62,13,0,195,2022,3,942,820,252,5
TOTAL (STATES),2008,Causes Not known,338,4479,4625,2902,1012,13356,306,2710,1945,925,382,6268,19624,644,7189,6570,3827,1394
TOTAL (STATES),2008,Other Causes,367,3908,4701,2790,742,12508,245,2426,2012,937,302,5922,18430,612,6334,6713,3727,1044
TOTAL (STATES),2008,Total,1146,23867,29045,18577,6578,79213,1198,19749,13856,6325,2561,43689,122902,2344,43616,42901,24902,9139
TOTAL (STATES),2008,Total Illness,107,4145,5911,4873,2573,17609,157,3147,3121,2022,1163,9610,27219,264,7292,9032,6895,3736
TOTAL (STATES),2009,Bankruptcy,5,447,1225,855,233,2765,11,124,153,74,16,378,3143,16,571,1378,929,249
TOTAL (STATES),2009,Suspected/Illicit Relation,3,224,194,66,6,493,12,376,228,42,14,672,1165,15,600,422,108,20
TOTAL (STATES),2009,Cancellation/Non-Settlement of Marriage,2,275,153,24,4,458,1,388,108,12,4,513,971,3,663,261,36,8
TOTAL (STATES),2009,Infertility,0,40,104,61,7,212,4,203,198,43,7,455,667,4,243,302,104,14
TOTAL (STATES),2009,Illness (Aids/STD),1,128,196,105,59,489,3,60,69,40,12,184,673,4,188,265,145,71
TOTAL (STATES),2009,Cancer,0,60,136,221,169,586,4,30,71,92,50,247,833,4,90,207,313,219
TOTAL (STATES),2009,Paralysis,5,69,120,154,169,517,2,30,45,55,67,199,716,7,99,165,209,236
TOTAL (STATES),2009,Insanity/Mental Illness,65,1507,1821,1401,565,5359,42,967,1044,662,316,3031,8390,107,2474,2865,2063,881
TOTAL (STATES),2009,Other Prolonged Illness,69,1982,3125,3132,1912,10220,80,1785,1714,1182,816,5577,15797,149,3767,4839,4314,2728
TOTAL (STATES),2009,Death of Dear Person,6,116,172,93,60,447,14,150,102,47,21,334,781,20,266,274,140,81
TOTAL (STATES),2009,Dowry Dispute,1,29,32,11,0,73,10,2011,726,44,7,2798,2871,11,2040,758,55,7
TOTAL (STATES),2009,Divorce,1,48,63,37,1,150,2,58,81,31,5,177,327,3,106,144,68,6
TOTAL (STATES),2009,Drug Abuse/Addiction,7,666,1227,746,160,2806,2,29,37,18,12,98,2904,9,695,1264,764,172
TOTAL (STATES),2009,Failure in Examination,142,846,74,15,0,1077,144,690,32,6,0,872,1949,286,1536,106,21,0
TOTAL (STATES),2009,Fall in Social Reputation,3,179,260,172,56,670,11,182,161,79,16,449,1119,14,361,421,251,72
TOTAL (STATES),2009,Family Problems,162,5296,7133,4186,1305,18082,174,5046,3888,1756,532,11396,29478,336,10342,11021,5942,1837
TOTAL (STATES),2009,Ideological Causes/Hero Worshipping,1,21,17,76,1,116,0,9,2,1,0,12,128,1,30,19,77,1
TOTAL (STATES),2009,Illegitimate Pregnancy,0,0,0,0,0,0,6,91,39,5,0,141,141,6,91,39,5,0
TOTAL (STATES),2009,Love Affairs,34,1379,430,43,3,1889,89,1319,320,11,1,1740,3629,123,2698,750,54,4
TOTAL (STATES),2009,"Physical Abuse (Rape,Incest Etc.)",3,48,21,12,7,91,8,137,55,19,6,225,316,11,185,76,31,13
TOTAL (STATES),2009,Poverty,25,510,892,673,186,2286,10,209,229,156,62,666,2952,35,719,1121,829,248
TOTAL (STATES),2009,Professional/Career Problem,0,278,494,353,61,1186,0,49,61,26,2,138,1324,0,327,555,379,63
TOTAL (STATES),2009,Property Dispute,0,182,441,356,80,1059,0,67,89,49,13,218,1277,0,249,530,405,93
TOTAL (STATES),2009,Unemployment,9,943,802,323,28,2105,3,137,111,37,13,301,2406,12,1080,913,360,41
TOTAL (STATES),2009,Causes Not known,474,4116,5123,3131,1160,14004,319,2779,2146,1084,471,6799,20803,793,6895,7269,4215,1631
TOTAL (STATES),2009,Other Causes,465,3744,4610,3095,983,12897,467,2733,2241,1369,403,7213,20110,932,6477,6851,4464,1386
TOTAL (STATES),2009,Total,1483,23133,28865,19341,7215,80037,1418,19659,13950,6940,2866,44833,124870,2901,42792,42815,26281,10081
TOTAL (STATES),2009,Total Illness,140,3746,5398,5013,2874,17171,131,2872,2943,2031,1261,9238,26409,271,6618,8341,7044,4135
TOTAL (STATES),2010,Bankruptcy,2,450,978,749,201,2380,4,86,131,66,25,312,2692,6,536,1109,815,226
TOTAL (STATES),2010,Suspected/Illicit Relation,5,239,249,63,9,565,17,436,264,40,1,758,1323,22,675,513,103,10
TOTAL (STATES),2010,Cancellation/Non-Settlement of Marriage,1,312,161,19,1,494,0,365,118,16,1,500,994,1,677,279,35,2
TOTAL (STATES),2010,Infertility,0,46,78,50,13,187,4,214,203,43,8,472,659,4,260,281,93,21
TOTAL (STATES),2010,Illness (Aids/STD),3,100,149,96,27,375,1,53,62,28,17,161,536,4,153,211,124,44
TOTAL (STATES),2010,Cancer,0,42,149,246,119,556,1,44,88,96,37,266,822,1,86,237,342,156
TOTAL (STATES),2010,Paralysis,1,32,101,146,112,392,0,39,41,60,47,187,579,1,71,142,206,159
TOTAL (STATES),2010,Insanity/Mental Illness,81,1629,2082,1593,667,6052,86,1154,1066,667,345,3318,9370,167,2783,3148,2260,1012
TOTAL (STATES),2010,Other Prolonged Illness,84,2354,3254,3243,2001,10936,161,1839,1704,1305,884,5893,16829,245,4193,4958,4548,2885
TOTAL (STATES),2010,Death of Dear Person,72,147,161,131,67,578,19,174,123,61,48,425,1003,91,321,284,192,115
TOTAL (STATES),2010,Dowry Dispute,1,33,37,7,2,80,4,2093,833,43,6,2979,3059,5,2126,870,50,8
TOTAL (STATES),2010,Divorce,0,49,46,15,3,113,0,77,73,25,0,175,288,0,126,119,40,3
TOTAL (STATES),2010,Drug Abuse/Addiction,5,731,1388,856,230,3210,3,33,31,26,10,103,3313,8,764,1419,882,240
TOTAL (STATES),2010,Failure in Examination,157,1095,60,11,3,1326,154,919,27,1,0,1101,2427,311,2014,87,12,3
TOTAL (STATES),2010,Fall in Social Reputation,10,284,280,196,53,823,6,222,165,52,14,459,1282,16,506,445,248,67
TOTAL (STATES),2010,Family Problems,191,5650,7472,4682,1496,19491,185,5417,3754,1804,624,11784,31275,376,11067,11226,6486,2120
TOTAL (STATES),2010,Ideological Causes/Hero Worshipping,0,27,17,7,3,54,1,27,14,4,2,48,102,1,54,31,11,5
TOTAL (STATES),2010,Illegitimate Pregnancy,0,0,0,0,0,0,7,105,40,1,0,153,153,7,105,40,1,0
TOTAL (STATES),2010,Love Affairs,36,1562,520,55,1,2174,98,1468,330,19,1,1916,4090,134,3030,850,74,2
TOTAL (STATES),2010,"Physical Abuse (Rape,Incest Etc.)",2,36,25,12,1,76,12,125,61,20,2,220,296,14,161,86,32,3
TOTAL (STATES),2010,Poverty,21,549,874,705,214,2363,11,254,230,114,38,647,3010,32,803,1104,819,252
TOTAL (STATES),2010,Professional/Career Problem,5,244,354,231,27,861,2,37,41,16,0,96,957,7,281,395,247,27
TOTAL (STATES),2010,Property Dispute,1,336,536,382,140,1395,1,169,178,115,29,492,1887,2,505,714,497,169
TOTAL (STATES),2010,Unemployment,10,840,766,239,39,1894,10,138,103,20,1,272,2166,20,978,869,259,40
TOTAL (STATES),2010,Causes Not known,448,4611,5290,3339,1289,14977,359,2736,2231,1241,466,7033,22010,807,7347,7521,4580,1755
TOTAL (STATES),2010,Other Causes,479,4415,4874,3440,1127,14335,315,2471,2271,1182,530,6769,21104,794,6886,7145,4622,1657
TOTAL (STATES),2010,Total,1615,25813,29901,20513,7845,85687,1461,20695,14182,7065,3136,46539,132226,3076,46508,44083,27578,10981
TOTAL (STATES),2010,Total Illness,169,4157,5735,5324,2926,18311,249,3129,2961,2156,1330,9825,28136,418,7286,8696,7480,4256
TOTAL (STATES),2011,Bankruptcy,0,442,1033,912,261,2648,4,83,130,65,18,300,2948,4,525,1163,977,279
TOTAL (STATES),2011,Suspected/Illicit Relation,6,305,270,117,16,714,15,372,230,34,4,655,1369,21,677,500,151,20
TOTAL (STATES),2011,Cancellation/Non-Settlement of Marriage,2,368,164,25,3,562,1,371,119,29,7,527,1089,3,739,283,54,10
TOTAL (STATES),2011,Infertility,0,58,130,39,8,235,0,194,211,45,2,452,687,0,252,341,84,10
TOTAL (STATES),2011,Illness (Aids/STD),2,49,154,61,41,307,4,28,58,36,17,143,450,6,77,212,97,58
TOTAL (STATES),2011,Cancer,0,30,106,189,107,432,0,11,43,86,47,187,619,0,41,149,275,154
TOTAL (STATES),2011,Paralysis,3,32,109,120,107,371,1,31,48,49,35,164,535,4,63,157,169,142
TOTAL (STATES),2011,Insanity/Mental Illness,34,1407,1915,1492,665,5513,57,1036,1083,702,305,3183,8696,91,2443,2998,2194,970
TOTAL (STATES),2011,Other Prolonged Illness,79,2112,3114,3013,1836,10154,78,1937,1669,1167,860,5711,15865,157,4049,4783,4180,2696
TOTAL (STATES),2011,Death of Dear Person,7,131,149,120,45,452,16,181,141,62,32,432,884,23,312,290,182,77
TOTAL (STATES),2011,Dowry Dispute,0,46,71,18,1,136,2,2017,959,96,0,3074,3210,2,2063,1030,114,1
TOTAL (STATES),2011,Divorce,1,62,112,58,2,235,0,84,110,14,1,209,444,1,146,222,72,3
TOTAL (STATES),2011,Drug Abuse/Addiction,6,903,1486,868,219,3482,1,39,35,34,10,119,3601,7,942,1521,902,229
TOTAL (STATES),2011,Failure in Examination,158,1083,54,9,1,1305,120,871,29,5,0,1025,2330,278,1954,83,14,1
TOTAL (STATES),2011,Fall in Social Reputation,1,130,323,199,27,680,3,202,172,72,17,466,1146,4,332,495,271,44
TOTAL (STATES),2011,Family Problems,141,5806,7763,4790,1405,19905,192,5633,4159,1793,549,12326,32231,333,11439,11922,6583,1954
TOTAL (STATES),2011,Ideological Causes/Hero Worshipping,2,4,12,4,2,24,4,6,6,0,0,16,40,6,10,18,4,2
TOTAL (STATES),2011,Illegitimate Pregnancy,0,0,0,0,0,0,10,126,39,6,0,181,181,10,126,39,6,0
TOTAL (STATES),2011,Love Affairs,136,1705,551,47,1,2440,78,1599,333,59,1,2070,4510,214,3304,884,106,2
TOTAL (STATES),2011,"Physical Abuse (Rape,Incest Etc.)",1,45,31,7,1,85,5,114,74,5,3,201,286,6,159,105,12,4
TOTAL (STATES),2011,Poverty,14,401,685,490,121,1711,9,174,221,119,25,548,2259,23,575,906,609,146
TOTAL (STATES),2011,Professional/Career Problem,3,254,444,257,34,992,4,52,51,33,12,152,1144,7,306,495,290,46
TOTAL (STATES),2011,Property Dispute,0,237,432,371,65,1105,10,118,177,104,43,452,1557,10,355,609,475,108
TOTAL (STATES),2011,Unemployment,0,859,811,247,24,1941,3,162,107,50,3,325,2266,3,1021,918,297,27
TOTAL (STATES),2011,Causes Not known,428,4515,5684,3237,1403,15267,348,2679,2249,1310,529,7115,22382,776,7194,7933,4547,1932
TOTAL (STATES),2011,Other Causes,528,4823,5218,3522,1278,15369,466,2785,2162,986,478,6877,22246,994,7608,7380,4508,1756
TOTAL (STATES),2011,Total,1552,25807,30821,20212,7673,86065,1431,20905,14615,6961,2998,46910,132975,2983,46712,45436,27173,10671
TOTAL (STATES),2011,Total Illness,118,3630,5398,4875,2756,16777,140,3043,2901,2040,1264,9388,26165,258,6673,8299,6915,4020
TOTAL (STATES),2012,Bankruptcy,1,350,908,620,186,2065,1,66,97,62,44,270,2335,2,416,1005,682,230
TOTAL (STATES),2012,Suspected/Illicit Relation,0,218,203,72,10,503,13,277,178,32,1,501,1004,13,495,381,104,11
TOTAL (STATES),2012,Cancellation/Non-Settlement of Marriage,0,232,134,28,7,401,0,262,96,22,5,385,786,0,494,230,50,12
TOTAL (STATES),2012,Infertility,1,32,91,37,7,168,1,190,190,46,3,430,598,2,222,281,83,10
TOTAL (STATES),2012,Illness (Aids/STD),3,55,150,145,44,397,2,34,38,34,20,128,525,5,89,188,179,64
TOTAL (STATES),2012,Cancer,0,48,105,154,95,402,0,28,58,57,36,179,581,0,76,163,211,131
TOTAL (STATES),2012,Paralysis,2,27,102,129,106,366,2,24,53,51,30,160,526,4,51,155,180,136
TOTAL (STATES),2012,Insanity/Mental Illness,27,1402,1710,1261,697,5097,37,934,763,537,317,2588,7685,64,2336,2473,1798,1014
TOTAL (STATES),2012,Other Prolonged Illness,57,1980,3050,2907,1914,9908,76,1816,1682,1163,778,5515,15423,133,3796,4732,4070,2692
TOTAL (STATES),2012,Death of Dear Person,3,93,142,96,81,415,10,140,118,74,39,381,796,13,233,260,170,120
TOTAL (STATES),2012,Dowry Dispute,1,21,14,4,0,40,2,1330,443,59,0,1834,1874,3,1351,457,63,0
TOTAL (STATES),2012,Divorce,0,36,51,25,3,115,0,71,68,8,2,149,264,0,107,119,33,5
TOTAL (STATES),2012,Drug Abuse/Addiction,4,957,1598,1017,256,3832,3,35,47,33,7,125,3957,7,992,1645,1050,263
TOTAL (STATES),2012,Failure in Examination,113,946,44,6,0,1109,94,892,54,0,0,1040,2149,207,1838,98,6,0
TOTAL (STATES),2012,Fall in Social Reputation,4,188,236,198,32,658,5,134,94,49,12,294,952,9,322,330,247,44
TOTAL (STATES),2012,Family Problems,137,5290,7354,4836,1478,19095,210,4989,3617,1659,533,11008,30103,347,10279,10971,6495,2011
TOTAL (STATES),2012,Ideological Causes/Hero Worshipping,5,50,26,17,3,101,1,39,23,8,4,75,176,6,89,49,25,7
TOTAL (STATES),2012,Illegitimate Pregnancy,0,0,0,0,0,0,1,70,18,4,0,93,93,1,70,18,4,0
TOTAL (STATES),2012,Love Affairs,26,1454,439,49,1,1969,78,1337,312,40,1,1768,3737,104,2791,751,89,2
TOTAL (STATES),2012,"Physical Abuse (Rape,Incest Etc.)",2,17,27,18,23,87,9,106,56,20,3,194,281,11,123,83,38,26
TOTAL (STATES),2012,Poverty,13,445,671,528,105,1762,5,146,183,117,24,475,2237,18,591,854,645,129
TOTAL (STATES),2012,Professional/Career Problem,0,216,373,196,43,828,3,45,32,13,2,95,923,3,261,405,209,45
TOTAL (STATES),2012,Property Dispute,0,170,367,306,78,921,1,77,124,70,14,286,1207,1,247,491,376,92
TOTAL (STATES),2012,Unemployment,1,653,508,162,51,1375,2,120,81,43,5,251,1626,3,773,589,205,56
TOTAL (STATES),2012,Causes Not known,297,3591,4629,2733,991,12241,242,2149,1506,902,384,5183,17424,539,5740,6135,3635,1375
TOTAL (STATES),2012,Other Causes,392,4136,4914,3374,1262,14078,358,2529,1958,1038,487,6370,20448,750,6665,6872,4412,1749
TOTAL (STATES),2012,Total,1089,22607,27846,18918,7473,77933,1156,17840,11889,6141,2751,39777,117710,2245,40447,39735,25059,10224
TOTAL (STATES),2012,Total Illness,89,3512,5117,4596,2856,16170,117,2836,2594,1842,1181,8570,24740,206,6348,7711,6438,4037
A & N ISLANDS,2001,Bankruptcy,0,0,0,0,0,0,0,0,0,0,0,0,0,0,0,0,0,0
A & N ISLANDS,2001,Suspected/Illicit Relation,0,0,0,0,0,0,0,0,0,0,0,0,0,0,0,0,0,0
A & N ISLANDS,2001,Cancellation/Non-Settlement of Marriage,0,0,0,0,0,0,0,0,0,0,0,0,0,0,0,0,0,0
A & N ISLANDS,2001,Infertility,0,0,0,0,0,0,0,0,0,0,0,0,0,0,0,0,0,0
A & N ISLANDS,2001,Illness (Aids/STD),0,0,0,0,0,0,0,0,0,0,0,0,0,0,0,0,0,0
A & N ISLANDS,2001,Cancer,0,0,0,0,0,0,0,0,0,0,0,0,0,0,0,0,0,0
A & N ISLANDS,2001,Paralysis,0,0,0,0,0,0,0,0,0,0,0,0,0,0,0,0,0,0
A & N ISLANDS,2001,Insanity/Mental Illness,0,2,3,3,1,9,0,2,2,0,1,5,14,0,4,5,3,2
A & N ISLANDS,2001,Other Prolonged Illness,1,3,6,4,4,18,0,8,3,2,1,14,32,1,11,9,6,5
A & N ISLANDS,2001,Death of Dear Person,0,0,0,0,0,0,0,0,1,0,0,1,1,0,0,1,0,0
A & N ISLANDS,2001,Dowry Dispute,0,0,0,0,0,0,0,0,0,0,0,0,0,0,0,0,0,0
A & N ISLANDS,2001,Divorce,0,0,0,0,0,0,0,0,0,0,0,0,0,0,0,0,0,0
A & N ISLANDS,2001,Drug Abuse/Addiction,0,0,0,0,0,0,0,0,0,0,0,0,0,0,0,0,0,0
A & N ISLANDS,2001,Failure in Examination,1,1,0,0,0,2,0,2,0,0,0,2,4,1,3,0,0,0
A & N ISLANDS,2001,Fall in Social Reputation,0,0,0,0,0,0,0,0,0,0,0,0,0,0,0,0,0,0
A & N ISLANDS,2001,Family Problems,0,3,4,3,1,11,0,5,0,2,0,7,18,0,8,4,5,1
A & N ISLANDS,2001,Ideological Causes/Hero Worshipping,0,0,0,0,0,0,0,0,0,0,0,0,0,0,0,0,0,0
A & N ISLANDS,2001,Illegitimate Pregnancy,0,0,0,0,0,0,0,0,0,0,0,0,0,0,0,0,0,0
A & N ISLANDS,2001,Love Affairs,0,3,0,0,0,3,1,0,0,0,0,1,4,1,3,0,0,0
A & N ISLANDS,2001,"Physical Abuse (Rape,Incest Etc.)",0,0,0,0,0,0,0,0,0,0,0,0,0,0,0,0,0,0
A & N ISLANDS,2001,Poverty,0,0,0,0,0,0,0,0,0,0,0,0,0,0,0,0,0,0
A & N ISLANDS,2001,Professional/Career Problem,0,0,0,0,0,0,0,0,0,0,0,0,0,0,0,0,0,0
A & N ISLANDS,2001,Property Dispute,0,0,0,0,0,0,0,0,0,0,0,0,0,0,0,0,0,0
A & N ISLANDS,2001,Unemployment,0,0,0,0,0,0,0,0,0,0,0,0,0,0,0,0,0,0
A & N ISLANDS,2001,Causes Not known,0,9,8,10,0,27,0,8,2,1,1,12,39,0,17,10,11,1
A & N ISLANDS,2001,Other Causes,0,4,2,1,2,9,1,6,1,0,0,8,17,1,10,3,1,2
A & N ISLANDS,2001,Total,2,25,23,21,8,79,2,31,9,5,3,50,129,4,56,32,26,11
A & N ISLANDS,2001,Total Illness,1,5,9,7,5,27,0,10,5,2,2,19,46,1,15,14,9,7
A & N ISLANDS,2002,Bankruptcy,0,0,0,0,0,0,0,0,0,0,0,0,0,0,0,0,0,0
A & N ISLANDS,2002,Suspected/Illicit Relation,0,0,0,0,0,0,0,0,0,0,0,0,0,0,0,0,0,0
A & N ISLANDS,2002,Cancellation/Non-Settlement of Marriage,0,0,0,0,0,0,0,0,0,0,0,0,0,0,0,0,0,0
A & N ISLANDS,2002,Infertility,0,0,0,0,0,0,0,0,0,0,0,0,0,0,0,0,0,0
A & N ISLANDS,2002,Illness (Aids/STD),0,0,0,0,0,0,0,0,0,0,0,0,0,0,0,0,0,0
A & N ISLANDS,2002,Cancer,0,0,0,0,0,0,0,0,0,0,0,0,0,0,0,0,0,0
A & N ISLANDS,2002,Paralysis,0,0,0,0,0,0,0,0,0,0,0,0,0,0,0,0,0,0
A & N ISLANDS,2002,Insanity/Mental Illness,0,2,7,2,2,13,0,4,1,1,1,7,20,0,6,8,3,3
A & N ISLANDS,2002,Other Prolonged Illness,0,3,5,6,6,20,0,2,5,1,1,9,29,0,5,10,7,7
A & N ISLANDS,2002,Death of Dear Person,0,0,0,0,1,1,0,0,0,1,0,1,2,0,0,0,1,1
A & N ISLANDS,2002,Dowry Dispute,0,0,0,0,0,0,0,0,0,0,0,0,0,0,0,0,0,0
A & N ISLANDS,2002,Divorce,0,0,0,0,0,0,0,0,0,0,0,0,0,0,0,0,0,0
A & N ISLANDS,2002,Drug Abuse/Addiction,0,0,0,0,0,0,0,0,0,0,0,0,0,0,0,0,0,0
A & N ISLANDS,2002,Failure in Examination,1,0,0,0,0,1,1,1,0,0,0,2,3,2,1,0,0,0
A & N ISLANDS,2002,Fall in Social Reputation,0,0,0,0,0,0,0,0,0,0,0,0,0,0,0,0,0,0
A & N ISLANDS,2002,Family Problems,1,3,4,3,0,11,1,11,1,1,0,14,25,2,14,5,4,0
A & N ISLANDS,2002,Ideological Causes/Hero Worshipping,0,0,0,0,0,0,0,0,0,0,0,0,0,0,0,0,0,0
A & N ISLANDS,2002,Illegitimate Pregnancy,0,0,0,0,0,0,0,0,0,0,0,0,0,0,0,0,0,0
A & N ISLANDS,2002,Love Affairs,0,4,1,0,0,5,0,1,2,0,0,3,8,0,5,3,0,0
A & N ISLANDS,2002,"Physical Abuse (Rape,Incest Etc.)",0,0,0,0,0,0,0,0,0,0,0,0,0,0,0,0,0,0
A & N ISLANDS,2002,Poverty,0,0,0,0,0,0,0,0,0,0,0,0,0,0,0,0,0,0
A & N ISLANDS,2002,Professional/Career Problem,0,0,0,0,0,0,0,0,0,0,0,0,0,0,0,0,0,0
A & N ISLANDS,2002,Property Dispute,0,0,0,0,0,0,0,0,0,0,0,0,0,0,0,0,0,0
A & N ISLANDS,2002,Unemployment,0,1,0,0,0,1,0,0,0,0,0,0,1,0,1,0,0,0
A & N ISLANDS,2002,Causes Not known,0,10,9,3,2,24,0,7,2,1,1,11,35,0,17,11,4,3
A & N ISLANDS,2002,Other Causes,0,4,2,7,2,15,0,2,3,1,0,6,21,0,6,5,8,2
A & N ISLANDS,2002,Total,2,27,28,21,13,91,2,28,14,6,3,53,144,4,55,42,27,16
A & N ISLANDS,2002,Total Illness,0,5,12,8,8,33,0,6,6,2,2,16,49,0,11,18,10,10
A & N ISLANDS,2003,Bankruptcy,0,0,0,0,0,0,0,0,0,0,0,0,0,0,0,0,0,0
A & N ISLANDS,2003,Suspected/Illicit Relation,0,0,0,0,0,0,0,1,0,0,0,1,1,0,1,0,0,0
A & N ISLANDS,2003,Cancellation/Non-Settlement of Marriage,0,0,1,0,0,1,0,1,0,0,0,1,2,0,1,1,0,0
A & N ISLANDS,2003,Infertility,0,0,0,0,0,0,0,1,0,0,0,1,1,0,1,0,0,0
A & N ISLANDS,2003,Illness (Aids/STD),0,0,0,0,0,0,0,0,0,0,0,0,0,0,0,0,0,0
A & N ISLANDS,2003,Cancer,0,0,0,0,0,0,0,0,0,0,0,0,0,0,0,0,0,0
A & N ISLANDS,2003,Paralysis,0,0,0,0,0,0,0,0,0,0,0,0,0,0,0,0,0,0
A & N ISLANDS,2003,Insanity/Mental Illness,0,0,4,1,0,5,0,3,0,0,1,4,9,0,3,4,1,1
A & N ISLANDS,2003,Other Prolonged Illness,0,1,3,8,2,14,0,4,3,2,0,9,23,0,5,6,10,2
A & N ISLANDS,2003,Death of Dear Person,0,0,0,0,0,0,1,0,0,0,0,1,1,1,0,0,0,0
A & N ISLANDS,2003,Dowry Dispute,0,0,0,0,0,0,0,0,0,0,0,0,0,0,0,0,0,0
A & N ISLANDS,2003,Divorce,0,0,0,0,0,0,0,0,0,0,0,0,0,0,0,0,0,0
A & N ISLANDS,2003,Drug Abuse/Addiction,0,0,0,0,0,0,0,0,0,0,0,0,0,0,0,0,0,0
A & N ISLANDS,2003,Failure in Examination,0,1,0,0,0,1,0,0,0,0,0,0,1,0,1,0,0,0
A & N ISLANDS,2003,Fall in Social Reputation,1,1,1,0,0,3,0,0,1,0,0,1,4,1,1,2,0,0
A & N ISLANDS,2003,Family Problems,0,5,4,1,1,11,1,9,1,0,0,11,22,1,14,5,1,1
A & N ISLANDS,2003,Ideological Causes/Hero Worshipping,0,0,0,0,0,0,0,0,0,0,0,0,0,0,0,0,0,0
A & N ISLANDS,2003,Illegitimate Pregnancy,0,0,0,0,0,0,0,0,0,0,0,0,0,0,0,0,0,0
A & N ISLANDS,2003,Love Affairs,0,6,0,0,0,6,0,2,0,0,0,2,8,0,8,0,0,0
A & N ISLANDS,2003,"Physical Abuse (Rape,Incest Etc.)",0,0,0,0,0,0,0,0,0,0,0,0,0,0,0,0,0,0
A & N ISLANDS,2003,Poverty,0,1,2,0,0,3,0,0,0,0,0,0,3,0,1,2,0,0
A & N ISLANDS,2003,Professional/Career Problem,0,0,0,0,0,0,0,0,0,0,0,0,0,0,0,0,0,0
A & N ISLANDS,2003,Property Dispute,0,0,0,0,0,0,0,0,0,0,0,0,0,0,0,0,0,0
A & N ISLANDS,2003,Unemployment,0,0,0,0,0,0,0,0,0,0,0,0,0,0,0,0,0,0
A & N ISLANDS,2003,Causes Not known,0,3,3,5,2,13,1,5,1,0,0,7,20,1,8,4,5,2
A & N ISLANDS,2003,Other Causes,0,5,5,2,1,13,1,2,2,0,0,5,18,1,7,7,2,1
A & N ISLANDS,2003,Total,1,23,23,17,6,70,4,28,8,2,1,43,113,5,51,31,19,7
A & N ISLANDS,2003,Total Illness,0,1,7,9,2,19,0,7,3,2,1,13,32,0,8,10,11,3
A & N ISLANDS,2004,Bankruptcy,0,1,0,0,0,1,0,0,0,0,0,0,1,0,1,0,0,0
A & N ISLANDS,2004,Suspected/Illicit Relation,0,1,0,0,0,1,0,0,0,0,0,0,1,0,1,0,0,0
A & N ISLANDS,2004,Cancellation/Non-Settlement of Marriage,0,0,0,0,0,0,0,0,0,0,0,0,0,0,0,0,0,0
A & N ISLANDS,2004,Infertility,0,0,0,0,0,0,0,0,0,0,0,0,0,0,0,0,0,0
A & N ISLANDS,2004,Illness (Aids/STD),0,0,0,0,0,0,0,0,0,0,0,0,0,0,0,0,0,0
A & N ISLANDS,2004,Cancer,0,0,0,0,1,1,0,0,0,1,0,1,2,0,0,0,1,1
A & N ISLANDS,2004,Paralysis,0,0,0,0,0,0,0,1,0,0,0,1,1,0,1,0,0,0
A & N ISLANDS,2004,Insanity/Mental Illness,0,6,5,3,1,15,0,1,2,0,0,3,18,0,7,7,3,1
A & N ISLANDS,2004,Other Prolonged Illness,0,2,4,6,4,16,0,3,6,1,1,11,27,0,5,10,7,5
A & N ISLANDS,2004,Death of Dear Person,0,0,1,0,0,1,0,1,0,0,0,1,2,0,1,1,0,0
A & N ISLANDS,2004,Dowry Dispute,0,0,0,0,0,0,0,0,0,0,0,0,0,0,0,0,0,0
A & N ISLANDS,2004,Divorce,0,0,1,0,0,1,0,0,0,0,0,0,1,0,0,1,0,0
A & N ISLANDS,2004,Drug Abuse/Addiction,0,0,0,0,0,0,0,0,0,0,0,0,0,0,0,0,0,0
A & N ISLANDS,2004,Failure in Examination,0,3,0,0,0,3,0,2,0,0,0,2,5,0,5,0,0,0
A & N ISLANDS,2004,Fall in Social Reputation,0,0,0,0,0,0,0,0,0,0,0,0,0,0,0,0,0,0
A & N ISLANDS,2004,Family Problems,0,2,3,1,0,6,1,4,3,1,0,9,15,1,6,6,2,0
A & N ISLANDS,2004,Ideological Causes/Hero Worshipping,0,0,0,0,0,0,0,0,0,0,0,0,0,0,0,0,0,0
A & N ISLANDS,2004,Illegitimate Pregnancy,0,0,0,0,0,0,0,0,0,0,0,0,0,0,0,0,0,0
A & N ISLANDS,2004,Love Affairs,0,4,1,0,0,5,0,1,0,0,0,1,6,0,5,1,0,0
A & N ISLANDS,2004,"Physical Abuse (Rape,Incest Etc.)",0,0,0,0,0,0,0,0,0,0,0,0,0,0,0,0,0,0
A & N ISLANDS,2004,Poverty,0,2,0,2,0,4,0,0,0,0,0,0,4,0,2,0,2,0
A & N ISLANDS,2004,Professional/Career Problem,0,2,1,0,0,3,0,4,0,0,0,4,7,0,6,1,0,0
A & N ISLANDS,2004,Property Dispute,0,0,0,0,1,1,0,0,0,0,0,0,1,0,0,0,0,1
A & N ISLANDS,2004,Unemployment,0,5,0,0,0,5,0,1,0,0,0,1,6,0,6,0,0,0
A & N ISLANDS,2004,Causes Not known,0,5,4,2,1,12,0,5,0,0,0,5,17,0,10,4,2,1
A & N ISLANDS,2004,Other Causes,0,1,4,0,1,6,0,0,2,0,0,2,8,0,1,6,0,1
A & N ISLANDS,2004,Total,0,34,24,14,9,81,1,23,13,3,1,41,122,1,57,37,17,10
A & N ISLANDS,2004,Total Illness,0,8,9,9,6,32,0,5,8,2,1,16,48,0,13,17,11,7
A & N ISLANDS,2005,Bankruptcy,0,0,0,0,0,0,0,0,0,0,0,0,0,0,0,0,0,0
A & N ISLANDS,2005,Suspected/Illicit Relation,0,0,0,0,0,0,0,0,0,0,0,0,0,0,0,0,0,0
A & N ISLANDS,2005,Cancellation/Non-Settlement of Marriage,0,0,0,0,0,0,0,0,0,0,0,0,0,0,0,0,0,0
A & N ISLANDS,2005,Infertility,0,0,0,0,0,0,0,0,0,0,0,0,0,0,0,0,0,0
A & N ISLANDS,2005,Illness (Aids/STD),0,0,0,0,0,0,0,0,0,0,0,0,0,0,0,0,0,0
A & N ISLANDS,2005,Cancer,0,0,0,0,0,0,0,0,0,0,0,0,0,0,0,0,0,0
A & N ISLANDS,2005,Paralysis,0,0,0,0,0,0,0,0,0,0,0,0,0,0,0,0,0,0
A & N ISLANDS,2005,Insanity/Mental Illness,0,2,4,2,1,9,0,2,2,2,1,7,16,0,4,6,4,2
A & N ISLANDS,2005,Other Prolonged Illness,0,1,3,7,10,21,0,6,2,4,4,16,37,0,7,5,11,14
A & N ISLANDS,2005,Death of Dear Person,0,1,0,0,0,1,0,0,0,0,0,0,1,0,1,0,0,0
A & N ISLANDS,2005,Dowry Dispute,0,0,0,0,0,0,0,0,0,0,0,0,0,0,0,0,0,0
A & N ISLANDS,2005,Divorce,0,0,0,0,0,0,0,0,0,0,0,0,0,0,0,0,0,0
A & N ISLANDS,2005,Drug Abuse/Addiction,0,0,0,0,0,0,0,0,0,0,0,0,0,0,0,0,0,0
A & N ISLANDS,2005,Failure in Examination,0,0,0,0,0,0,0,3,0,0,0,3,3,0,3,0,0,0
A & N ISLANDS,2005,Fall in Social Reputation,0,0,0,0,0,0,0,0,0,0,0,0,0,0,0,0,0,0
A & N ISLANDS,2005,Family Problems,0,0,1,0,1,2,0,0,1,0,0,1,3,0,0,2,0,1
A & N ISLANDS,2005,Ideological Causes/Hero Worshipping,0,0,0,0,0,0,0,0,0,0,0,0,0,0,0,0,0,0
A & N ISLANDS,2005,Illegitimate Pregnancy,0,0,0,0,0,0,0,0,0,0,0,0,0,0,0,0,0,0
A & N ISLANDS,2005,Love Affairs,1,0,2,0,0,3,0,0,0,0,0,0,3,1,0,2,0,0
A & N ISLANDS,2005,"Physical Abuse (Rape,Incest Etc.)",0,0,0,0,0,0,0,0,0,0,0,0,0,0,0,0,0,0
A & N ISLANDS,2005,Poverty,0,0,2,1,0,3,0,0,0,0,0,0,3,0,0,2,1,0
A & N ISLANDS,2005,Professional/Career Problem,0,0,0,0,0,0,0,0,0,0,0,0,0,0,0,0,0,0
A & N ISLANDS,2005,Property Dispute,0,0,0,0,0,0,0,0,0,1,0,1,1,0,0,0,1,0
A & N ISLANDS,2005,Unemployment,0,0,0,0,0,0,0,0,0,0,0,0,0,0,0,0,0,0
A & N ISLANDS,2005,Causes Not known,0,6,2,10,2,20,1,3,1,1,0,6,26,1,9,3,11,2
A & N ISLANDS,2005,Other Causes,4,5,10,5,3,27,2,13,2,2,0,19,46,6,18,12,7,3
A & N ISLANDS,2005,Total,5,15,24,25,17,86,3,27,8,10,5,53,139,8,42,32,35,22
A & N ISLANDS,2005,Total Illness,0,3,7,9,11,30,0,8,4,6,5,23,53,0,11,11,15,16
A & N ISLANDS,2006,Bankruptcy,0,0,0,0,0,0,0,0,0,0,0,0,0,0,0,0,0,0
A & N ISLANDS,2006,Suspected/Illicit Relation,0,0,0,0,0,0,0,0,0,0,0,0,0,0,0,0,0,0
A & N ISLANDS,2006,Cancellation/Non-Settlement of Marriage,0,0,0,0,0,0,0,0,0,0,0,0,0,0,0,0,0,0
A & N ISLANDS,2006,Infertility,0,0,0,0,0,0,0,0,0,0,0,0,0,0,0,0,0,0
A & N ISLANDS,2006,Illness (Aids/STD),0,0,0,0,0,0,0,0,0,0,0,0,0,0,0,0,0,0
A & N ISLANDS,2006,Cancer,0,0,0,0,0,0,0,0,0,0,0,0,0,0,0,0,0,0
A & N ISLANDS,2006,Paralysis,0,0,0,0,0,0,0,0,0,0,0,0,0,0,0,0,0,0
A & N ISLANDS,2006,Insanity/Mental Illness,0,1,4,9,2,16,0,0,3,2,1,6,22,0,1,7,11,3
A & N ISLANDS,2006,Other Prolonged Illness,0,2,9,7,9,27,0,9,2,1,1,13,40,0,11,11,8,10
A & N ISLANDS,2006,Death of Dear Person,0,0,0,1,0,1,0,0,0,0,0,0,1,0,0,0,1,0
A & N ISLANDS,2006,Dowry Dispute,0,0,0,0,0,0,0,0,0,0,0,0,0,0,0,0,0,0
A & N ISLANDS,2006,Divorce,0,0,0,0,0,0,0,0,0,0,0,0,0,0,0,0,0,0
A & N ISLANDS,2006,Drug Abuse/Addiction,0,0,0,0,0,0,0,0,0,0,0,0,0,0,0,0,0,0
A & N ISLANDS,2006,Failure in Examination,0,0,0,0,0,0,0,0,0,0,0,0,0,0,0,0,0,0
A & N ISLANDS,2006,Fall in Social Reputation,0,0,0,0,0,0,0,0,0,0,0,0,0,0,0,0,0,0
A & N ISLANDS,2006,Family Problems,0,0,0,0,0,0,0,0,0,0,0,0,0,0,0,0,0,0
A & N ISLANDS,2006,Ideological Causes/Hero Worshipping,0,0,0,0,0,0,0,0,0,0,0,0,0,0,0,0,0,0
A & N ISLANDS,2006,Illegitimate Pregnancy,0,0,0,0,0,0,0,0,0,0,0,0,0,0,0,0,0,0
A & N ISLANDS,2006,Love Affairs,0,1,1,0,0,2,1,1,0,0,0,2,4,1,2,1,0,0
A & N ISLANDS,2006,"Physical Abuse (Rape,Incest Etc.)",0,0,0,0,0,0,0,0,0,0,0,0,0,0,0,0,0,0
A & N ISLANDS,2006,Poverty,0,0,0,0,0,0,0,0,0,0,0,0,0,0,0,0,0,0
A & N ISLANDS,2006,Professional/Career Problem,0,0,0,0,0,0,0,0,0,0,0,0,0,0,0,0,0,0
A & N ISLANDS,2006,Property Dispute,0,0,0,0,0,0,0,0,0,0,0,0,0,0,0,0,0,0
A & N ISLANDS,2006,Unemployment,0,2,0,0,0,2,0,0,0,0,0,0,2,0,2,0,0,0
A & N ISLANDS,2006,Causes Not known,0,0,0,0,0,0,0,0,0,0,0,0,0,0,0,0,0,0
A & N ISLANDS,2006,Other Causes,4,15,20,8,1,48,0,11,5,0,0,16,64,4,26,25,8,1
A & N ISLANDS,2006,Total,4,21,34,25,12,96,1,21,10,3,2,37,133,5,42,44,28,14
A & N ISLANDS,2006,Total Illness,0,3,13,16,11,43,0,9,5,3,2,19,62,0,12,18,19,13
A & N ISLANDS,2007,Bankruptcy,0,0,0,0,0,0,0,0,0,0,0,0,0,0,0,0,0,0
A & N ISLANDS,2007,Suspected/Illicit Relation,0,0,0,0,0,0,0,0,0,0,0,0,0,0,0,0,0,0
A & N ISLANDS,2007,Cancellation/Non-Settlement of Marriage,0,1,1,0,0,2,0,0,0,0,0,0,2,0,1,1,0,0
A & N ISLANDS,2007,Infertility,0,0,0,0,0,0,0,0,0,0,0,0,0,0,0,0,0,0
A & N ISLANDS,2007,Illness (Aids/STD),0,0,0,0,0,0,0,0,0,0,0,0,0,0,0,0,0,0
A & N ISLANDS,2007,Cancer,0,0,0,0,0,0,0,0,0,0,0,0,0,0,0,0,0,0
A & N ISLANDS,2007,Paralysis,0,0,0,0,0,0,0,0,0,0,0,0,0,0,0,0,0,0
A & N ISLANDS,2007,Insanity/Mental Illness,0,3,9,7,1,20,0,3,1,2,0,6,26,0,6,10,9,1
A & N ISLANDS,2007,Other Prolonged Illness,0,3,1,5,4,13,0,4,2,2,2,10,23,0,7,3,7,6
A & N ISLANDS,2007,Death of Dear Person,0,0,0,0,1,1,0,0,0,0,0,0,1,0,0,0,0,1
A & N ISLANDS,2007,Dowry Dispute,0,0,0,0,0,0,0,0,0,0,0,0,0,0,0,0,0,0
A & N ISLANDS,2007,Divorce,0,0,0,0,0,0,0,0,0,0,0,0,0,0,0,0,0,0
A & N ISLANDS,2007,Drug Abuse/Addiction,0,0,0,0,0,0,0,0,0,0,0,0,0,0,0,0,0,0
A & N ISLANDS,2007,Failure in Examination,0,2,0,0,0,2,2,5,0,0,0,7,9,2,7,0,0,0
A & N ISLANDS,2007,Fall in Social Reputation,0,2,0,0,0,2,0,0,0,0,0,0,2,0,2,0,0,0
A & N ISLANDS,2007,Family Problems,0,0,1,2,1,4,0,0,0,0,0,0,4,0,0,1,2,1
A & N ISLANDS,2007,Ideological Causes/Hero Worshipping,0,0,0,0,0,0,0,0,0,0,0,0,0,0,0,0,0,0
A & N ISLANDS,2007,Illegitimate Pregnancy,0,0,0,0,0,0,0,0,0,0,0,0,0,0,0,0,0,0
A & N ISLANDS,2007,Love Affairs,0,3,0,0,0,3,1,4,1,0,0,6,9,1,7,1,0,0
A & N ISLANDS,2007,"Physical Abuse (Rape,Incest Etc.)",0,0,0,0,0,0,0,0,0,0,0,0,0,0,0,0,0,0
A & N ISLANDS,2007,Poverty,0,0,1,1,0,2,0,0,0,0,0,0,2,0,0,1,1,0
A & N ISLANDS,2007,Professional/Career Problem,0,0,0,0,0,0,0,0,0,0,0,0,0,0,0,0,0,0
A & N ISLANDS,2007,Property Dispute,0,0,0,0,0,0,0,1,0,0,0,1,1,0,1,0,0,0
A & N ISLANDS,2007,Unemployment,0,3,0,0,0,3,0,0,0,0,0,0,3,0,3,0,0,0
A & N ISLANDS,2007,Causes Not known,0,3,1,0,0,4,0,0,0,0,0,0,4,0,3,1,0,0
A & N ISLANDS,2007,Other Causes,0,16,12,12,4,44,3,13,6,4,0,26,70,3,29,18,16,4
A & N ISLANDS,2007,Total,0,36,26,27,11,100,6,30,10,8,2,56,156,6,66,36,35,13
A & N ISLANDS,2007,Total Illness,0,6,10,12,5,33,0,7,3,4,2,16,49,0,13,13,16,7
A & N ISLANDS,2008,Bankruptcy,0,1,0,1,0,2,0,0,0,0,0,0,2,0,1,0,1,0
A & N ISLANDS,2008,Suspected/Illicit Relation,0,1,0,1,0,2,0,0,2,0,0,2,4,0,1,2,1,0
A & N ISLANDS,2008,Cancellation/Non-Settlement of Marriage,0,2,0,0,0,2,0,0,0,0,0,0,2,0,2,0,0,0
A & N ISLANDS,2008,Infertility,0,0,0,0,0,0,0,0,0,0,0,0,0,0,0,0,0,0
A & N ISLANDS,2008,Illness (Aids/STD),0,0,0,0,0,0,0,0,0,0,0,0,0,0,0,0,0,0
A & N ISLANDS,2008,Cancer,0,0,0,0,0,0,0,0,0,0,0,0,0,0,0,0,0,0
A & N ISLANDS,2008,Paralysis,0,0,0,0,0,0,0,0,0,0,0,0,0,0,0,0,0,0
A & N ISLANDS,2008,Insanity/Mental Illness,0,3,7,4,2,16,0,2,0,2,1,5,21,0,5,7,6,3
A & N ISLANDS,2008,Other Prolonged Illness,0,3,6,7,6,22,0,5,4,2,2,13,35,0,8,10,9,8
A & N ISLANDS,2008,Death of Dear Person,0,0,0,0,0,0,0,0,0,0,0,0,0,0,0,0,0,0
A & N ISLANDS,2008,Dowry Dispute,0,0,0,0,0,0,0,0,0,0,0,0,0,0,0,0,0,0
A & N ISLANDS,2008,Divorce,0,0,0,0,0,0,0,0,0,0,0,0,0,0,0,0,0,0
A & N ISLANDS,2008,Drug Abuse/Addiction,0,0,0,0,0,0,0,0,0,0,0,0,0,0,0,0,0,0
A & N ISLANDS,2008,Failure in Examination,0,1,0,0,0,1,0,0,0,0,0,0,1,0,1,0,0,0
A & N ISLANDS,2008,Fall in Social Reputation,0,0,0,0,0,0,0,0,0,0,0,0,0,0,0,0,0,0
A & N ISLANDS,2008,Family Problems,0,0,0,0,0,0,0,0,0,0,0,0,0,0,0,0,0,0
A & N ISLANDS,2008,Ideological Causes/Hero Worshipping,0,0,0,0,0,0,0,0,0,0,0,0,0,0,0,0,0,0
A & N ISLANDS,2008,Illegitimate Pregnancy,0,0,0,0,0,0,0,0,0,0,0,0,0,0,0,0,0,0
A & N ISLANDS,2008,Love Affairs,0,5,2,0,0,7,0,2,0,0,0,2,9,0,7,2,0,0
A & N ISLANDS,2008,"Physical Abuse (Rape,Incest Etc.)",0,0,0,0,0,0,0,0,0,0,0,0,0,0,0,0,0,0
A & N ISLANDS,2008,Poverty,0,1,0,1,0,2,0,0,0,0,0,0,2,0,1,0,1,0
A & N ISLANDS,2008,Professional/Career Problem,0,0,0,0,0,0,0,0,0,0,0,0,0,0,0,0,0,0
A & N ISLANDS,2008,Property Dispute,0,0,0,0,1,1,0,0,0,0,0,0,1,0,0,0,0,1
A & N ISLANDS,2008,Unemployment,0,0,0,0,0,0,0,0,0,0,0,0,0,0,0,0,0,0
A & N ISLANDS,2008,Causes Not known,0,5,7,4,4,20,0,4,1,1,0,6,26,0,9,8,5,4
A & N ISLANDS,2008,Other Causes,0,9,10,3,1,23,0,10,6,0,1,17,40,0,19,16,3,2
A & N ISLANDS,2008,Total,0,31,32,21,14,98,0,23,13,5,4,45,143,0,54,45,26,18
A & N ISLANDS,2008,Total Illness,0,6,13,11,8,38,0,7,4,4,3,18,56,0,13,17,15,11
A & N ISLANDS,2009,Bankruptcy,0,0,0,0,0,0,0,0,0,0,0,0,0,0,0,0,0,0
A & N ISLANDS,2009,Suspected/Illicit Relation,0,0,0,0,0,0,0,0,0,0,0,0,0,0,0,0,0,0
A & N ISLANDS,2009,Cancellation/Non-Settlement of Marriage,0,0,0,0,0,0,0,0,0,0,0,0,0,0,0,0,0,0
A & N ISLANDS,2009,Infertility,0,0,0,0,0,0,0,0,0,0,0,0,0,0,0,0,0,0
A & N ISLANDS,2009,Illness (Aids/STD),0,0,0,0,0,0,0,0,0,0,0,0,0,0,0,0,0,0
A & N ISLANDS,2009,Cancer,0,0,0,0,0,0,0,0,0,0,0,0,0,0,0,0,0,0
A & N ISLANDS,2009,Paralysis,0,0,0,0,0,0,0,0,0,0,0,0,0,0,0,0,0,0
A & N ISLANDS,2009,Insanity/Mental Illness,0,4,5,4,1,14,0,1,5,0,0,6,20,0,5,10,4,1
A & N ISLANDS,2009,Other Prolonged Illness,0,4,3,6,3,16,0,3,2,3,1,9,25,0,7,5,9,4
A & N ISLANDS,2009,Death of Dear Person,0,0,0,0,0,0,0,0,0,0,0,0,0,0,0,0,0,0
A & N ISLANDS,2009,Dowry Dispute,0,0,0,0,0,0,0,0,0,0,0,0,0,0,0,0,0,0
A & N ISLANDS,2009,Divorce,0,0,0,0,0,0,0,0,0,0,0,0,0,0,0,0,0,0
A & N ISLANDS,2009,Drug Abuse/Addiction,0,0,0,0,0,0,0,0,0,0,0,0,0,0,0,0,0,0
A & N ISLANDS,2009,Failure in Examination,0,0,0,0,0,0,0,1,0,0,0,1,1,0,1,0,0,0
A & N ISLANDS,2009,Fall in Social Reputation,0,0,0,0,0,0,0,0,0,0,0,0,0,0,0,0,0,0
A & N ISLANDS,2009,Family Problems,0,0,0,0,0,0,0,1,0,0,0,1,1,0,1,0,0,0
A & N ISLANDS,2009,Ideological Causes/Hero Worshipping,0,0,0,0,0,0,0,0,0,0,0,0,0,0,0,0,0,0
A & N ISLANDS,2009,Illegitimate Pregnancy,0,0,0,0,0,0,0,0,0,0,0,0,0,0,0,0,0,0
A & N ISLANDS,2009,Love Affairs,0,2,0,0,1,3,0,1,0,0,0,1,4,0,3,0,0,1
A & N ISLANDS,2009,"Physical Abuse (Rape,Incest Etc.)",0,0,0,0,0,0,0,0,0,0,0,0,0,0,0,0,0,0
A & N ISLANDS,2009,Poverty,0,0,0,0,0,0,0,0,0,0,0,0,0,0,0,0,0,0
A & N ISLANDS,2009,Professional/Career Problem,0,0,0,0,0,0,0,0,0,0,0,0,0,0,0,0,0,0
A & N ISLANDS,2009,Property Dispute,0,0,0,0,0,0,0,0,0,0,0,0,0,0,0,0,0,0
A & N ISLANDS,2009,Unemployment,0,0,0,0,0,0,0,0,0,0,0,0,0,0,0,0,0,0
A & N ISLANDS,2009,Causes Not known,0,7,8,9,1,25,0,4,2,0,0,6,31,0,11,10,9,1
A & N ISLANDS,2009,Other Causes,1,14,7,6,0,28,7,8,5,1,0,21,49,8,22,12,7,0
A & N ISLANDS,2009,Total,1,31,23,25,6,86,7,19,14,4,1,45,131,8,50,37,29,7
A & N ISLANDS,2009,Total Illness,0,8,8,10,4,30,0,4,7,3,1,15,45,0,12,15,13,5
A & N ISLANDS,2010,Bankruptcy,0,0,0,0,0,0,0,0,0,0,0,0,0,0,0,0,0,0
A & N ISLANDS,2010,Suspected/Illicit Relation,0,0,0,0,0,0,0,0,0,0,0,0,0,0,0,0,0,0
A & N ISLANDS,2010,Cancellation/Non-Settlement of Marriage,0,0,0,0,0,0,0,0,0,0,0,0,0,0,0,0,0,0
A & N ISLANDS,2010,Infertility,0,0,0,0,0,0,0,2,0,0,0,2,2,0,2,0,0,0
A & N ISLANDS,2010,Illness (Aids/STD),0,0,0,0,0,0,0,0,0,0,0,0,0,0,0,0,0,0
A & N ISLANDS,2010,Cancer,0,0,0,0,0,0,0,0,0,0,0,0,0,0,0,0,0,0
A & N ISLANDS,2010,Paralysis,0,0,1,0,0,1,0,0,0,0,0,0,1,0,0,1,0,0
A & N ISLANDS,2010,Insanity/Mental Illness,0,10,7,2,2,21,0,2,4,0,0,6,27,0,12,11,2,2
A & N ISLANDS,2010,Other Prolonged Illness,0,5,3,4,5,17,0,3,1,0,3,7,24,0,8,4,4,8
A & N ISLANDS,2010,Death of Dear Person,0,0,0,0,0,0,0,0,0,0,0,0,0,0,0,0,0,0
A & N ISLANDS,2010,Dowry Dispute,0,0,0,0,0,0,0,0,0,0,0,0,0,0,0,0,0,0
A & N ISLANDS,2010,Divorce,0,0,0,0,0,0,0,0,0,0,0,0,0,0,0,0,0,0
A & N ISLANDS,2010,Drug Abuse/Addiction,0,0,0,0,0,0,0,0,0,0,0,0,0,0,0,0,0,0
A & N ISLANDS,2010,Failure in Examination,0,0,0,0,0,0,0,0,0,0,0,0,0,0,0,0,0,0
A & N ISLANDS,2010,Fall in Social Reputation,0,0,0,0,0,0,0,0,0,0,0,0,0,0,0,0,0,0
A & N ISLANDS,2010,Family Problems,0,0,1,0,2,3,0,2,1,0,0,3,6,0,2,2,0,2
A & N ISLANDS,2010,Ideological Causes/Hero Worshipping,0,0,0,0,0,0,0,0,0,0,0,0,0,0,0,0,0,0
A & N ISLANDS,2010,Illegitimate Pregnancy,0,0,0,0,0,0,0,0,0,0,0,0,0,0,0,0,0,0
A & N ISLANDS,2010,Love Affairs,0,3,1,0,0,4,0,1,0,0,0,1,5,0,4,1,0,0
A & N ISLANDS,2010,"Physical Abuse (Rape,Incest Etc.)",0,0,0,0,0,0,0,0,0,0,0,0,0,0,0,0,0,0
A & N ISLANDS,2010,Poverty,0,1,0,0,0,1,0,1,0,0,0,1,2,0,2,0,0,0
A & N ISLANDS,2010,Professional/Career Problem,0,0,0,0,0,0,0,0,0,0,0,0,0,0,0,0,0,0
A & N ISLANDS,2010,Property Dispute,0,0,1,1,0,2,0,0,0,0,0,0,2,0,0,1,1,0
A & N ISLANDS,2010,Unemployment,0,3,1,0,0,4,0,0,0,0,0,0,4,0,3,1,0,0
A & N ISLANDS,2010,Causes Not known,0,4,4,5,3,16,0,5,0,0,0,5,21,0,9,4,5,3
A & N ISLANDS,2010,Other Causes,4,13,14,6,6,43,0,12,5,2,0,19,62,4,25,19,8,6
A & N ISLANDS,2010,Total,4,39,33,18,18,112,0,28,11,2,3,44,156,4,67,44,20,21
A & N ISLANDS,2010,Total Illness,0,15,11,6,7,39,0,5,5,0,3,13,52,0,20,16,6,10
A & N ISLANDS,2011,Bankruptcy,0,0,0,0,0,0,0,0,0,0,0,0,0,0,0,0,0,0
A & N ISLANDS,2011,Suspected/Illicit Relation,0,0,0,0,0,0,0,0,0,0,0,0,0,0,0,0,0,0
A & N ISLANDS,2011,Cancellation/Non-Settlement of Marriage,0,0,0,0,0,0,0,0,1,0,0,1,1,0,0,1,0,0
A & N ISLANDS,2011,Infertility,0,0,0,0,0,0,0,0,0,0,0,0,0,0,0,0,0,0
A & N ISLANDS,2011,Illness (Aids/STD),0,0,0,0,0,0,0,0,0,0,0,0,0,0,0,0,0,0
A & N ISLANDS,2011,Cancer,0,0,0,0,0,0,0,0,0,0,0,0,0,0,0,0,0,0
A & N ISLANDS,2011,Paralysis,0,0,0,0,0,0,0,0,0,0,0,0,0,0,0,0,0,0
A & N ISLANDS,2011,Insanity/Mental Illness,0,1,7,6,1,15,0,4,1,1,0,6,21,0,5,8,7,1
A & N ISLANDS,2011,Other Prolonged Illness,0,2,3,5,5,15,0,3,4,1,0,8,23,0,5,7,6,5
A & N ISLANDS,2011,Death of Dear Person,0,0,0,0,0,0,0,0,0,0,0,0,0,0,0,0,0,0
A & N ISLANDS,2011,Dowry Dispute,0,0,0,0,0,0,0,0,0,0,0,0,0,0,0,0,0,0
A & N ISLANDS,2011,Divorce,0,0,0,0,0,0,0,0,0,0,0,0,0,0,0,0,0,0
A & N ISLANDS,2011,Drug Abuse/Addiction,0,0,0,0,0,0,0,0,0,0,0,0,0,0,0,0,0,0
A & N ISLANDS,2011,Failure in Examination,0,2,0,0,0,2,0,1,0,0,0,1,3,0,3,0,0,0
A & N ISLANDS,2011,Fall in Social Reputation,0,0,0,0,0,0,0,0,0,0,0,0,0,0,0,0,0,0
A & N ISLANDS,2011,Family Problems,0,1,2,0,0,3,0,0,0,1,1,2,5,0,1,2,1,1
A & N ISLANDS,2011,Ideological Causes/Hero Worshipping,0,0,0,0,0,0,0,0,0,0,0,0,0,0,0,0,0,0
A & N ISLANDS,2011,Illegitimate Pregnancy,0,0,0,0,0,0,0,0,0,0,0,0,0,0,0,0,0,0
A & N ISLANDS,2011,Love Affairs,0,7,0,0,0,7,0,2,1,0,0,3,10,0,9,1,0,0
A & N ISLANDS,2011,"Physical Abuse (Rape,Incest Etc.)",0,0,0,0,0,0,0,0,0,0,0,0,0,0,0,0,0,0
A & N ISLANDS,2011,Poverty,0,0,0,0,0,0,0,0,0,0,0,0,0,0,0,0,0,0
A & N ISLANDS,2011,Professional/Career Problem,0,0,0,0,0,0,0,0,0,0,0,0,0,0,0,0,0,0
A & N ISLANDS,2011,Property Dispute,0,0,0,0,0,0,0,0,0,0,0,0,0,0,0,0,0,0
A & N ISLANDS,2011,Unemployment,0,2,1,0,0,3,0,0,0,0,0,0,3,0,2,1,0,0
A & N ISLANDS,2011,Causes Not known,0,9,13,6,1,29,2,3,1,3,1,10,39,2,12,14,9,2
A & N ISLANDS,2011,Other Causes,1,4,9,3,3,20,2,6,3,0,0,11,31,3,10,12,3,3
A & N ISLANDS,2011,Total,1,28,35,20,10,94,4,19,11,6,2,42,136,5,47,46,26,12
A & N ISLANDS,2011,Total Illness,0,3,10,11,6,30,0,7,5,2,0,14,44,0,10,15,13,6
A & N ISLANDS,2012,Bankruptcy,0,0,0,0,0,0,0,0,0,0,0,0,0,0,0,0,0,0
A & N ISLANDS,2012,Suspected/Illicit Relation,0,0,0,0,0,0,0,0,0,0,0,0,0,0,0,0,0,0
A & N ISLANDS,2012,Cancellation/Non-Settlement of Marriage,0,0,0,0,0,0,0,0,0,0,0,0,0,0,0,0,0,0
A & N ISLANDS,2012,Infertility,0,0,0,0,0,0,0,0,0,0,0,0,0,0,0,0,0,0
A & N ISLANDS,2012,Illness (Aids/STD),0,0,0,0,0,0,0,0,0,0,0,0,0,0,0,0,0,0
A & N ISLANDS,2012,Cancer,0,0,0,3,0,3,0,0,0,0,0,0,3,0,0,0,3,0
A & N ISLANDS,2012,Paralysis,0,0,0,0,0,0,0,0,0,0,0,0,0,0,0,0,0,0
A & N ISLANDS,2012,Insanity/Mental Illness,0,6,7,5,1,19,0,2,3,0,0,5,24,0,8,10,5,1
A & N ISLANDS,2012,Other Prolonged Illness,0,1,6,3,6,16,0,3,1,0,3,7,23,0,4,7,3,9
A & N ISLANDS,2012,Death of Dear Person,0,0,1,0,0,1,0,0,0,0,0,0,1,0,0,1,0,0
A & N ISLANDS,2012,Dowry Dispute,0,0,0,0,0,0,0,0,0,0,0,0,0,0,0,0,0,0
A & N ISLANDS,2012,Divorce,0,0,0,0,0,0,0,0,0,0,0,0,0,0,0,0,0,0
A & N ISLANDS,2012,Drug Abuse/Addiction,0,0,0,0,0,0,0,0,0,0,0,0,0,0,0,0,0,0
A & N ISLANDS,2012,Failure in Examination,0,0,0,0,0,0,0,0,0,0,0,0,0,0,0,0,0,0
A & N ISLANDS,2012,Fall in Social Reputation,0,0,0,0,0,0,0,0,0,0,0,0,0,0,0,0,0,0
A & N ISLANDS,2012,Family Problems,0,0,0,0,0,0,0,0,0,0,0,0,0,0,0,0,0,0
A & N ISLANDS,2012,Ideological Causes/Hero Worshipping,0,0,0,0,0,0,0,0,0,0,0,0,0,0,0,0,0,0
A & N ISLANDS,2012,Illegitimate Pregnancy,0,0,0,0,0,0,0,0,0,0,0,0,0,0,0,0,0,0
A & N ISLANDS,2012,Love Affairs,0,4,0,0,0,4,0,1,0,0,0,1,5,0,5,0,0,0
A & N ISLANDS,2012,"Physical Abuse (Rape,Incest Etc.)",0,0,0,0,0,0,0,0,0,0,0,0,0,0,0,0,0,0
A & N ISLANDS,2012,Poverty,0,0,0,0,0,0,0,0,0,0,0,0,0,0,0,0,0,0
A & N ISLANDS,2012,Professional/Career Problem,0,0,0,0,0,0,0,0,0,0,0,0,0,0,0,0,0,0
A & N ISLANDS,2012,Property Dispute,0,0,0,0,0,0,0,0,0,0,0,0,0,0,0,0,0,0
A & N ISLANDS,2012,Unemployment,0,4,0,0,0,4,0,1,0,0,0,1,5,0,5,0,0,0
A & N ISLANDS,2012,Causes Not known,1,2,6,3,1,13,0,5,3,0,0,8,21,1,7,9,3,1
A & N ISLANDS,2012,Other Causes,1,5,6,6,2,20,1,9,5,3,1,19,39,2,14,11,9,3
A & N ISLANDS,2012,Total,2,22,26,20,10,80,1,21,12,3,4,41,121,3,43,38,23,14
A & N ISLANDS,2012,Total Illness,0,7,13,11,7,38,0,5,4,0,3,12,50,0,12,17,11,10
CHANDIGARH,2001,Bankruptcy,0,0,0,0,0,0,0,0,0,0,0,0,0,0,0,0,0,0
CHANDIGARH,2001,Suspected/Illicit Relation,0,0,0,0,0,0,0,0,1,0,0,1,1,0,0,1,0,0
CHANDIGARH,2001,Cancellation/Non-Settlement of Marriage,0,0,0,0,0,0,0,1,1,0,0,2,2,0,1,1,0,0
CHANDIGARH,2001,Infertility,0,0,1,0,0,1,0,0,0,0,0,0,1,0,0,1,0,0
CHANDIGARH,2001,Illness (Aids/STD),0,0,0,0,0,0,0,0,0,0,0,0,0,0,0,0,0,0
CHANDIGARH,2001,Cancer,0,0,0,1,0,1,0,0,1,0,0,1,2,0,0,1,1,0
CHANDIGARH,2001,Paralysis,0,0,0,0,0,0,0,0,0,0,0,0,0,0,0,0,0,0
CHANDIGARH,2001,Insanity/Mental Illness,0,0,0,0,0,0,0,0,0,0,0,0,0,0,0,0,0,0
CHANDIGARH,2001,Other Prolonged Illness,0,4,3,1,0,8,0,5,2,2,0,9,17,0,9,5,3,0
CHANDIGARH,2001,Death of Dear Person,0,0,0,0,0,0,0,0,0,0,0,0,0,0,0,0,0,0
CHANDIGARH,2001,Dowry Dispute,0,0,0,0,0,0,0,3,2,0,0,5,5,0,3,2,0,0
CHANDIGARH,2001,Divorce,0,0,0,0,0,0,0,0,0,0,0,0,0,0,0,0,0,0
CHANDIGARH,2001,Drug Abuse/Addiction,0,0,0,0,0,0,0,0,0,0,0,0,0,0,0,0,0,0
CHANDIGARH,2001,Failure in Examination,0,0,0,0,0,0,0,2,0,0,0,2,2,0,2,0,0,0
CHANDIGARH,2001,Fall in Social Reputation,0,0,0,0,0,0,0,0,0,0,0,0,0,0,0,0,0,0
CHANDIGARH,2001,Family Problems,0,1,2,0,0,3,0,0,2,0,0,2,5,0,1,4,0,0
CHANDIGARH,2001,Ideological Causes/Hero Worshipping,0,0,0,0,0,0,0,0,0,0,0,0,0,0,0,0,0,0
CHANDIGARH,2001,Illegitimate Pregnancy,0,0,0,0,0,0,0,0,0,0,0,0,0,0,0,0,0,0
CHANDIGARH,2001,Love Affairs,0,0,0,0,0,0,0,1,0,0,0,1,1,0,1,0,0,0
CHANDIGARH,2001,"Physical Abuse (Rape,Incest Etc.)",0,0,0,0,0,0,0,0,0,0,0,0,0,0,0,0,0,0
CHANDIGARH,2001,Poverty,0,0,0,0,0,0,0,0,0,0,0,0,0,0,0,0,0,0
CHANDIGARH,2001,Professional/Career Problem,0,0,0,0,0,0,0,0,0,0,0,0,0,0,0,0,0,0
CHANDIGARH,2001,Property Dispute,0,0,0,0,0,0,0,0,0,0,0,0,0,0,0,0,0,0
CHANDIGARH,2001,Unemployment,0,1,0,0,0,1,0,1,0,0,0,1,2,0,2,0,0,0
CHANDIGARH,2001,Causes Not known,0,0,0,0,0,0,0,0,0,0,0,0,0,0,0,0,0,0
CHANDIGARH,2001,Other Causes,0,14,9,0,2,25,0,5,2,0,0,7,32,0,19,11,0,2
CHANDIGARH,2001,Total,0,20,15,2,2,39,0,18,11,2,0,31,70,0,38,26,4,2
CHANDIGARH,2001,Total Illness,0,4,3,2,0,9,0,5,3,2,0,10,19,0,9,6,4,0
CHANDIGARH,2002,Bankruptcy,0,0,1,0,0,1,0,0,0,0,0,0,1,0,0,1,0,0
CHANDIGARH,2002,Suspected/Illicit Relation,0,0,0,0,0,0,0,0,1,0,0,1,1,0,0,1,0,0
CHANDIGARH,2002,Cancellation/Non-Settlement of Marriage,0,0,0,0,0,0,0,0,0,0,0,0,0,0,0,0,0,0
CHANDIGARH,2002,Infertility,0,0,0,0,0,0,0,1,0,0,0,1,1,0,1,0,0,0
CHANDIGARH,2002,Illness (Aids/STD),0,0,0,0,0,0,0,0,0,0,0,0,0,0,0,0,0,0
CHANDIGARH,2002,Cancer,0,0,0,0,0,0,0,0,0,0,0,0,0,0,0,0,0,0
CHANDIGARH,2002,Paralysis,0,0,0,0,0,0,0,0,0,0,0,0,0,0,0,0,0,0
CHANDIGARH,2002,Insanity/Mental Illness,1,2,5,2,0,10,1,2,1,0,0,4,14,2,4,6,2,0
CHANDIGARH,2002,Other Prolonged Illness,0,0,0,0,0,0,0,0,0,0,0,0,0,0,0,0,0,0
CHANDIGARH,2002,Death of Dear Person,0,0,0,0,0,0,0,0,0,0,0,0,0,0,0,0,0,0
CHANDIGARH,2002,Dowry Dispute,0,1,0,0,0,1,0,0,0,0,0,0,1,0,1,0,0,0
CHANDIGARH,2002,Divorce,0,0,0,0,0,0,0,0,0,0,0,0,0,0,0,0,0,0
CHANDIGARH,2002,Drug Abuse/Addiction,0,1,0,0,0,1,0,0,0,0,0,0,1,0,1,0,0,0
CHANDIGARH,2002,Failure in Examination,0,0,0,0,0,0,0,2,0,0,0,2,2,0,2,0,0,0
CHANDIGARH,2002,Fall in Social Reputation,0,0,1,0,0,1,0,0,0,0,0,0,1,0,0,1,0,0
CHANDIGARH,2002,Family Problems,0,4,8,0,0,12,0,11,3,0,0,14,26,0,15,11,0,0
CHANDIGARH,2002,Ideological Causes/Hero Worshipping,0,0,0,0,0,0,0,0,0,0,0,0,0,0,0,0,0,0
CHANDIGARH,2002,Illegitimate Pregnancy,0,0,0,0,0,0,0,1,0,0,0,1,1,0,1,0,0,0
CHANDIGARH,2002,Love Affairs,0,5,0,0,0,5,0,4,0,0,0,4,9,0,9,0,0,0
CHANDIGARH,2002,"Physical Abuse (Rape,Incest Etc.)",0,0,0,0,0,0,0,0,0,0,0,0,0,0,0,0,0,0
CHANDIGARH,2002,Poverty,0,0,0,0,0,0,0,0,0,0,0,0,0,0,0,0,0,0
CHANDIGARH,2002,Professional/Career Problem,0,0,0,0,0,0,0,0,0,0,0,0,0,0,0,0,0,0
CHANDIGARH,2002,Property Dispute,0,0,0,0,0,0,0,0,1,0,0,1,1,0,0,1,0,0
CHANDIGARH,2002,Unemployment,0,1,1,0,0,2,0,0,0,0,0,0,2,0,1,1,0,0
CHANDIGARH,2002,Causes Not known,0,2,4,1,0,7,0,1,0,0,0,1,8,0,3,4,1,0
CHANDIGARH,2002,Other Causes,0,7,6,0,0,13,0,1,1,1,2,5,18,0,8,7,1,2
CHANDIGARH,2002,Total,1,23,26,3,0,53,1,23,7,1,2,34,87,2,46,33,4,2
CHANDIGARH,2002,Total Illness,1,2,5,2,0,10,1,2,1,0,0,4,14,2,4,6,2,0
CHANDIGARH,2003,Bankruptcy,0,0,2,0,0,2,0,0,0,0,0,0,2,0,0,2,0,0
CHANDIGARH,2003,Suspected/Illicit Relation,0,0,0,0,0,0,0,0,0,0,0,0,0,0,0,0,0,0
CHANDIGARH,2003,Cancellation/Non-Settlement of Marriage,0,0,0,0,0,0,0,1,0,0,0,1,1,0,1,0,0,0
CHANDIGARH,2003,Infertility,0,1,0,0,0,1,0,0,0,0,0,0,1,0,1,0,0,0
CHANDIGARH,2003,Illness (Aids/STD),0,0,0,0,0,0,0,0,0,0,0,0,0,0,0,0,0,0
CHANDIGARH,2003,Cancer,0,0,0,0,0,0,0,0,0,0,0,0,0,0,0,0,0,0
CHANDIGARH,2003,Paralysis,0,0,0,0,0,0,0,0,0,0,0,0,0,0,0,0,0,0
CHANDIGARH,2003,Insanity/Mental Illness,0,6,0,0,2,8,0,2,1,0,2,5,13,0,8,1,0,4
CHANDIGARH,2003,Other Prolonged Illness,0,0,0,0,0,0,0,1,0,1,0,2,2,0,1,0,1,0
CHANDIGARH,2003,Death of Dear Person,0,0,0,0,0,0,0,0,0,0,0,0,0,0,0,0,0,0
CHANDIGARH,2003,Dowry Dispute,0,0,0,0,0,0,0,3,0,0,0,3,3,0,3,0,0,0
CHANDIGARH,2003,Divorce,0,0,0,0,0,0,0,0,0,0,0,0,0,0,0,0,0,0
CHANDIGARH,2003,Drug Abuse/Addiction,0,2,2,0,0,4,0,0,0,0,0,0,4,0,2,2,0,0
CHANDIGARH,2003,Failure in Examination,0,0,0,0,0,0,0,2,0,0,0,2,2,0,2,0,0,0
CHANDIGARH,2003,Fall in Social Reputation,0,0,0,0,0,0,0,0,0,0,0,0,0,0,0,0,0,0
CHANDIGARH,2003,Family Problems,0,7,9,4,1,21,0,7,4,0,0,11,32,0,14,13,4,1
CHANDIGARH,2003,Ideological Causes/Hero Worshipping,0,0,0,0,0,0,0,0,0,0,0,0,0,0,0,0,0,0
CHANDIGARH,2003,Illegitimate Pregnancy,0,0,0,0,0,0,0,0,0,0,0,0,0,0,0,0,0,0
CHANDIGARH,2003,Love Affairs,0,2,0,0,0,2,0,0,0,0,0,0,2,0,2,0,0,0
CHANDIGARH,2003,"Physical Abuse (Rape,Incest Etc.)",0,0,0,0,0,0,0,0,0,0,0,0,0,0,0,0,0,0
CHANDIGARH,2003,Poverty,0,0,0,0,0,0,0,0,0,0,0,0,0,0,0,0,0,0
CHANDIGARH,2003,Professional/Career Problem,0,0,0,0,0,0,0,0,0,0,0,0,0,0,0,0,0,0
CHANDIGARH,2003,Property Dispute,0,0,0,0,0,0,0,0,0,0,0,0,0,0,0,0,0,0
CHANDIGARH,2003,Unemployment,0,1,1,0,0,2,0,0,0,0,0,0,2,0,1,1,0,0
CHANDIGARH,2003,Causes Not known,0,4,1,1,0,6,1,2,0,0,0,3,9,1,6,1,1,0
CHANDIGARH,2003,Other Causes,0,7,12,3,0,22,0,4,3,1,0,8,30,0,11,15,4,0
CHANDIGARH,2003,Total,0,30,27,8,3,68,1,22,8,2,2,35,103,1,52,35,10,5
CHANDIGARH,2003,Total Illness,0,6,0,0,2,8,0,3,1,1,2,7,15,0,9,1,1,4
CHANDIGARH,2004,Bankruptcy,0,0,0,0,0,0,0,0,0,0,0,0,0,0,0,0,0,0
CHANDIGARH,2004,Suspected/Illicit Relation,0,0,0,0,0,0,0,0,0,0,0,0,0,0,0,0,0,0
CHANDIGARH,2004,Cancellation/Non-Settlement of Marriage,0,0,0,0,0,0,0,0,0,0,0,0,0,0,0,0,0,0
CHANDIGARH,2004,Infertility,0,0,0,0,0,0,0,0,0,0,0,0,0,0,0,0,0,0
CHANDIGARH,2004,Illness (Aids/STD),0,0,0,0,0,0,0,0,0,0,0,0,0,0,0,0,0,0
CHANDIGARH,2004,Cancer,0,0,0,0,0,0,0,0,0,0,0,0,0,0,0,0,0,0
CHANDIGARH,2004,Paralysis,0,0,0,0,0,0,0,0,0,0,0,0,0,0,0,0,0,0
CHANDIGARH,2004,Insanity/Mental Illness,0,2,2,0,0,4,0,1,0,0,0,1,5,0,3,2,0,0
CHANDIGARH,2004,Other Prolonged Illness,0,4,1,4,0,9,0,0,0,1,0,1,10,0,4,1,5,0
CHANDIGARH,2004,Death of Dear Person,0,0,0,0,0,0,0,0,0,0,0,0,0,0,0,0,0,0
CHANDIGARH,2004,Dowry Dispute,0,0,0,0,0,0,0,2,0,0,0,2,2,0,2,0,0,0
CHANDIGARH,2004,Divorce,0,0,0,0,0,0,0,0,1,0,0,1,1,0,0,1,0,0
CHANDIGARH,2004,Drug Abuse/Addiction,0,3,2,0,0,5,0,0,0,0,0,0,5,0,3,2,0,0
CHANDIGARH,2004,Failure in Examination,0,3,0,0,0,3,0,4,0,0,0,4,7,0,7,0,0,0
CHANDIGARH,2004,Fall in Social Reputation,0,0,0,0,0,0,0,1,0,0,0,1,1,0,1,0,0,0
CHANDIGARH,2004,Family Problems,0,2,8,3,0,13,0,3,0,0,0,3,16,0,5,8,3,0
CHANDIGARH,2004,Ideological Causes/Hero Worshipping,0,0,0,0,0,0,0,0,0,0,0,0,0,0,0,0,0,0
CHANDIGARH,2004,Illegitimate Pregnancy,0,0,0,0,0,0,0,0,0,0,0,0,0,0,0,0,0,0
CHANDIGARH,2004,Love Affairs,0,2,0,0,0,2,0,5,1,0,0,6,8,0,7,1,0,0
CHANDIGARH,2004,"Physical Abuse (Rape,Incest Etc.)",0,0,0,0,0,0,0,0,0,0,0,0,0,0,0,0,0,0
CHANDIGARH,2004,Poverty,0,1,2,0,0,3,0,1,0,0,0,1,4,0,2,2,0,0
CHANDIGARH,2004,Professional/Career Problem,0,0,0,0,0,0,0,0,0,0,0,0,0,0,0,0,0,0
CHANDIGARH,2004,Property Dispute,0,0,0,0,0,0,0,0,0,0,0,0,0,0,0,0,0,0
CHANDIGARH,2004,Unemployment,0,3,0,0,0,3,0,0,0,0,0,0,3,0,3,0,0,0
CHANDIGARH,2004,Causes Not known,0,3,6,0,1,10,0,2,0,1,0,3,13,0,5,6,1,1
CHANDIGARH,2004,Other Causes,0,0,0,0,0,0,0,0,0,0,0,0,0,0,0,0,0,0
CHANDIGARH,2004,Total,0,23,21,7,1,52,0,19,2,2,0,23,75,0,42,23,9,1
CHANDIGARH,2004,Total Illness,0,6,3,4,0,13,0,1,0,1,0,2,15,0,7,3,5,0
CHANDIGARH,2005,Bankruptcy,0,1,0,0,0,1,0,0,0,0,0,0,1,0,1,0,0,0
CHANDIGARH,2005,Suspected/Illicit Relation,0,0,0,0,0,0,0,0,0,0,0,0,0,0,0,0,0,0
CHANDIGARH,2005,Cancellation/Non-Settlement of Marriage,0,0,0,0,0,0,0,0,0,0,0,0,0,0,0,0,0,0
CHANDIGARH,2005,Infertility,0,0,0,0,0,0,0,0,0,0,0,0,0,0,0,0,0,0
CHANDIGARH,2005,Illness (Aids/STD),0,0,0,0,0,0,0,0,0,0,0,0,0,0,0,0,0,0
CHANDIGARH,2005,Cancer,0,0,0,0,0,0,0,0,0,0,0,0,0,0,0,0,0,0
CHANDIGARH,2005,Paralysis,0,1,0,0,0,1,0,0,0,0,0,0,1,0,1,0,0,0
CHANDIGARH,2005,Insanity/Mental Illness,1,2,0,0,0,3,0,0,0,0,0,0,3,1,2,0,0,0
CHANDIGARH,2005,Other Prolonged Illness,0,1,0,2,0,3,0,0,0,0,0,0,3,0,1,0,2,0
CHANDIGARH,2005,Death of Dear Person,0,0,0,0,0,0,0,0,0,0,0,0,0,0,0,0,0,0
CHANDIGARH,2005,Dowry Dispute,0,0,0,0,0,0,0,0,0,0,0,0,0,0,0,0,0,0
CHANDIGARH,2005,Divorce,0,0,0,0,0,0,0,0,0,0,0,0,0,0,0,0,0,0
CHANDIGARH,2005,Drug Abuse/Addiction,0,3,2,0,0,5,0,0,0,0,0,0,5,0,3,2,0,0
CHANDIGARH,2005,Failure in Examination,0,2,0,0,0,2,0,1,0,0,0,1,3,0,3,0,0,0
CHANDIGARH,2005,Fall in Social Reputation,0,1,2,0,0,3,0,0,1,0,0,1,4,0,1,3,0,0
CHANDIGARH,2005,Family Problems,0,8,6,5,0,19,0,4,4,2,0,10,29,0,12,10,7,0
CHANDIGARH,2005,Ideological Causes/Hero Worshipping,0,0,0,0,0,0,0,0,0,0,0,0,0,0,0,0,0,0
CHANDIGARH,2005,Illegitimate Pregnancy,0,0,0,0,0,0,0,0,0,0,0,0,0,0,0,0,0,0
CHANDIGARH,2005,Love Affairs,0,0,0,0,0,0,0,1,0,0,0,1,1,0,1,0,0,0
CHANDIGARH,2005,"Physical Abuse (Rape,Incest Etc.)",0,0,0,0,0,0,0,0,0,0,0,0,0,0,0,0,0,0
CHANDIGARH,2005,Poverty,0,2,0,0,0,2,0,0,0,0,0,0,2,0,2,0,0,0
CHANDIGARH,2005,Professional/Career Problem,0,0,0,0,0,0,0,0,0,0,0,0,0,0,0,0,0,0
CHANDIGARH,2005,Property Dispute,0,1,0,0,0,1,0,0,0,0,0,0,1,0,1,0,0,0
CHANDIGARH,2005,Unemployment,0,1,0,0,0,1,0,0,0,0,0,0,1,0,1,0,0,0
CHANDIGARH,2005,Causes Not known,0,10,7,2,0,19,0,8,1,1,0,10,29,0,18,8,3,0
CHANDIGARH,2005,Other Causes,1,0,1,1,0,3,1,1,0,1,0,3,6,2,1,1,2,0
CHANDIGARH,2005,Total,2,33,18,10,0,63,1,15,6,4,0,26,89,3,48,24,14,0
CHANDIGARH,2005,Total Illness,1,4,0,2,0,7,0,0,0,0,0,0,7,1,4,0,2,0
CHANDIGARH,2006,Bankruptcy,0,0,0,0,0,0,0,0,0,0,0,0,0,0,0,0,0,0
CHANDIGARH,2006,Suspected/Illicit Relation,0,0,0,0,0,0,0,0,0,0,0,0,0,0,0,0,0,0
CHANDIGARH,2006,Cancellation/Non-Settlement of Marriage,0,0,0,0,0,0,0,0,0,0,0,0,0,0,0,0,0,0
CHANDIGARH,2006,Infertility,0,0,0,0,0,0,0,0,0,0,0,0,0,0,0,0,0,0
CHANDIGARH,2006,Illness (Aids/STD),0,0,0,0,0,0,0,0,0,0,0,0,0,0,0,0,0,0
CHANDIGARH,2006,Cancer,0,0,0,0,0,0,0,0,0,0,0,0,0,0,0,0,0,0
CHANDIGARH,2006,Paralysis,0,0,0,0,0,0,0,0,0,0,0,0,0,0,0,0,0,0
CHANDIGARH,2006,Insanity/Mental Illness,0,0,0,0,0,0,0,3,0,0,0,3,3,0,3,0,0,0
CHANDIGARH,2006,Other Prolonged Illness,0,0,0,1,0,1,0,0,1,0,0,1,2,0,0,1,1,0
CHANDIGARH,2006,Death of Dear Person,0,0,0,0,0,0,0,0,0,0,0,0,0,0,0,0,0,0
CHANDIGARH,2006,Dowry Dispute,0,0,0,0,0,0,0,0,1,0,0,1,1,0,0,1,0,0
CHANDIGARH,2006,Divorce,0,0,0,0,0,0,0,0,0,0,0,0,0,0,0,0,0,0
CHANDIGARH,2006,Drug Abuse/Addiction,0,0,1,0,0,1,0,0,0,0,0,0,1,0,0,1,0,0
CHANDIGARH,2006,Failure in Examination,0,2,0,0,0,2,0,0,0,0,0,0,2,0,2,0,0,0
CHANDIGARH,2006,Fall in Social Reputation,0,0,0,0,0,0,0,0,0,0,0,0,0,0,0,0,0,0
CHANDIGARH,2006,Family Problems,0,5,7,1,0,13,1,4,2,0,0,7,20,1,9,9,1,0
CHANDIGARH,2006,Ideological Causes/Hero Worshipping,0,0,0,0,0,0,0,0,0,0,0,0,0,0,0,0,0,0
CHANDIGARH,2006,Illegitimate Pregnancy,0,8,0,0,0,8,0,2,0,0,0,2,10,0,10,0,0,0
CHANDIGARH,2006,Love Affairs,0,0,0,0,0,0,0,0,0,0,0,0,0,0,0,0,0,0
CHANDIGARH,2006,"Physical Abuse (Rape,Incest Etc.)",0,0,0,0,0,0,0,0,0,0,0,0,0,0,0,0,0,0
CHANDIGARH,2006,Poverty,0,0,3,0,0,3,0,0,0,0,0,0,3,0,0,3,0,0
CHANDIGARH,2006,Professional/Career Problem,0,0,0,0,0,0,0,0,0,0,0,0,0,0,0,0,0,0
CHANDIGARH,2006,Property Dispute,0,0,0,0,0,0,0,0,0,0,0,0,0,0,0,0,0,0
CHANDIGARH,2006,Unemployment,0,0,9,0,0,9,0,0,0,0,0,0,9,0,0,9,0,0
CHANDIGARH,2006,Causes Not known,0,11,6,1,1,19,1,5,2,1,1,10,29,1,16,8,2,2
CHANDIGARH,2006,Other Causes,0,0,0,0,0,0,0,0,0,0,0,0,0,0,0,0,0,0
CHANDIGARH,2006,Total,0,26,26,3,1,56,2,14,6,1,1,24,80,2,40,32,4,2
CHANDIGARH,2006,Total Illness,0,0,0,1,0,1,0,3,1,0,0,4,5,0,3,1,1,0
CHANDIGARH,2007,Bankruptcy,0,0,0,0,0,0,0,0,0,0,0,0,0,0,0,0,0,0
CHANDIGARH,2007,Suspected/Illicit Relation,0,0,0,0,0,0,0,0,0,0,0,0,0,0,0,0,0,0
CHANDIGARH,2007,Cancellation/Non-Settlement of Marriage,0,0,0,0,0,0,0,0,0,0,0,0,0,0,0,0,0,0
CHANDIGARH,2007,Infertility,0,0,0,0,0,0,0,0,0,0,0,0,0,0,0,0,0,0
CHANDIGARH,2007,Illness (Aids/STD),0,0,0,0,0,0,0,0,0,0,0,0,0,0,0,0,0,0
CHANDIGARH,2007,Cancer,0,0,0,0,0,0,0,0,0,0,0,0,0,0,0,0,0,0
CHANDIGARH,2007,Paralysis,0,0,0,0,0,0,0,0,0,0,0,0,0,0,0,0,0,0
CHANDIGARH,2007,Insanity/Mental Illness,0,0,0,0,0,0,0,0,0,0,0,0,0,0,0,0,0,0
CHANDIGARH,2007,Other Prolonged Illness,0,0,4,1,3,8,0,0,0,0,0,0,8,0,0,4,1,3
CHANDIGARH,2007,Death of Dear Person,0,0,0,0,0,0,0,0,0,0,0,0,0,0,0,0,0,0
CHANDIGARH,2007,Dowry Dispute,0,0,0,0,0,0,0,1,0,0,0,1,1,0,1,0,0,0
CHANDIGARH,2007,Divorce,0,0,0,0,0,0,0,0,0,0,0,0,0,0,0,0,0,0
CHANDIGARH,2007,Drug Abuse/Addiction,0,0,0,0,0,0,0,0,0,0,0,0,0,0,0,0,0,0
CHANDIGARH,2007,Failure in Examination,0,8,0,0,0,8,0,0,0,0,0,0,8,0,8,0,0,0
CHANDIGARH,2007,Fall in Social Reputation,0,0,0,0,0,0,0,0,0,0,0,0,0,0,0,0,0,0
CHANDIGARH,2007,Family Problems,0,4,13,6,0,23,0,9,6,1,0,16,39,0,13,19,7,0
CHANDIGARH,2007,Ideological Causes/Hero Worshipping,0,0,0,0,0,0,0,0,0,0,0,0,0,0,0,0,0,0
CHANDIGARH,2007,Illegitimate Pregnancy,0,0,0,0,0,0,0,0,0,0,0,0,0,0,0,0,0,0
CHANDIGARH,2007,Love Affairs,0,1,0,0,0,1,0,1,0,0,0,1,2,0,2,0,0,0
CHANDIGARH,2007,"Physical Abuse (Rape,Incest Etc.)",0,0,0,0,0,0,0,0,0,0,0,0,0,0,0,0,0,0
CHANDIGARH,2007,Poverty,0,1,1,0,0,2,0,0,1,0,0,1,3,0,1,2,0,0
CHANDIGARH,2007,Professional/Career Problem,0,0,0,0,0,0,0,0,0,0,0,0,0,0,0,0,0,0
CHANDIGARH,2007,Property Dispute,0,0,0,0,0,0,0,0,0,0,0,0,0,0,0,0,0,0
CHANDIGARH,2007,Unemployment,0,7,2,1,0,10,0,0,0,0,0,0,10,0,7,2,1,0
CHANDIGARH,2007,Causes Not known,2,5,1,0,0,8,0,0,0,0,1,1,9,2,5,1,0,1
CHANDIGARH,2007,Other Causes,0,0,0,0,0,0,0,0,1,0,1,2,2,0,0,1,0,1
CHANDIGARH,2007,Total,2,26,21,8,3,60,0,11,8,1,2,22,82,2,37,29,9,5
CHANDIGARH,2007,Total Illness,0,0,4,1,3,8,0,0,0,0,0,0,8,0,0,4,1,3
CHANDIGARH,2008,Bankruptcy,0,0,3,3,0,6,0,0,0,0,0,0,6,0,0,3,3,0
CHANDIGARH,2008,Suspected/Illicit Relation,0,0,0,0,0,0,0,0,0,0,0,0,0,0,0,0,0,0
CHANDIGARH,2008,Cancellation/Non-Settlement of Marriage,0,0,0,0,0,0,0,0,0,0,0,0,0,0,0,0,0,0
CHANDIGARH,2008,Infertility,0,0,0,0,0,0,0,0,1,0,0,1,1,0,0,1,0,0
CHANDIGARH,2008,Illness (Aids/STD),0,0,0,0,0,0,0,0,0,0,0,0,0,0,0,0,0,0
CHANDIGARH,2008,Cancer,0,0,0,0,0,0,0,0,0,0,0,0,0,0,0,0,0,0
CHANDIGARH,2008,Paralysis,0,0,0,0,0,0,0,0,0,0,0,0,0,0,0,0,0,0
CHANDIGARH,2008,Insanity/Mental Illness,0,0,0,2,0,2,0,0,0,0,0,0,2,0,0,0,2,0
CHANDIGARH,2008,Other Prolonged Illness,0,2,4,3,1,10,0,0,0,1,0,1,11,0,2,4,4,1
CHANDIGARH,2008,Death of Dear Person,0,0,0,0,0,0,0,0,0,0,0,0,0,0,0,0,0,0
CHANDIGARH,2008,Dowry Dispute,0,0,0,0,0,0,0,2,0,0,0,2,2,0,2,0,0,0
CHANDIGARH,2008,Divorce,0,0,0,0,0,0,0,0,0,0,0,0,0,0,0,0,0,0
CHANDIGARH,2008,Drug Abuse/Addiction,0,3,1,0,0,4,0,0,0,0,0,0,4,0,3,1,0,0
CHANDIGARH,2008,Failure in Examination,0,3,0,0,0,3,0,2,0,0,0,2,5,0,5,0,0,0
CHANDIGARH,2008,Fall in Social Reputation,0,0,0,1,0,1,0,0,0,0,0,0,1,0,0,0,1,0
CHANDIGARH,2008,Family Problems,0,3,8,3,0,14,0,8,6,1,0,15,29,0,11,14,4,0
CHANDIGARH,2008,Ideological Causes/Hero Worshipping,0,0,0,0,0,0,0,0,0,0,0,0,0,0,0,0,0,0
CHANDIGARH,2008,Illegitimate Pregnancy,0,0,0,0,0,0,0,0,0,0,0,0,0,0,0,0,0,0
CHANDIGARH,2008,Love Affairs,0,4,0,0,0,4,0,4,0,0,0,4,8,0,8,0,0,0
CHANDIGARH,2008,"Physical Abuse (Rape,Incest Etc.)",0,0,0,0,0,0,0,0,0,0,0,0,0,0,0,0,0,0
CHANDIGARH,2008,Poverty,0,0,0,0,0,0,0,0,0,0,0,0,0,0,0,0,0,0
CHANDIGARH,2008,Professional/Career Problem,0,0,0,0,0,0,0,0,0,0,0,0,0,0,0,0,0,0
CHANDIGARH,2008,Property Dispute,0,0,0,0,0,0,0,0,0,0,0,0,0,0,0,0,0,0
CHANDIGARH,2008,Unemployment,0,5,3,1,0,9,0,0,0,0,0,0,9,0,5,3,1,0
CHANDIGARH,2008,Causes Not known,0,2,0,3,0,5,0,0,0,0,0,0,5,0,2,0,3,0
CHANDIGARH,2008,Other Causes,0,0,0,0,0,0,0,0,0,0,0,0,0,0,0,0,0,0
CHANDIGARH,2008,Total,0,22,19,16,1,58,0,16,7,2,0,25,83,0,38,26,18,1
CHANDIGARH,2008,Total Illness,0,2,4,5,1,12,0,0,0,1,0,1,13,0,2,4,6,1
CHANDIGARH,2009,Bankruptcy,0,0,0,0,0,0,0,0,0,0,0,0,0,0,0,0,0,0
CHANDIGARH,2009,Suspected/Illicit Relation,0,0,0,0,0,0,0,0,0,0,0,0,0,0,0,0,0,0
CHANDIGARH,2009,Cancellation/Non-Settlement of Marriage,0,0,0,0,0,0,0,0,0,0,0,0,0,0,0,0,0,0
CHANDIGARH,2009,Infertility,0,0,0,0,0,0,0,0,0,0,0,0,0,0,0,0,0,0
CHANDIGARH,2009,Illness (Aids/STD),0,0,0,0,0,0,0,0,0,0,0,0,0,0,0,0,0,0
CHANDIGARH,2009,Cancer,0,0,0,0,0,0,0,0,0,0,0,0,0,0,0,0,0,0
CHANDIGARH,2009,Paralysis,0,0,0,0,0,0,0,0,0,0,0,0,0,0,0,0,0,0
CHANDIGARH,2009,Insanity/Mental Illness,0,0,0,0,0,0,0,0,0,0,0,0,0,0,0,0,0,0
CHANDIGARH,2009,Other Prolonged Illness,0,0,0,0,0,0,0,0,1,0,0,1,1,0,0,1,0,0
CHANDIGARH,2009,Death of Dear Person,0,0,0,0,0,0,0,0,0,0,0,0,0,0,0,0,0,0
CHANDIGARH,2009,Dowry Dispute,0,0,0,0,0,0,0,1,0,0,0,1,1,0,1,0,0,0
CHANDIGARH,2009,Divorce,0,0,0,0,0,0,0,0,0,0,0,0,0,0,0,0,0,0
CHANDIGARH,2009,Drug Abuse/Addiction,0,1,0,0,0,1,0,0,0,0,0,0,1,0,1,0,0,0
CHANDIGARH,2009,Failure in Examination,0,4,0,0,0,4,0,4,0,0,0,4,8,0,8,0,0,0
CHANDIGARH,2009,Fall in Social Reputation,0,0,0,1,0,1,0,0,0,0,0,0,1,0,0,0,1,0
CHANDIGARH,2009,Family Problems,0,5,7,5,0,17,1,8,4,0,1,14,31,1,13,11,5,1
CHANDIGARH,2009,Ideological Causes/Hero Worshipping,0,0,0,0,0,0,0,0,0,0,0,0,0,0,0,0,0,0
CHANDIGARH,2009,Illegitimate Pregnancy,0,0,0,0,0,0,0,0,0,0,0,0,0,0,0,0,0,0
CHANDIGARH,2009,Love Affairs,0,2,0,0,0,2,0,0,0,0,0,0,2,0,2,0,0,0
CHANDIGARH,2009,"Physical Abuse (Rape,Incest Etc.)",0,0,2,1,1,4,0,0,0,0,0,0,4,0,0,2,1,1
CHANDIGARH,2009,Poverty,0,0,0,0,0,0,0,0,0,0,1,1,1,0,0,0,0,1
CHANDIGARH,2009,Professional/Career Problem,0,0,0,0,0,0,0,0,0,0,0,0,0,0,0,0,0,0
CHANDIGARH,2009,Property Dispute,0,0,0,0,0,0,0,0,0,0,0,0,0,0,0,0,0,0
CHANDIGARH,2009,Unemployment,0,1,2,0,0,3,0,0,0,0,0,0,3,0,1,2,0,0
CHANDIGARH,2009,Causes Not known,0,2,7,1,1,11,0,5,4,1,0,10,21,0,7,11,2,1
CHANDIGARH,2009,Other Causes,0,1,0,0,0,1,0,0,0,0,0,0,1,0,1,0,0,0
CHANDIGARH,2009,Total,0,16,18,8,2,44,1,18,9,1,2,31,75,1,34,27,9,4
CHANDIGARH,2009,Total Illness,0,0,0,0,0,0,0,0,1,0,0,1,1,0,0,1,0,0
CHANDIGARH,2010,Bankruptcy,0,0,0,0,0,0,0,0,0,0,0,0,0,0,0,0,0,0
CHANDIGARH,2010,Suspected/Illicit Relation,0,0,0,0,0,0,0,0,0,0,0,0,0,0,0,0,0,0
CHANDIGARH,2010,Cancellation/Non-Settlement of Marriage,0,0,0,0,0,0,0,0,0,0,0,0,0,0,0,0,0,0
CHANDIGARH,2010,Infertility,0,0,0,0,0,0,0,0,0,0,0,0,0,0,0,0,0,0
CHANDIGARH,2010,Illness (Aids/STD),0,0,0,0,0,0,0,0,0,0,0,0,0,0,0,0,0,0
CHANDIGARH,2010,Cancer,0,0,0,0,0,0,0,0,0,0,0,0,0,0,0,0,0,0
CHANDIGARH,2010,Paralysis,0,0,0,0,0,0,0,0,0,0,0,0,0,0,0,0,0,0
CHANDIGARH,2010,Insanity/Mental Illness,0,0,0,0,0,0,0,0,0,0,0,0,0,0,0,0,0,0
CHANDIGARH,2010,Other Prolonged Illness,0,1,0,1,1,3,0,4,1,1,1,7,10,0,5,1,2,2
CHANDIGARH,2010,Death of Dear Person,0,0,0,0,0,0,0,0,0,0,0,0,0,0,0,0,0,0
CHANDIGARH,2010,Dowry Dispute,0,0,0,0,0,0,0,0,0,0,0,0,0,0,0,0,0,0
CHANDIGARH,2010,Divorce,0,0,0,0,0,0,0,0,0,0,0,0,0,0,0,0,0,0
CHANDIGARH,2010,Drug Abuse/Addiction,0,0,0,0,0,0,0,0,0,0,0,0,0,0,0,0,0,0
CHANDIGARH,2010,Failure in Examination,0,0,0,0,0,0,1,4,0,0,0,5,5,1,4,0,0,0
CHANDIGARH,2010,Fall in Social Reputation,0,0,0,0,0,0,0,0,0,0,0,0,0,0,0,0,0,0
CHANDIGARH,2010,Family Problems,0,1,0,1,0,2,1,13,7,1,0,22,24,1,14,7,2,0
CHANDIGARH,2010,Ideological Causes/Hero Worshipping,0,0,0,0,0,0,0,0,0,0,0,0,0,0,0,0,0,0
CHANDIGARH,2010,Illegitimate Pregnancy,0,0,0,0,0,0,0,0,0,0,0,0,0,0,0,0,0,0
CHANDIGARH,2010,Love Affairs,0,5,0,0,0,5,0,1,0,0,0,1,6,0,6,0,0,0
CHANDIGARH,2010,"Physical Abuse (Rape,Incest Etc.)",0,0,0,0,0,0,0,0,1,0,0,1,1,0,0,1,0,0
CHANDIGARH,2010,Poverty,0,0,0,0,0,0,0,0,0,0,0,0,0,0,0,0,0,0
CHANDIGARH,2010,Professional/Career Problem,0,0,0,0,0,0,0,0,0,0,0,0,0,0,0,0,0,0
CHANDIGARH,2010,Property Dispute,0,0,0,0,0,0,0,0,0,0,0,0,0,0,0,0,0,0
CHANDIGARH,2010,Unemployment,0,4,4,1,0,9,0,0,0,0,0,0,9,0,4,4,1,0
CHANDIGARH,2010,Causes Not known,0,0,1,0,0,1,0,0,0,0,0,0,1,0,0,1,0,0
CHANDIGARH,2010,Other Causes,0,3,7,1,0,11,0,3,1,0,0,4,15,0,6,8,1,0
CHANDIGARH,2010,Total,0,14,12,4,1,31,2,25,10,2,1,40,71,2,39,22,6,2
CHANDIGARH,2010,Total Illness,0,1,0,1,1,3,0,4,1,1,1,7,10,0,5,1,2,2
CHANDIGARH,2011,Bankruptcy,0,0,0,0,0,0,0,0,0,0,0,0,0,0,0,0,0,0
CHANDIGARH,2011,Suspected/Illicit Relation,0,0,0,0,0,0,0,0,0,0,0,0,0,0,0,0,0,0
CHANDIGARH,2011,Cancellation/Non-Settlement of Marriage,0,0,0,0,0,0,0,0,0,0,0,0,0,0,0,0,0,0
CHANDIGARH,2011,Infertility,0,0,0,0,0,0,0,0,0,0,0,0,0,0,0,0,0,0
CHANDIGARH,2011,Illness (Aids/STD),0,0,0,0,0,0,0,0,0,0,0,0,0,0,0,0,0,0
CHANDIGARH,2011,Cancer,0,0,0,0,0,0,0,0,0,0,0,0,0,0,0,0,0,0
CHANDIGARH,2011,Paralysis,0,0,0,0,0,0,0,0,0,0,0,0,0,0,0,0,0,0
CHANDIGARH,2011,Insanity/Mental Illness,0,0,0,0,0,0,0,0,0,0,0,0,0,0,0,0,0,0
CHANDIGARH,2011,Other Prolonged Illness,0,1,0,3,0,4,0,0,1,0,0,1,5,0,1,1,3,0
CHANDIGARH,2011,Death of Dear Person,0,0,0,0,0,0,0,0,0,0,0,0,0,0,0,0,0,0
CHANDIGARH,2011,Dowry Dispute,0,0,0,0,0,0,0,0,0,0,0,0,0,0,0,0,0,0
CHANDIGARH,2011,Divorce,0,0,0,0,0,0,0,0,0,0,0,0,0,0,0,0,0,0
CHANDIGARH,2011,Drug Abuse/Addiction,0,2,1,1,0,4,0,0,0,0,0,0,4,0,2,1,1,0
CHANDIGARH,2011,Failure in Examination,0,0,0,0,0,0,0,0,0,0,0,0,0,0,0,0,0,0
CHANDIGARH,2011,Fall in Social Reputation,0,0,0,0,0,0,0,0,0,0,0,0,0,0,0,0,0,0
CHANDIGARH,2011,Family Problems,0,3,1,0,0,4,0,13,3,1,0,17,21,0,16,4,1,0
CHANDIGARH,2011,Ideological Causes/Hero Worshipping,0,0,0,0,0,0,0,0,0,0,0,0,0,0,0,0,0,0
CHANDIGARH,2011,Illegitimate Pregnancy,0,0,0,0,0,0,0,0,0,0,0,0,0,0,0,0,0,0
CHANDIGARH,2011,Love Affairs,0,0,0,0,0,0,0,1,0,0,0,1,1,0,1,0,0,0
CHANDIGARH,2011,"Physical Abuse (Rape,Incest Etc.)",0,0,0,0,0,0,0,0,0,0,0,0,0,0,0,0,0,0
CHANDIGARH,2011,Poverty,0,0,0,0,0,0,0,0,0,0,0,0,0,0,0,0,0,0
CHANDIGARH,2011,Professional/Career Problem,0,0,0,0,0,0,0,0,0,0,0,0,0,0,0,0,0,0
CHANDIGARH,2011,Property Dispute,0,0,0,0,0,0,0,0,0,0,0,0,0,0,0,0,0,0
CHANDIGARH,2011,Unemployment,0,1,0,0,0,1,0,0,0,0,0,0,1,0,1,0,0,0
CHANDIGARH,2011,Causes Not known,0,0,1,0,0,1,0,0,0,0,0,0,1,0,0,1,0,0
CHANDIGARH,2011,Other Causes,0,17,16,9,1,43,0,17,10,2,0,29,72,0,34,26,11,1
CHANDIGARH,2011,Total,0,24,19,13,1,57,0,31,14,3,0,48,105,0,55,33,16,1
CHANDIGARH,2011,Total Illness,0,1,0,3,0,4,0,0,1,0,0,1,5,0,1,1,3,0
CHANDIGARH,2012,Bankruptcy,0,0,0,0,0,0,0,0,0,0,0,0,0,0,0,0,0,0
CHANDIGARH,2012,Suspected/Illicit Relation,0,0,0,0,0,0,0,0,0,0,0,0,0,0,0,0,0,0
CHANDIGARH,2012,Cancellation/Non-Settlement of Marriage,0,0,0,0,0,0,0,0,0,0,0,0,0,0,0,0,0,0
CHANDIGARH,2012,Infertility,0,0,0,0,0,0,0,0,0,0,0,0,0,0,0,0,0,0
CHANDIGARH,2012,Illness (Aids/STD),0,0,0,0,0,0,0,0,0,0,0,0,0,0,0,0,0,0
CHANDIGARH,2012,Cancer,0,0,0,0,0,0,0,0,0,0,0,0,0,0,0,0,0,0
CHANDIGARH,2012,Paralysis,0,0,0,0,0,0,0,0,0,0,0,0,0,0,0,0,0,0
CHANDIGARH,2012,Insanity/Mental Illness,0,0,0,0,0,0,0,0,0,0,0,0,0,0,0,0,0,0
CHANDIGARH,2012,Other Prolonged Illness,0,0,0,0,0,0,0,1,0,0,0,1,1,0,1,0,0,0
CHANDIGARH,2012,Death of Dear Person,0,0,0,0,0,0,0,0,0,0,0,0,0,0,0,0,0,0
CHANDIGARH,2012,Dowry Dispute,0,0,0,0,0,0,0,0,0,0,0,0,0,0,0,0,0,0
CHANDIGARH,2012,Divorce,0,0,0,0,0,0,0,0,0,0,0,0,0,0,0,0,0,0
CHANDIGARH,2012,Drug Abuse/Addiction,0,4,2,0,0,6,0,0,0,0,0,0,6,0,4,2,0,0
CHANDIGARH,2012,Failure in Examination,0,0,0,0,0,0,0,1,0,0,0,1,1,0,1,0,0,0
CHANDIGARH,2012,Fall in Social Reputation,0,0,0,0,0,0,0,0,0,0,0,0,0,0,0,0,0,0
CHANDIGARH,2012,Family Problems,2,4,9,5,0,20,0,7,3,0,1,11,31,2,11,12,5,1
CHANDIGARH,2012,Ideological Causes/Hero Worshipping,0,0,0,0,0,0,0,0,0,0,0,0,0,0,0,0,0,0
CHANDIGARH,2012,Illegitimate Pregnancy,0,0,0,0,0,0,0,0,0,0,0,0,0,0,0,0,0,0
CHANDIGARH,2012,Love Affairs,0,0,0,0,0,0,0,1,0,0,0,1,1,0,1,0,0,0
CHANDIGARH,2012,"Physical Abuse (Rape,Incest Etc.)",0,0,0,0,0,0,0,0,0,0,0,0,0,0,0,0,0,0
CHANDIGARH,2012,Poverty,0,1,1,0,0,2,0,1,2,0,0,3,5,0,2,3,0,0
CHANDIGARH,2012,Professional/Career Problem,0,0,0,0,0,0,0,0,0,0,0,0,0,0,0,0,0,0
CHANDIGARH,2012,Property Dispute,0,0,0,0,0,0,0,0,0,0,0,0,0,0,0,0,0,0
CHANDIGARH,2012,Unemployment,0,10,4,0,0,14,0,1,0,0,0,1,15,0,11,4,0,0
CHANDIGARH,2012,Causes Not known,0,0,1,0,0,1,0,0,0,0,0,0,1,0,0,1,0,0
CHANDIGARH,2012,Other Causes,0,14,14,3,1,32,1,17,3,0,0,21,53,1,31,17,3,1
CHANDIGARH,2012,Total,2,33,31,8,1,75,1,29,8,0,1,39,114,3,62,39,8,2
CHANDIGARH,2012,Total Illness,0,0,0,0,0,0,0,1,0,0,0,1,1,0,1,0,0,0
D & N HAVELI,2001,Bankruptcy,0,0,0,0,0,0,0,0,0,0,0,0,0,0,0,0,0,0
D & N HAVELI,2001,Suspected/Illicit Relation,0,0,0,0,0,0,0,0,0,0,0,0,0,0,0,0,0,0
D & N HAVELI,2001,Cancellation/Non-Settlement of Marriage,0,0,0,0,0,0,0,0,0,0,0,0,0,0,0,0,0,0
D & N HAVELI,2001,Infertility,0,0,0,0,0,0,0,1,0,0,0,1,1,0,1,0,0,0
D & N HAVELI,2001,Illness (Aids/STD),0,0,0,0,0,0,0,0,0,0,0,0,0,0,0,0,0,0
D & N HAVELI,2001,Cancer,0,0,0,0,0,0,0,0,1,0,0,1,1,0,0,1,0,0
D & N HAVELI,2001,Paralysis,0,1,1,0,1,3,0,0,0,0,0,0,3,0,1,1,0,1
D & N HAVELI,2001,Insanity/Mental Illness,0,0,0,0,0,0,0,0,0,0,0,0,0,0,0,0,0,0
D & N HAVELI,2001,Other Prolonged Illness,0,0,0,1,1,2,0,1,0,0,0,1,3,0,1,0,1,1
D & N HAVELI,2001,Death of Dear Person,0,0,0,0,0,0,0,0,0,0,0,0,0,0,0,0,0,0
D & N HAVELI,2001,Dowry Dispute,0,0,0,0,0,0,0,0,0,0,0,0,0,0,0,0,0,0
D & N HAVELI,2001,Divorce,0,0,0,0,0,0,0,0,0,0,0,0,0,0,0,0,0,0
D & N HAVELI,2001,Drug Abuse/Addiction,0,0,0,0,0,0,0,0,0,0,0,0,0,0,0,0,0,0
D & N HAVELI,2001,Failure in Examination,0,0,0,0,0,0,0,0,0,0,0,0,0,0,0,0,0,0
D & N HAVELI,2001,Fall in Social Reputation,0,0,1,0,0,1,0,0,0,0,0,0,1,0,0,1,0,0
D & N HAVELI,2001,Family Problems,0,3,6,2,4,15,1,6,2,1,0,10,25,1,9,8,3,4
D & N HAVELI,2001,Ideological Causes/Hero Worshipping,0,0,0,0,0,0,0,0,0,0,0,0,0,0,0,0,0,0
D & N HAVELI,2001,Illegitimate Pregnancy,0,0,0,0,0,0,0,0,0,0,0,0,0,0,0,0,0,0
D & N HAVELI,2001,Love Affairs,0,2,0,0,0,2,0,0,0,0,0,0,2,0,2,0,0,0
D & N HAVELI,2001,"Physical Abuse (Rape,Incest Etc.)",0,0,0,0,0,0,0,0,0,0,0,0,0,0,0,0,0,0
D & N HAVELI,2001,Poverty,0,0,0,0,0,0,0,0,0,0,0,0,0,0,0,0,0,0
D & N HAVELI,2001,Professional/Career Problem,0,0,0,0,0,0,0,0,0,0,0,0,0,0,0,0,0,0
D & N HAVELI,2001,Property Dispute,0,0,0,0,0,0,0,0,0,0,0,0,0,0,0,0,0,0
D & N HAVELI,2001,Unemployment,0,2,2,1,0,5,0,0,0,0,0,0,5,0,2,2,1,0
D & N HAVELI,2001,Causes Not known,0,2,0,2,2,6,0,1,0,0,0,1,7,0,3,0,2,2
D & N HAVELI,2001,Other Causes,0,0,0,1,0,1,0,0,1,0,0,1,2,0,0,1,1,0
D & N HAVELI,2001,Total,0,10,10,7,8,35,1,9,4,1,0,15,50,1,19,14,8,8
D & N HAVELI,2001,Total Illness,0,1,1,1,2,5,0,1,1,0,0,2,7,0,2,2,1,2
D & N HAVELI,2002,Bankruptcy,0,0,0,0,0,0,0,0,0,0,0,0,0,0,0,0,0,0
D & N HAVELI,2002,Suspected/Illicit Relation,0,0,0,0,0,0,0,0,0,0,0,0,0,0,0,0,0,0
D & N HAVELI,2002,Cancellation/Non-Settlement of Marriage,0,0,0,0,0,0,0,0,0,0,0,0,0,0,0,0,0,0
D & N HAVELI,2002,Infertility,0,0,0,0,0,0,0,1,0,0,0,1,1,0,1,0,0,0
D & N HAVELI,2002,Illness (Aids/STD),0,0,0,0,0,0,0,0,0,0,0,0,0,0,0,0,0,0
D & N HAVELI,2002,Cancer,0,0,0,0,0,0,0,0,0,0,0,0,0,0,0,0,0,0
D & N HAVELI,2002,Paralysis,0,0,0,0,0,0,0,0,0,0,0,0,0,0,0,0,0,0
D & N HAVELI,2002,Insanity/Mental Illness,0,1,2,1,1,5,0,0,1,0,0,1,6,0,1,3,1,1
D & N HAVELI,2002,Other Prolonged Illness,0,0,0,3,2,5,0,1,1,0,0,2,7,0,1,1,3,2
D & N HAVELI,2002,Death of Dear Person,0,0,0,0,0,0,0,1,0,0,0,1,1,0,1,0,0,0
D & N HAVELI,2002,Dowry Dispute,0,0,0,0,0,0,0,0,0,0,0,0,0,0,0,0,0,0
D & N HAVELI,2002,Divorce,0,0,0,0,0,0,0,0,0,0,0,0,0,0,0,0,0,0
D & N HAVELI,2002,Drug Abuse/Addiction,0,0,0,0,0,0,0,0,0,0,0,0,0,0,0,0,0,0
D & N HAVELI,2002,Failure in Examination,1,0,0,0,0,1,0,0,0,0,0,0,1,1,0,0,0,0
D & N HAVELI,2002,Fall in Social Reputation,0,2,1,0,0,3,0,0,0,0,0,0,3,0,2,1,0,0
D & N HAVELI,2002,Family Problems,0,0,0,0,0,0,0,3,1,1,0,5,5,0,3,1,1,0
D & N HAVELI,2002,Ideological Causes/Hero Worshipping,0,0,0,0,0,0,0,0,0,0,0,0,0,0,0,0,0,0
D & N HAVELI,2002,Illegitimate Pregnancy,0,0,0,0,0,0,0,0,0,0,0,0,0,0,0,0,0,0
D & N HAVELI,2002,Love Affairs,0,1,0,0,0,1,0,1,0,0,0,1,2,0,2,0,0,0
D & N HAVELI,2002,"Physical Abuse (Rape,Incest Etc.)",0,0,0,0,0,0,0,0,0,0,0,0,0,0,0,0,0,0
D & N HAVELI,2002,Poverty,0,0,0,0,0,0,0,0,0,0,0,0,0,0,0,0,0,0
D & N HAVELI,2002,Professional/Career Problem,0,0,0,0,0,0,0,0,0,0,0,0,0,0,0,0,0,0
D & N HAVELI,2002,Property Dispute,0,0,0,0,0,0,0,0,0,0,0,0,0,0,0,0,0,0
D & N HAVELI,2002,Unemployment,0,0,0,0,0,0,0,0,0,0,0,0,0,0,0,0,0,0
D & N HAVELI,2002,Causes Not known,0,1,0,2,0,3,0,2,0,0,0,2,5,0,3,0,2,0
D & N HAVELI,2002,Other Causes,0,4,5,3,2,14,0,2,0,1,2,5,19,0,6,5,4,4
D & N HAVELI,2002,Total,1,9,8,9,5,32,0,11,3,2,2,18,50,1,20,11,11,7
D & N HAVELI,2002,Total Illness,0,1,2,4,3,10,0,1,2,0,0,3,13,0,2,4,4,3
D & N HAVELI,2003,Bankruptcy,0,0,0,0,0,0,0,0,0,0,0,0,0,0,0,0,0,0
D & N HAVELI,2003,Suspected/Illicit Relation,0,0,0,0,0,0,0,0,0,0,0,0,0,0,0,0,0,0
D & N HAVELI,2003,Cancellation/Non-Settlement of Marriage,0,0,0,0,0,0,0,0,0,0,0,0,0,0,0,0,0,0
D & N HAVELI,2003,Infertility,0,0,0,0,0,0,0,0,0,0,0,0,0,0,0,0,0,0
D & N HAVELI,2003,Illness (Aids/STD),0,0,0,0,0,0,0,0,0,0,0,0,0,0,0,0,0,0
D & N HAVELI,2003,Cancer,0,0,0,0,0,0,0,0,0,0,0,0,0,0,0,0,0,0
D & N HAVELI,2003,Paralysis,0,0,0,0,0,0,0,0,0,0,0,0,0,0,0,0,0,0
D & N HAVELI,2003,Insanity/Mental Illness,0,0,0,0,0,0,0,0,0,0,0,0,0,0,0,0,0,0
D & N HAVELI,2003,Other Prolonged Illness,0,0,0,0,0,0,0,0,0,1,0,1,1,0,0,0,1,0
D & N HAVELI,2003,Death of Dear Person,0,0,0,0,0,0,0,0,0,0,0,0,0,0,0,0,0,0
D & N HAVELI,2003,Dowry Dispute,0,0,0,0,0,0,0,0,0,0,0,0,0,0,0,0,0,0
D & N HAVELI,2003,Divorce,0,0,0,0,0,0,0,0,2,0,0,2,2,0,0,2,0,0
D & N HAVELI,2003,Drug Abuse/Addiction,0,0,0,0,0,0,0,0,0,0,0,0,0,0,0,0,0,0
D & N HAVELI,2003,Failure in Examination,1,0,0,0,0,1,0,0,0,0,0,0,1,1,0,0,0,0
D & N HAVELI,2003,Fall in Social Reputation,0,1,0,0,0,1,0,0,0,0,0,0,1,0,1,0,0,0
D & N HAVELI,2003,Family Problems,0,4,3,1,4,12,0,2,4,6,0,12,24,0,6,7,7,4
D & N HAVELI,2003,Ideological Causes/Hero Worshipping,0,0,0,0,0,0,0,0,0,0,0,0,0,0,0,0,0,0
D & N HAVELI,2003,Illegitimate Pregnancy,0,0,0,0,0,0,0,1,0,0,0,1,1,0,1,0,0,0
D & N HAVELI,2003,Love Affairs,0,0,0,0,0,0,0,0,0,0,0,0,0,0,0,0,0,0
D & N HAVELI,2003,"Physical Abuse (Rape,Incest Etc.)",0,0,0,0,0,0,0,0,0,0,0,0,0,0,0,0,0,0
D & N HAVELI,2003,Poverty,0,0,0,0,0,0,0,0,0,0,0,0,0,0,0,0,0,0
D & N HAVELI,2003,Professional/Career Problem,0,0,0,0,0,0,0,0,0,0,0,0,0,0,0,0,0,0
D & N HAVELI,2003,Property Dispute,0,0,0,0,0,0,0,0,0,0,0,0,0,0,0,0,0,0
D & N HAVELI,2003,Unemployment,0,0,0,0,0,0,0,0,0,0,0,0,0,0,0,0,0,0
D & N HAVELI,2003,Causes Not known,0,1,2,2,0,5,0,0,0,2,0,2,7,0,1,2,4,0
D & N HAVELI,2003,Other Causes,1,2,3,4,1,11,0,3,1,0,0,4,15,1,5,4,4,1
D & N HAVELI,2003,Total,2,8,8,7,5,30,0,6,7,9,0,22,52,2,14,15,16,5
D & N HAVELI,2003,Total Illness,0,0,0,0,0,0,0,0,0,1,0,1,1,0,0,0,1,0
D & N HAVELI,2004,Bankruptcy,0,0,1,0,0,1,0,0,0,0,0,0,1,0,0,1,0,0
D & N HAVELI,2004,Suspected/Illicit Relation,0,0,0,0,0,0,0,0,1,0,0,1,1,0,0,1,0,0
D & N HAVELI,2004,Cancellation/Non-Settlement of Marriage,0,0,0,0,0,0,0,1,0,0,0,1,1,0,1,0,0,0
D & N HAVELI,2004,Infertility,0,1,0,0,0,1,0,1,0,0,0,1,2,0,2,0,0,0
D & N HAVELI,2004,Illness (Aids/STD),0,0,0,0,0,0,0,0,0,0,0,0,0,0,0,0,0,0
D & N HAVELI,2004,Cancer,0,0,0,0,0,0,0,0,0,0,0,0,0,0,0,0,0,0
D & N HAVELI,2004,Paralysis,0,0,0,0,0,0,0,0,0,0,0,0,0,0,0,0,0,0
D & N HAVELI,2004,Insanity/Mental Illness,0,2,1,1,1,5,0,2,1,0,0,3,8,0,4,2,1,1
D & N HAVELI,2004,Other Prolonged Illness,0,2,0,1,1,4,0,1,1,0,0,2,6,0,3,1,1,1
D & N HAVELI,2004,Death of Dear Person,0,0,0,0,0,0,0,0,0,0,0,0,0,0,0,0,0,0
D & N HAVELI,2004,Dowry Dispute,0,0,0,0,0,0,0,0,0,0,0,0,0,0,0,0,0,0
D & N HAVELI,2004,Divorce,0,0,0,0,0,0,0,0,0,0,0,0,0,0,0,0,0,0
D & N HAVELI,2004,Drug Abuse/Addiction,0,0,1,1,0,2,0,0,1,0,1,2,4,0,0,2,1,1
D & N HAVELI,2004,Failure in Examination,0,0,0,0,0,0,0,0,0,0,0,0,0,0,0,0,0,0
D & N HAVELI,2004,Fall in Social Reputation,0,0,0,0,0,0,0,0,0,0,0,0,0,0,0,0,0,0
D & N HAVELI,2004,Family Problems,0,1,0,0,0,1,0,2,1,0,0,3,4,0,3,1,0,0
D & N HAVELI,2004,Ideological Causes/Hero Worshipping,0,0,0,0,0,0,0,0,0,0,0,0,0,0,0,0,0,0
D & N HAVELI,2004,Illegitimate Pregnancy,0,0,0,0,0,0,0,0,0,0,0,0,0,0,0,0,0,0
D & N HAVELI,2004,Love Affairs,0,0,0,0,0,0,0,0,0,0,0,0,0,0,0,0,0,0
D & N HAVELI,2004,"Physical Abuse (Rape,Incest Etc.)",0,0,0,0,0,0,0,0,0,0,0,0,0,0,0,0,0,0
D & N HAVELI,2004,Poverty,0,0,0,0,0,0,0,0,0,0,0,0,0,0,0,0,0,0
D & N HAVELI,2004,Professional/Career Problem,0,0,0,0,0,0,0,0,0,0,0,0,0,0,0,0,0,0
D & N HAVELI,2004,Property Dispute,0,0,0,0,0,0,0,0,0,0,0,0,0,0,0,0,0,0
D & N HAVELI,2004,Unemployment,0,0,1,0,0,1,0,0,0,0,0,0,1,0,0,1,0,0
D & N HAVELI,2004,Causes Not known,0,0,0,0,0,0,0,0,0,0,0,0,0,0,0,0,0,0
D & N HAVELI,2004,Other Causes,0,1,2,1,1,5,0,5,0,1,0,6,11,0,6,2,2,1
D & N HAVELI,2004,Total,0,7,6,4,3,20,0,12,5,1,1,19,39,0,19,11,5,4
D & N HAVELI,2004,Total Illness,0,4,1,2,2,9,0,3,2,0,0,5,14,0,7,3,2,2
D & N HAVELI,2005,Bankruptcy,0,1,0,0,0,1,0,0,0,0,0,0,1,0,1,0,0,0
D & N HAVELI,2005,Suspected/Illicit Relation,0,0,0,0,0,0,0,0,0,0,0,0,0,0,0,0,0,0
D & N HAVELI,2005,Cancellation/Non-Settlement of Marriage,0,0,0,0,0,0,0,1,0,0,0,1,1,0,1,0,0,0
D & N HAVELI,2005,Infertility,0,0,0,0,0,0,0,0,0,0,0,0,0,0,0,0,0,0
D & N HAVELI,2005,Illness (Aids/STD),0,0,1,0,0,1,0,0,0,0,0,0,1,0,0,1,0,0
D & N HAVELI,2005,Cancer,0,0,0,0,0,0,0,0,0,0,0,0,0,0,0,0,0,0
D & N HAVELI,2005,Paralysis,0,0,0,0,0,0,0,0,0,0,0,0,0,0,0,0,0,0
D & N HAVELI,2005,Insanity/Mental Illness,0,2,2,1,2,7,0,1,0,2,0,3,10,0,3,2,3,2
D & N HAVELI,2005,Other Prolonged Illness,0,1,2,1,2,6,0,0,3,0,0,3,9,0,1,5,1,2
D & N HAVELI,2005,Death of Dear Person,0,0,0,0,0,0,0,0,1,0,1,2,2,0,0,1,0,1
D & N HAVELI,2005,Dowry Dispute,0,0,0,0,0,0,0,0,0,0,0,0,0,0,0,0,0,0
D & N HAVELI,2005,Divorce,0,0,0,0,0,0,0,0,0,0,0,0,0,0,0,0,0,0
D & N HAVELI,2005,Drug Abuse/Addiction,0,0,0,3,0,3,0,0,0,0,0,0,3,0,0,0,3,0
D & N HAVELI,2005,Failure in Examination,0,0,0,0,0,0,0,0,0,0,0,0,0,0,0,0,0,0
D & N HAVELI,2005,Fall in Social Reputation,0,0,0,0,0,0,0,0,0,0,0,0,0,0,0,0,0,0
D & N HAVELI,2005,Family Problems,0,3,2,0,0,5,0,3,2,2,0,7,12,0,6,4,2,0
D & N HAVELI,2005,Ideological Causes/Hero Worshipping,0,0,0,0,0,0,0,0,0,0,0,0,0,0,0,0,0,0
D & N HAVELI,2005,Illegitimate Pregnancy,0,0,0,0,0,0,0,0,0,0,0,0,0,0,0,0,0,0
D & N HAVELI,2005,Love Affairs,0,1,0,0,0,1,0,1,0,0,0,1,2,0,2,0,0,0
D & N HAVELI,2005,"Physical Abuse (Rape,Incest Etc.)",0,0,0,0,0,0,0,0,0,0,0,0,0,0,0,0,0,0
D & N HAVELI,2005,Poverty,0,0,0,0,0,0,0,0,0,0,0,0,0,0,0,0,0,0
D & N HAVELI,2005,Professional/Career Problem,0,1,0,0,0,1,0,0,0,0,0,0,1,0,1,0,0,0
D & N HAVELI,2005,Property Dispute,0,0,0,0,0,0,0,0,0,0,0,0,0,0,0,0,0,0
D & N HAVELI,2005,Unemployment,0,0,1,0,0,1,0,0,0,0,0,0,1,0,0,1,0,0
D & N HAVELI,2005,Causes Not known,0,0,0,0,0,0,0,0,0,0,0,0,0,0,0,0,0,0
D & N HAVELI,2005,Other Causes,0,7,5,1,2,15,0,6,2,3,0,11,26,0,13,7,4,2
D & N HAVELI,2005,Total,0,16,13,6,6,41,0,12,8,7,1,28,69,0,28,21,13,7
D & N HAVELI,2005,Total Illness,0,3,5,2,4,14,0,1,3,2,0,6,20,0,4,8,4,4
D & N HAVELI,2006,Bankruptcy,0,0,1,0,0,1,0,0,0,0,0,0,1,0,0,1,0,0
D & N HAVELI,2006,Suspected/Illicit Relation,0,0,0,0,0,0,0,0,0,0,0,0,0,0,0,0,0,0
D & N HAVELI,2006,Cancellation/Non-Settlement of Marriage,0,0,0,0,0,0,0,0,0,0,0,0,0,0,0,0,0,0
D & N HAVELI,2006,Infertility,0,0,0,0,0,0,0,0,0,0,0,0,0,0,0,0,0,0
D & N HAVELI,2006,Illness (Aids/STD),0,0,0,0,0,0,0,0,0,0,0,0,0,0,0,0,0,0
D & N HAVELI,2006,Cancer,0,0,0,0,0,0,0,0,0,0,0,0,0,0,0,0,0,0
D & N HAVELI,2006,Paralysis,0,0,0,0,0,0,0,0,0,0,0,0,0,0,0,0,0,0
D & N HAVELI,2006,Insanity/Mental Illness,0,0,2,0,0,2,0,0,0,0,0,0,2,0,0,2,0,0
D & N HAVELI,2006,Other Prolonged Illness,0,0,0,0,1,1,1,0,0,0,0,1,2,1,0,0,0,1
D & N HAVELI,2006,Death of Dear Person,0,0,0,0,0,0,0,0,0,0,0,0,0,0,0,0,0,0
D & N HAVELI,2006,Dowry Dispute,0,0,0,0,0,0,0,0,0,0,0,0,0,0,0,0,0,0
D & N HAVELI,2006,Divorce,0,0,0,0,0,0,0,0,0,0,0,0,0,0,0,0,0,0
D & N HAVELI,2006,Drug Abuse/Addiction,0,2,0,1,2,5,0,0,3,0,0,3,8,0,2,3,1,2
D & N HAVELI,2006,Failure in Examination,0,0,0,0,0,0,0,0,0,0,0,0,0,0,0,0,0,0
D & N HAVELI,2006,Fall in Social Reputation,0,0,0,0,0,0,0,0,0,0,0,0,0,0,0,0,0,0
D & N HAVELI,2006,Family Problems,0,3,0,1,0,4,0,4,2,1,0,7,11,0,7,2,2,0
D & N HAVELI,2006,Ideological Causes/Hero Worshipping,0,0,0,0,0,0,0,0,0,0,0,0,0,0,0,0,0,0
D & N HAVELI,2006,Illegitimate Pregnancy,0,0,0,0,0,0,0,0,0,0,0,0,0,0,0,0,0,0
D & N HAVELI,2006,Love Affairs,0,1,0,0,0,1,0,1,0,0,0,1,2,0,2,0,0,0
D & N HAVELI,2006,"Physical Abuse (Rape,Incest Etc.)",0,0,0,0,0,0,0,0,0,0,0,0,0,0,0,0,0,0
D & N HAVELI,2006,Poverty,0,0,0,0,0,0,0,0,0,0,0,0,0,0,0,0,0,0
D & N HAVELI,2006,Professional/Career Problem,0,0,0,0,0,0,0,0,0,0,0,0,0,0,0,0,0,0
D & N HAVELI,2006,Property Dispute,0,0,0,0,0,0,0,0,0,0,0,0,0,0,0,0,0,0
D & N HAVELI,2006,Unemployment,0,0,0,1,0,1,0,0,0,0,0,0,1,0,0,0,1,0
D & N HAVELI,2006,Causes Not known,0,0,0,0,0,0,0,0,0,0,0,0,0,0,0,0,0,0
D & N HAVELI,2006,Other Causes,0,2,2,0,4,8,0,3,1,1,2,7,15,0,5,3,1,6
D & N HAVELI,2006,Total,0,8,5,3,7,23,1,8,6,2,2,19,42,1,16,11,5,9
D & N HAVELI,2006,Total Illness,0,0,2,0,1,3,1,0,0,0,0,1,4,1,0,2,0,1
D & N HAVELI,2007,Bankruptcy,0,0,1,0,0,1,0,0,0,0,0,0,1,0,0,1,0,0
D & N HAVELI,2007,Suspected/Illicit Relation,0,0,0,0,0,0,0,0,0,0,0,0,0,0,0,0,0,0
D & N HAVELI,2007,Cancellation/Non-Settlement of Marriage,0,1,0,0,0,1,0,0,0,0,0,0,1,0,1,0,0,0
D & N HAVELI,2007,Infertility,0,0,0,0,0,0,0,1,0,0,0,1,1,0,1,0,0,0
D & N HAVELI,2007,Illness (Aids/STD),0,0,0,0,0,0,0,0,0,0,0,0,0,0,0,0,0,0
D & N HAVELI,2007,Cancer,0,0,0,0,1,1,0,0,0,0,0,0,1,0,0,0,0,1
D & N HAVELI,2007,Paralysis,0,0,0,0,0,0,0,0,0,0,0,0,0,0,0,0,0,0
D & N HAVELI,2007,Insanity/Mental Illness,0,0,0,0,0,0,0,0,0,0,0,0,0,0,0,0,0,0
D & N HAVELI,2007,Other Prolonged Illness,0,1,1,1,1,4,0,0,0,1,1,2,6,0,1,1,2,2
D & N HAVELI,2007,Death of Dear Person,0,0,0,0,0,0,0,0,0,0,0,0,0,0,0,0,0,0
D & N HAVELI,2007,Dowry Dispute,0,0,0,0,0,0,0,0,0,0,0,0,0,0,0,0,0,0
D & N HAVELI,2007,Divorce,0,0,0,0,0,0,0,0,0,0,0,0,0,0,0,0,0,0
D & N HAVELI,2007,Drug Abuse/Addiction,0,0,2,1,1,4,0,0,0,1,0,1,5,0,0,2,2,1
D & N HAVELI,2007,Failure in Examination,0,0,0,0,0,0,0,0,0,0,0,0,0,0,0,0,0,0
D & N HAVELI,2007,Fall in Social Reputation,0,0,0,0,0,0,0,0,1,0,0,1,1,0,0,1,0,0
D & N HAVELI,2007,Family Problems,0,3,7,2,0,12,0,12,7,1,0,20,32,0,15,14,3,0
D & N HAVELI,2007,Ideological Causes/Hero Worshipping,0,0,0,0,0,0,0,0,0,0,0,0,0,0,0,0,0,0
D & N HAVELI,2007,Illegitimate Pregnancy,0,0,0,0,0,0,0,0,0,0,0,0,0,0,0,0,0,0
D & N HAVELI,2007,Love Affairs,0,3,0,0,0,3,0,4,0,0,0,4,7,0,7,0,0,0
D & N HAVELI,2007,"Physical Abuse (Rape,Incest Etc.)",0,6,2,1,0,9,0,0,0,0,0,0,9,0,6,2,1,0
D & N HAVELI,2007,Poverty,0,0,0,0,0,0,0,0,0,0,0,0,0,0,0,0,0,0
D & N HAVELI,2007,Professional/Career Problem,0,0,0,0,0,0,0,0,0,0,0,0,0,0,0,0,0,0
D & N HAVELI,2007,Property Dispute,0,0,0,0,0,0,0,0,0,0,0,0,0,0,0,0,0,0
D & N HAVELI,2007,Unemployment,0,0,0,0,0,0,0,0,0,0,0,0,0,0,0,0,0,0
D & N HAVELI,2007,Causes Not known,0,1,1,2,5,9,0,2,0,1,0,3,12,0,3,1,3,5
D & N HAVELI,2007,Other Causes,0,0,0,0,0,0,0,0,0,0,0,0,0,0,0,0,0,0
D & N HAVELI,2007,Total,0,15,14,7,8,44,0,19,8,4,1,32,76,0,34,22,11,9
D & N HAVELI,2007,Total Illness,0,1,1,1,2,5,0,0,0,1,1,2,7,0,1,1,2,3
D & N HAVELI,2008,Bankruptcy,0,0,0,0,0,0,0,0,0,0,0,0,0,0,0,0,0,0
D & N HAVELI,2008,Suspected/Illicit Relation,0,0,0,0,0,0,0,4,0,0,0,4,4,0,4,0,0,0
D & N HAVELI,2008,Cancellation/Non-Settlement of Marriage,0,0,0,0,0,0,0,0,0,0,0,0,0,0,0,0,0,0
D & N HAVELI,2008,Infertility,0,0,0,0,0,0,0,1,1,2,0,4,4,0,1,1,2,0
D & N HAVELI,2008,Illness (Aids/STD),0,0,0,0,0,0,0,0,0,0,0,0,0,0,0,0,0,0
D & N HAVELI,2008,Cancer,0,0,0,0,0,0,0,0,0,0,0,0,0,0,0,0,0,0
D & N HAVELI,2008,Paralysis,0,0,0,0,0,0,0,0,0,0,0,0,0,0,0,0,0,0
D & N HAVELI,2008,Insanity/Mental Illness,0,2,4,5,0,11,0,2,0,0,0,2,13,0,4,4,5,0
D & N HAVELI,2008,Other Prolonged Illness,0,1,0,1,0,2,0,0,0,0,0,0,2,0,1,0,1,0
D & N HAVELI,2008,Death of Dear Person,0,0,1,0,1,2,0,0,0,0,0,0,2,0,0,1,0,1
D & N HAVELI,2008,Dowry Dispute,0,0,0,0,0,0,0,0,0,0,0,0,0,0,0,0,0,0
D & N HAVELI,2008,Divorce,0,0,0,0,0,0,0,0,0,0,0,0,0,0,0,0,0,0
D & N HAVELI,2008,Drug Abuse/Addiction,0,0,3,0,0,3,0,0,0,1,0,1,4,0,0,3,1,0
D & N HAVELI,2008,Failure in Examination,0,0,0,0,0,0,0,0,0,0,0,0,0,0,0,0,0,0
D & N HAVELI,2008,Fall in Social Reputation,0,0,0,0,0,0,0,0,0,0,0,0,0,0,0,0,0,0
D & N HAVELI,2008,Family Problems,1,2,0,1,0,4,0,7,5,2,1,15,19,1,9,5,3,1
D & N HAVELI,2008,Ideological Causes/Hero Worshipping,0,0,0,0,0,0,0,0,0,0,0,0,0,0,0,0,0,0
D & N HAVELI,2008,Illegitimate Pregnancy,0,0,0,0,0,0,0,0,0,0,0,0,0,0,0,0,0,0
D & N HAVELI,2008,Love Affairs,0,1,0,0,0,1,0,0,0,0,0,0,1,0,1,0,0,0
D & N HAVELI,2008,"Physical Abuse (Rape,Incest Etc.)",0,0,0,0,0,0,0,0,0,0,0,0,0,0,0,0,0,0
D & N HAVELI,2008,Poverty,0,1,0,0,0,1,0,0,0,0,0,0,1,0,1,0,0,0
D & N HAVELI,2008,Professional/Career Problem,0,0,0,0,0,0,0,1,0,0,0,1,1,0,1,0,0,0
D & N HAVELI,2008,Property Dispute,0,0,1,0,0,1,0,0,0,0,0,0,1,0,0,1,0,0
D & N HAVELI,2008,Unemployment,0,0,1,0,0,1,0,0,0,0,0,0,1,0,0,1,0,0
D & N HAVELI,2008,Causes Not known,0,1,0,0,0,1,0,0,0,0,0,0,1,0,1,0,0,0
D & N HAVELI,2008,Other Causes,0,3,1,1,0,5,0,0,0,1,0,1,6,0,3,1,2,0
D & N HAVELI,2008,Total,1,11,11,8,1,32,0,15,6,6,1,28,60,1,26,17,14,2
D & N HAVELI,2008,Total Illness,0,3,4,6,0,13,0,2,0,0,0,2,15,0,5,4,6,0
D & N HAVELI,2009,Bankruptcy,0,0,0,0,0,0,0,0,0,0,0,0,0,0,0,0,0,0
D & N HAVELI,2009,Suspected/Illicit Relation,0,0,1,0,0,1,0,1,1,0,0,2,3,0,1,2,0,0
D & N HAVELI,2009,Cancellation/Non-Settlement of Marriage,0,1,0,0,0,1,0,0,0,0,0,0,1,0,1,0,0,0
D & N HAVELI,2009,Infertility,0,0,0,1,0,1,0,2,2,0,0,4,5,0,2,2,1,0
D & N HAVELI,2009,Illness (Aids/STD),0,0,0,0,0,0,0,0,0,0,0,0,0,0,0,0,0,0
D & N HAVELI,2009,Cancer,0,0,0,0,0,0,0,0,0,0,0,0,0,0,0,0,0,0
D & N HAVELI,2009,Paralysis,0,0,0,0,0,0,0,0,0,0,0,0,0,0,0,0,0,0
D & N HAVELI,2009,Insanity/Mental Illness,0,0,2,0,0,2,0,0,1,0,0,1,3,0,0,3,0,0
D & N HAVELI,2009,Other Prolonged Illness,0,0,2,0,1,3,0,0,0,0,2,2,5,0,0,2,0,3
D & N HAVELI,2009,Death of Dear Person,0,0,0,0,0,0,0,0,0,0,0,0,0,0,0,0,0,0
D & N HAVELI,2009,Dowry Dispute,0,0,0,0,0,0,0,0,0,0,0,0,0,0,0,0,0,0
D & N HAVELI,2009,Divorce,0,0,0,0,0,0,0,0,0,0,0,0,0,0,0,0,0,0
D & N HAVELI,2009,Drug Abuse/Addiction,0,0,0,0,0,0,0,0,0,0,0,0,0,0,0,0,0,0
D & N HAVELI,2009,Failure in Examination,0,0,0,0,0,0,0,0,0,0,0,0,0,0,0,0,0,0
D & N HAVELI,2009,Fall in Social Reputation,0,0,0,0,0,0,0,0,0,0,0,0,0,0,0,0,0,0
D & N HAVELI,2009,Family Problems,0,3,1,0,0,4,0,5,0,0,3,8,12,0,8,1,0,3
D & N HAVELI,2009,Ideological Causes/Hero Worshipping,0,0,0,0,0,0,0,0,0,0,0,0,0,0,0,0,0,0
D & N HAVELI,2009,Illegitimate Pregnancy,0,0,0,0,0,0,0,0,0,0,0,0,0,0,0,0,0,0
D & N HAVELI,2009,Love Affairs,0,4,0,0,0,4,0,3,0,0,0,3,7,0,7,0,0,0
D & N HAVELI,2009,"Physical Abuse (Rape,Incest Etc.)",0,0,0,0,0,0,0,0,0,0,0,0,0,0,0,0,0,0
D & N HAVELI,2009,Poverty,0,0,0,0,0,0,0,0,0,0,0,0,0,0,0,0,0,0
D & N HAVELI,2009,Professional/Career Problem,0,0,0,2,0,2,0,0,0,0,0,0,2,0,0,0,2,0
D & N HAVELI,2009,Property Dispute,0,0,0,0,0,0,0,0,0,0,0,0,0,0,0,0,0,0
D & N HAVELI,2009,Unemployment,0,0,1,0,0,1,0,0,0,0,0,0,1,0,0,1,0,0
D & N HAVELI,2009,Causes Not known,0,2,1,1,1,5,0,1,0,0,1,2,7,0,3,1,1,2
D & N HAVELI,2009,Other Causes,0,0,2,4,0,6,0,2,0,1,1,4,10,0,2,2,5,1
D & N HAVELI,2009,Total,0,10,10,8,2,30,0,14,4,1,7,26,56,0,24,14,9,9
D & N HAVELI,2009,Total Illness,0,0,4,0,1,5,0,0,1,0,2,3,8,0,0,5,0,3
D & N HAVELI,2010,Bankruptcy,0,0,0,0,0,0,0,0,0,0,0,0,0,0,0,0,0,0
D & N HAVELI,2010,Suspected/Illicit Relation,0,0,0,0,0,0,0,1,0,0,0,1,1,0,1,0,0,0
D & N HAVELI,2010,Cancellation/Non-Settlement of Marriage,0,1,0,0,0,1,0,1,0,0,0,1,2,0,2,0,0,0
D & N HAVELI,2010,Infertility,0,0,0,0,0,0,0,0,0,1,0,1,1,0,0,0,1,0
D & N HAVELI,2010,Illness (Aids/STD),0,0,0,0,0,0,0,0,0,0,0,0,0,0,0,0,0,0
D & N HAVELI,2010,Cancer,0,0,0,0,0,0,0,0,0,0,0,0,0,0,0,0,0,0
D & N HAVELI,2010,Paralysis,0,0,0,0,0,0,0,0,0,0,0,0,0,0,0,0,0,0
D & N HAVELI,2010,Insanity/Mental Illness,0,4,2,2,2,10,0,0,2,0,0,2,12,0,4,4,2,2
D & N HAVELI,2010,Other Prolonged Illness,0,1,0,0,2,3,0,1,0,0,0,1,4,0,2,0,0,2
D & N HAVELI,2010,Death of Dear Person,0,3,0,0,0,3,0,0,0,0,0,0,3,0,3,0,0,0
D & N HAVELI,2010,Dowry Dispute,0,0,0,0,0,0,0,0,0,0,0,0,0,0,0,0,0,0
D & N HAVELI,2010,Divorce,0,0,0,0,0,0,0,0,0,0,0,0,0,0,0,0,0,0
D & N HAVELI,2010,Drug Abuse/Addiction,0,0,2,3,0,5,0,0,0,1,0,1,6,0,0,2,4,0
D & N HAVELI,2010,Failure in Examination,0,0,0,0,0,0,0,0,0,0,0,0,0,0,0,0,0,0
D & N HAVELI,2010,Fall in Social Reputation,0,0,1,0,0,1,0,1,0,0,0,1,2,0,1,1,0,0
D & N HAVELI,2010,Family Problems,0,2,4,1,0,7,0,7,0,0,0,7,14,0,9,4,1,0
D & N HAVELI,2010,Ideological Causes/Hero Worshipping,0,0,0,0,0,0,0,0,0,0,0,0,0,0,0,0,0,0
D & N HAVELI,2010,Illegitimate Pregnancy,0,0,0,0,0,0,0,0,0,0,0,0,0,0,0,0,0,0
D & N HAVELI,2010,Love Affairs,0,1,0,0,0,1,0,2,0,0,0,2,3,0,3,0,0,0
D & N HAVELI,2010,"Physical Abuse (Rape,Incest Etc.)",0,0,0,0,0,0,0,0,0,0,0,0,0,0,0,0,0,0
D & N HAVELI,2010,Poverty,0,0,0,0,0,0,0,0,0,0,0,0,0,0,0,0,0,0
D & N HAVELI,2010,Professional/Career Problem,0,0,0,0,0,0,0,0,0,0,0,0,0,0,0,0,0,0
D & N HAVELI,2010,Property Dispute,0,0,0,0,0,0,0,0,0,0,0,0,0,0,0,0,0,0
D & N HAVELI,2010,Unemployment,0,0,0,0,0,0,0,0,0,0,0,0,0,0,0,0,0,0
D & N HAVELI,2010,Causes Not known,0,0,3,0,1,4,0,3,2,2,0,7,11,0,3,5,2,1
D & N HAVELI,2010,Other Causes,0,2,0,0,0,2,0,2,0,0,0,2,4,0,4,0,0,0
D & N HAVELI,2010,Total,0,14,12,6,5,37,0,18,4,4,0,26,63,0,32,16,10,5
D & N HAVELI,2010,Total Illness,0,5,2,2,4,13,0,1,2,0,0,3,16,0,6,4,2,4
D & N HAVELI,2011,Bankruptcy,0,0,0,0,0,0,0,0,0,0,0,0,0,0,0,0,0,0
D & N HAVELI,2011,Suspected/Illicit Relation,0,0,0,0,0,0,0,1,0,0,0,1,1,0,1,0,0,0
D & N HAVELI,2011,Cancellation/Non-Settlement of Marriage,0,2,0,0,0,2,0,0,0,0,0,0,2,0,2,0,0,0
D & N HAVELI,2011,Infertility,0,0,0,0,0,0,0,0,0,0,0,0,0,0,0,0,0,0
D & N HAVELI,2011,Illness (Aids/STD),0,0,0,0,0,0,0,0,0,0,0,0,0,0,0,0,0,0
D & N HAVELI,2011,Cancer,0,0,0,0,0,0,0,0,0,0,0,0,0,0,0,0,0,0
D & N HAVELI,2011,Paralysis,0,0,0,0,0,0,0,0,0,0,0,0,0,0,0,0,0,0
D & N HAVELI,2011,Insanity/Mental Illness,0,1,1,0,0,2,0,1,0,0,1,2,4,0,2,1,0,1
D & N HAVELI,2011,Other Prolonged Illness,0,1,1,1,0,3,0,0,0,0,0,0,3,0,1,1,1,0
D & N HAVELI,2011,Death of Dear Person,0,0,0,0,0,0,0,1,0,0,0,1,1,0,1,0,0,0
D & N HAVELI,2011,Dowry Dispute,0,0,0,0,0,0,0,0,0,0,0,0,0,0,0,0,0,0
D & N HAVELI,2011,Divorce,0,0,0,0,0,0,0,0,0,0,0,0,0,0,0,0,0,0
D & N HAVELI,2011,Drug Abuse/Addiction,0,1,2,3,1,7,0,0,2,2,0,4,11,0,1,4,5,1
D & N HAVELI,2011,Failure in Examination,0,0,0,0,0,0,0,0,0,0,0,0,0,0,0,0,0,0
D & N HAVELI,2011,Fall in Social Reputation,0,1,0,0,0,1,0,0,0,0,0,0,1,0,1,0,0,0
D & N HAVELI,2011,Family Problems,0,3,1,2,0,6,0,2,2,0,0,4,10,0,5,3,2,0
D & N HAVELI,2011,Ideological Causes/Hero Worshipping,0,0,0,0,0,0,0,0,0,0,0,0,0,0,0,0,0,0
D & N HAVELI,2011,Illegitimate Pregnancy,0,0,0,0,0,0,0,0,0,0,0,0,0,0,0,0,0,0
D & N HAVELI,2011,Love Affairs,0,4,1,0,0,5,0,3,0,0,0,3,8,0,7,1,0,0
D & N HAVELI,2011,"Physical Abuse (Rape,Incest Etc.)",0,0,0,0,0,0,0,0,0,0,0,0,0,0,0,0,0,0
D & N HAVELI,2011,Poverty,0,0,0,0,0,0,0,0,0,0,0,0,0,0,0,0,0,0
D & N HAVELI,2011,Professional/Career Problem,0,0,0,0,0,0,0,0,0,0,0,0,0,0,0,0,0,0
D & N HAVELI,2011,Property Dispute,0,0,0,0,0,0,0,0,0,0,0,0,0,0,0,0,0,0
D & N HAVELI,2011,Unemployment,0,1,0,0,0,1,0,0,0,0,0,0,1,0,1,0,0,0
D & N HAVELI,2011,Causes Not known,0,6,1,1,0,8,0,1,0,0,0,1,9,0,7,1,1,0
D & N HAVELI,2011,Other Causes,0,3,1,2,0,6,0,4,1,1,0,6,12,0,7,2,3,0
D & N HAVELI,2011,Total,0,23,8,9,1,41,0,13,5,3,1,22,63,0,36,13,12,2
D & N HAVELI,2011,Total Illness,0,2,2,1,0,5,0,1,0,0,1,2,7,0,3,2,1,1
D & N HAVELI,2012,Bankruptcy,0,0,0,0,0,0,0,0,0,0,0,0,0,0,0,0,0,0
D & N HAVELI,2012,Suspected/Illicit Relation,0,0,0,0,0,0,0,0,0,0,0,0,0,0,0,0,0,0
D & N HAVELI,2012,Cancellation/Non-Settlement of Marriage,0,0,0,0,0,0,0,0,0,0,0,0,0,0,0,0,0,0
D & N HAVELI,2012,Infertility,0,0,0,0,0,0,0,0,0,0,0,0,0,0,0,0,0,0
D & N HAVELI,2012,Illness (Aids/STD),0,0,0,0,0,0,0,0,0,0,0,0,0,0,0,0,0,0
D & N HAVELI,2012,Cancer,0,0,0,0,0,0,0,0,0,0,0,0,0,0,0,0,0,0
D & N HAVELI,2012,Paralysis,0,0,1,1,0,2,0,0,0,0,0,0,2,0,0,1,1,0
D & N HAVELI,2012,Insanity/Mental Illness,0,1,2,0,0,3,0,0,0,0,0,0,3,0,1,2,0,0
D & N HAVELI,2012,Other Prolonged Illness,0,2,1,1,2,6,0,2,0,1,2,5,11,0,4,1,2,4
D & N HAVELI,2012,Death of Dear Person,0,0,0,0,0,0,0,0,0,0,0,0,0,0,0,0,0,0
D & N HAVELI,2012,Dowry Dispute,0,0,0,0,0,0,0,0,0,0,0,0,0,0,0,0,0,0
D & N HAVELI,2012,Divorce,0,0,0,0,0,0,0,0,0,0,0,0,0,0,0,0,0,0
D & N HAVELI,2012,Drug Abuse/Addiction,0,0,0,0,0,0,0,0,0,0,0,0,0,0,0,0,0,0
D & N HAVELI,2012,Failure in Examination,0,0,0,0,0,0,0,0,0,0,0,0,0,0,0,0,0,0
D & N HAVELI,2012,Fall in Social Reputation,0,2,0,0,0,2,0,0,0,0,0,0,2,0,2,0,0,0
D & N HAVELI,2012,Family Problems,0,6,5,2,0,13,0,4,0,1,1,6,19,0,10,5,3,1
D & N HAVELI,2012,Ideological Causes/Hero Worshipping,0,0,0,0,0,0,0,0,0,0,0,0,0,0,0,0,0,0
D & N HAVELI,2012,Illegitimate Pregnancy,0,0,0,0,0,0,0,0,0,0,0,0,0,0,0,0,0,0
D & N HAVELI,2012,Love Affairs,0,2,0,0,0,2,0,6,0,0,0,6,8,0,8,0,0,0
D & N HAVELI,2012,"Physical Abuse (Rape,Incest Etc.)",0,0,0,0,0,0,0,0,0,0,0,0,0,0,0,0,0,0
D & N HAVELI,2012,Poverty,0,0,0,0,0,0,0,0,0,0,0,0,0,0,0,0,0,0
D & N HAVELI,2012,Professional/Career Problem,0,0,0,0,0,0,0,0,0,0,0,0,0,0,0,0,0,0
D & N HAVELI,2012,Property Dispute,0,0,0,0,0,0,0,0,0,0,0,0,0,0,0,0,0,0
D & N HAVELI,2012,Unemployment,0,0,0,0,0,0,0,0,0,0,0,0,0,0,0,0,0,0
D & N HAVELI,2012,Causes Not known,0,1,5,1,0,7,0,6,2,0,0,8,15,0,7,7,1,0
D & N HAVELI,2012,Other Causes,0,3,2,0,1,6,0,0,0,0,0,0,6,0,3,2,0,1
D & N HAVELI,2012,Total,0,17,16,5,3,41,0,18,2,2,3,25,66,0,35,18,7,6
D & N HAVELI,2012,Total Illness,0,3,4,2,2,11,0,2,0,1,2,5,16,0,5,4,3,4
DAMAN & DIU,2001,Bankruptcy,0,0,0,0,0,0,0,0,0,0,0,0,0,0,0,0,0,0
DAMAN & DIU,2001,Suspected/Illicit Relation,0,0,0,0,0,0,0,0,0,0,0,0,0,0,0,0,0,0
DAMAN & DIU,2001,Cancellation/Non-Settlement of Marriage,0,0,0,0,0,0,0,0,0,0,0,0,0,0,0,0,0,0
DAMAN & DIU,2001,Infertility,0,0,0,0,0,0,0,1,0,0,0,1,1,0,1,0,0,0
DAMAN & DIU,2001,Illness (Aids/STD),0,0,0,0,0,0,0,0,0,0,0,0,0,0,0,0,0,0
DAMAN & DIU,2001,Cancer,0,0,0,0,0,0,0,0,0,0,0,0,0,0,0,0,0,0
DAMAN & DIU,2001,Paralysis,0,0,0,0,0,0,0,0,0,0,0,0,0,0,0,0,0,0
DAMAN & DIU,2001,Insanity/Mental Illness,0,0,0,0,0,0,0,0,0,0,0,0,0,0,0,0,0,0
DAMAN & DIU,2001,Other Prolonged Illness,0,0,0,0,0,0,0,0,0,0,0,0,0,0,0,0,0,0
DAMAN & DIU,2001,Death of Dear Person,0,0,0,0,0,0,0,0,0,0,0,0,0,0,0,0,0,0
DAMAN & DIU,2001,Dowry Dispute,0,0,0,0,0,0,0,0,0,0,0,0,0,0,0,0,0,0
DAMAN & DIU,2001,Divorce,0,0,0,0,0,0,0,0,0,0,0,0,0,0,0,0,0,0
DAMAN & DIU,2001,Drug Abuse/Addiction,0,0,0,0,0,0,0,0,0,0,0,0,0,0,0,0,0,0
DAMAN & DIU,2001,Failure in Examination,0,0,0,0,0,0,0,0,0,0,0,0,0,0,0,0,0,0
DAMAN & DIU,2001,Fall in Social Reputation,0,0,0,0,0,0,0,0,0,0,0,0,0,0,0,0,0,0
DAMAN & DIU,2001,Family Problems,0,0,0,0,0,0,0,0,0,0,0,0,0,0,0,0,0,0
DAMAN & DIU,2001,Ideological Causes/Hero Worshipping,0,0,0,0,0,0,0,0,0,0,0,0,0,0,0,0,0,0
DAMAN & DIU,2001,Illegitimate Pregnancy,0,0,0,0,0,0,0,1,0,0,0,1,1,0,1,0,0,0
DAMAN & DIU,2001,Love Affairs,0,0,0,0,0,0,0,1,0,0,0,1,1,0,1,0,0,0
DAMAN & DIU,2001,"Physical Abuse (Rape,Incest Etc.)",0,0,0,0,0,0,0,0,0,0,0,0,0,0,0,0,0,0
DAMAN & DIU,2001,Poverty,0,0,0,0,0,0,0,0,0,0,0,0,0,0,0,0,0,0
DAMAN & DIU,2001,Professional/Career Problem,0,0,0,0,0,0,0,0,0,0,0,0,0,0,0,0,0,0
DAMAN & DIU,2001,Property Dispute,0,0,0,0,0,0,0,0,0,0,0,0,0,0,0,0,0,0
DAMAN & DIU,2001,Unemployment,0,0,0,0,0,0,0,0,0,0,0,0,0,0,0,0,0,0
DAMAN & DIU,2001,Causes Not known,0,0,0,0,0,0,0,0,0,0,0,0,0,0,0,0,0,0
DAMAN & DIU,2001,Other Causes,0,4,6,0,0,10,0,1,0,0,0,1,11,0,5,6,0,0
DAMAN & DIU,2001,Total,0,4,6,0,0,10,0,4,0,0,0,4,14,0,8,6,0,0
DAMAN & DIU,2001,Total Illness,0,0,0,0,0,0,0,0,0,0,0,0,0,0,0,0,0,0
DAMAN & DIU,2002,Bankruptcy,0,0,0,0,0,0,0,0,0,0,0,0,0,0,0,0,0,0
DAMAN & DIU,2002,Suspected/Illicit Relation,0,0,0,0,0,0,0,0,0,0,0,0,0,0,0,0,0,0
DAMAN & DIU,2002,Cancellation/Non-Settlement of Marriage,0,0,0,0,0,0,0,0,0,0,0,0,0,0,0,0,0,0
DAMAN & DIU,2002,Infertility,0,0,0,0,0,0,0,0,0,0,0,0,0,0,0,0,0,0
DAMAN & DIU,2002,Illness (Aids/STD),0,0,0,0,0,0,0,0,0,0,0,0,0,0,0,0,0,0
DAMAN & DIU,2002,Cancer,0,0,0,0,0,0,0,0,0,0,0,0,0,0,0,0,0,0
DAMAN & DIU,2002,Paralysis,0,0,0,0,0,0,0,0,0,0,0,0,0,0,0,0,0,0
DAMAN & DIU,2002,Insanity/Mental Illness,0,0,0,1,0,1,0,0,0,0,0,0,1,0,0,0,1,0
DAMAN & DIU,2002,Other Prolonged Illness,0,0,0,0,0,0,0,1,0,0,0,1,1,0,1,0,0,0
DAMAN & DIU,2002,Death of Dear Person,0,0,0,0,0,0,0,0,0,0,0,0,0,0,0,0,0,0
DAMAN & DIU,2002,Dowry Dispute,0,0,0,0,0,0,0,0,0,0,0,0,0,0,0,0,0,0
DAMAN & DIU,2002,Divorce,0,0,0,0,0,0,0,0,0,0,0,0,0,0,0,0,0,0
DAMAN & DIU,2002,Drug Abuse/Addiction,0,0,0,0,0,0,0,0,0,0,0,0,0,0,0,0,0,0
DAMAN & DIU,2002,Failure in Examination,0,0,0,0,0,0,0,0,0,0,0,0,0,0,0,0,0,0
DAMAN & DIU,2002,Fall in Social Reputation,0,0,0,0,0,0,0,0,0,0,0,0,0,0,0,0,0,0
DAMAN & DIU,2002,Family Problems,0,0,0,0,0,0,0,0,0,0,0,0,0,0,0,0,0,0
DAMAN & DIU,2002,Ideological Causes/Hero Worshipping,0,0,0,0,0,0,0,0,0,0,0,0,0,0,0,0,0,0
DAMAN & DIU,2002,Illegitimate Pregnancy,0,0,0,0,0,0,0,0,0,0,0,0,0,0,0,0,0,0
DAMAN & DIU,2002,Love Affairs,0,1,1,0,0,2,0,0,0,0,0,0,2,0,1,1,0,0
DAMAN & DIU,2002,"Physical Abuse (Rape,Incest Etc.)",0,0,0,0,0,0,0,0,0,0,0,0,0,0,0,0,0,0
DAMAN & DIU,2002,Poverty,0,0,0,0,0,0,0,0,0,0,0,0,0,0,0,0,0,0
DAMAN & DIU,2002,Professional/Career Problem,0,0,0,0,0,0,0,0,0,0,0,0,0,0,0,0,0,0
DAMAN & DIU,2002,Property Dispute,0,0,0,0,0,0,0,0,0,0,0,0,0,0,0,0,0,0
DAMAN & DIU,2002,Unemployment,0,0,0,0,0,0,0,0,0,0,0,0,0,0,0,0,0,0
DAMAN & DIU,2002,Causes Not known,0,3,7,0,1,11,0,0,1,0,0,1,12,0,3,8,0,1
DAMAN & DIU,2002,Other Causes,0,0,1,0,0,1,0,0,0,0,0,0,1,0,0,1,0,0
DAMAN & DIU,2002,Total,0,4,9,1,1,15,0,1,1,0,0,2,17,0,5,10,1,1
DAMAN & DIU,2002,Total Illness,0,0,0,1,0,1,0,1,0,0,0,1,2,0,1,0,1,0
DAMAN & DIU,2003,Bankruptcy,0,0,0,0,0,0,0,0,0,0,0,0,0,0,0,0,0,0
DAMAN & DIU,2003,Suspected/Illicit Relation,0,0,0,0,0,0,0,0,0,0,0,0,0,0,0,0,0,0
DAMAN & DIU,2003,Cancellation/Non-Settlement of Marriage,0,0,0,0,0,0,0,0,0,0,0,0,0,0,0,0,0,0
DAMAN & DIU,2003,Infertility,0,0,0,0,0,0,0,0,0,0,0,0,0,0,0,0,0,0
DAMAN & DIU,2003,Illness (Aids/STD),0,0,0,0,0,0,0,0,0,0,0,0,0,0,0,0,0,0
DAMAN & DIU,2003,Cancer,0,0,0,0,0,0,0,0,0,0,0,0,0,0,0,0,0,0
DAMAN & DIU,2003,Paralysis,0,0,0,0,0,0,0,0,0,0,0,0,0,0,0,0,0,0
DAMAN & DIU,2003,Insanity/Mental Illness,0,1,0,0,0,1,0,0,1,0,0,1,2,0,1,1,0,0
DAMAN & DIU,2003,Other Prolonged Illness,0,0,0,0,0,0,0,0,0,0,0,0,0,0,0,0,0,0
DAMAN & DIU,2003,Death of Dear Person,0,0,0,0,0,0,0,0,0,0,0,0,0,0,0,0,0,0
DAMAN & DIU,2003,Dowry Dispute,0,0,0,0,0,0,0,0,0,0,0,0,0,0,0,0,0,0
DAMAN & DIU,2003,Divorce,0,0,0,0,0,0,0,0,0,0,0,0,0,0,0,0,0,0
DAMAN & DIU,2003,Drug Abuse/Addiction,0,0,0,0,0,0,0,0,0,0,0,0,0,0,0,0,0,0
DAMAN & DIU,2003,Failure in Examination,0,0,0,0,0,0,0,0,0,0,0,0,0,0,0,0,0,0
DAMAN & DIU,2003,Fall in Social Reputation,0,0,0,0,0,0,0,0,0,0,0,0,0,0,0,0,0,0
DAMAN & DIU,2003,Family Problems,1,0,2,0,0,3,0,1,0,0,0,1,4,1,1,2,0,0
DAMAN & DIU,2003,Ideological Causes/Hero Worshipping,0,0,0,0,0,0,0,0,0,0,0,0,0,0,0,0,0,0
DAMAN & DIU,2003,Illegitimate Pregnancy,0,0,0,0,0,0,0,0,0,0,0,0,0,0,0,0,0,0
DAMAN & DIU,2003,Love Affairs,0,0,0,0,0,0,0,0,0,0,0,0,0,0,0,0,0,0
DAMAN & DIU,2003,"Physical Abuse (Rape,Incest Etc.)",0,0,0,0,0,0,0,0,0,0,0,0,0,0,0,0,0,0
DAMAN & DIU,2003,Poverty,0,0,0,0,0,0,0,0,0,0,0,0,0,0,0,0,0,0
DAMAN & DIU,2003,Professional/Career Problem,0,0,0,0,0,0,0,0,0,0,0,0,0,0,0,0,0,0
DAMAN & DIU,2003,Property Dispute,0,0,0,0,0,0,0,0,0,0,0,0,0,0,0,0,0,0
DAMAN & DIU,2003,Unemployment,0,0,1,0,0,1,0,0,0,0,0,0,1,0,0,1,0,0
DAMAN & DIU,2003,Causes Not known,0,6,4,2,0,12,0,1,1,1,0,3,15,0,7,5,3,0
DAMAN & DIU,2003,Other Causes,0,0,1,0,0,1,0,1,0,0,0,1,2,0,1,1,0,0
DAMAN & DIU,2003,Total,1,7,8,2,0,18,0,3,2,1,0,6,24,1,10,10,3,0
DAMAN & DIU,2003,Total Illness,0,1,0,0,0,1,0,0,1,0,0,1,2,0,1,1,0,0
DAMAN & DIU,2004,Bankruptcy,0,0,0,0,0,0,0,0,0,0,0,0,0,0,0,0,0,0
DAMAN & DIU,2004,Suspected/Illicit Relation,0,0,0,0,0,0,0,0,0,0,0,0,0,0,0,0,0,0
DAMAN & DIU,2004,Cancellation/Non-Settlement of Marriage,0,0,0,0,0,0,0,0,0,0,0,0,0,0,0,0,0,0
DAMAN & DIU,2004,Infertility,0,0,0,0,0,0,0,0,0,0,0,0,0,0,0,0,0,0
DAMAN & DIU,2004,Illness (Aids/STD),0,0,0,0,0,0,0,0,0,0,0,0,0,0,0,0,0,0
DAMAN & DIU,2004,Cancer,0,0,0,0,0,0,0,0,0,0,0,0,0,0,0,0,0,0
DAMAN & DIU,2004,Paralysis,0,0,0,0,0,0,0,0,0,0,0,0,0,0,0,0,0,0
DAMAN & DIU,2004,Insanity/Mental Illness,0,0,0,0,0,0,0,1,0,0,0,1,1,0,1,0,0,0
DAMAN & DIU,2004,Other Prolonged Illness,0,0,0,0,0,0,0,0,0,0,0,0,0,0,0,0,0,0
DAMAN & DIU,2004,Death of Dear Person,0,0,0,0,0,0,0,0,0,0,0,0,0,0,0,0,0,0
DAMAN & DIU,2004,Dowry Dispute,0,0,0,0,0,0,0,0,0,0,0,0,0,0,0,0,0,0
DAMAN & DIU,2004,Divorce,0,0,0,0,0,0,0,0,0,0,0,0,0,0,0,0,0,0
DAMAN & DIU,2004,Drug Abuse/Addiction,0,0,0,0,0,0,0,0,0,0,0,0,0,0,0,0,0,0
DAMAN & DIU,2004,Failure in Examination,0,0,0,0,0,0,0,0,0,0,0,0,0,0,0,0,0,0
DAMAN & DIU,2004,Fall in Social Reputation,0,0,0,0,0,0,0,0,0,0,0,0,0,0,0,0,0,0
DAMAN & DIU,2004,Family Problems,0,0,0,0,0,0,0,2,0,0,0,2,2,0,2,0,0,0
DAMAN & DIU,2004,Ideological Causes/Hero Worshipping,0,0,0,0,0,0,0,0,0,0,0,0,0,0,0,0,0,0
DAMAN & DIU,2004,Illegitimate Pregnancy,0,0,0,0,0,0,0,0,0,0,0,0,0,0,0,0,0,0
DAMAN & DIU,2004,Love Affairs,0,0,0,0,0,0,0,0,0,0,0,0,0,0,0,0,0,0
DAMAN & DIU,2004,"Physical Abuse (Rape,Incest Etc.)",0,0,0,0,0,0,0,0,0,0,0,0,0,0,0,0,0,0
DAMAN & DIU,2004,Poverty,0,0,0,0,0,0,0,1,0,0,0,1,1,0,1,0,0,0
DAMAN & DIU,2004,Professional/Career Problem,0,0,0,0,0,0,0,0,0,0,0,0,0,0,0,0,0,0
DAMAN & DIU,2004,Property Dispute,0,0,0,0,0,0,0,0,0,0,0,0,0,0,0,0,0,0
DAMAN & DIU,2004,Unemployment,0,0,0,0,0,0,0,0,0,0,0,0,0,0,0,0,0,0
DAMAN & DIU,2004,Causes Not known,0,0,3,1,0,4,0,4,0,0,0,4,8,0,4,3,1,0
DAMAN & DIU,2004,Other Causes,0,1,0,0,0,1,0,0,0,0,0,0,1,0,1,0,0,0
DAMAN & DIU,2004,Total,0,1,3,1,0,5,0,8,0,0,0,8,13,0,9,3,1,0
DAMAN & DIU,2004,Total Illness,0,0,0,0,0,0,0,1,0,0,0,1,1,0,1,0,0,0
DAMAN & DIU,2005,Bankruptcy,0,0,0,0,0,0,0,0,0,0,0,0,0,0,0,0,0,0
DAMAN & DIU,2005,Suspected/Illicit Relation,0,0,0,0,0,0,0,0,0,0,0,0,0,0,0,0,0,0
DAMAN & DIU,2005,Cancellation/Non-Settlement of Marriage,0,0,0,0,0,0,0,0,0,0,0,0,0,0,0,0,0,0
DAMAN & DIU,2005,Infertility,0,0,0,0,0,0,0,0,0,0,0,0,0,0,0,0,0,0
DAMAN & DIU,2005,Illness (Aids/STD),0,0,0,0,0,0,0,0,0,0,0,0,0,0,0,0,0,0
DAMAN & DIU,2005,Cancer,0,0,0,0,0,0,0,0,0,0,0,0,0,0,0,0,0,0
DAMAN & DIU,2005,Paralysis,0,0,0,0,0,0,0,0,0,0,0,0,0,0,0,0,0,0
DAMAN & DIU,2005,Insanity/Mental Illness,0,0,0,0,0,0,0,0,0,0,0,0,0,0,0,0,0,0
DAMAN & DIU,2005,Other Prolonged Illness,0,0,0,6,0,6,0,0,0,0,0,0,6,0,0,0,6,0
DAMAN & DIU,2005,Death of Dear Person,0,0,0,0,0,0,0,0,0,0,0,0,0,0,0,0,0,0
DAMAN & DIU,2005,Dowry Dispute,0,0,0,0,0,0,0,0,0,0,0,0,0,0,0,0,0,0
DAMAN & DIU,2005,Divorce,0,0,0,0,0,0,0,0,0,0,0,0,0,0,0,0,0,0
DAMAN & DIU,2005,Drug Abuse/Addiction,0,0,0,0,0,0,0,0,0,0,0,0,0,0,0,0,0,0
DAMAN & DIU,2005,Failure in Examination,0,0,0,0,0,0,0,0,0,0,0,0,0,0,0,0,0,0
DAMAN & DIU,2005,Fall in Social Reputation,0,0,0,0,0,0,0,0,0,0,0,0,0,0,0,0,0,0
DAMAN & DIU,2005,Family Problems,0,0,1,0,0,1,0,1,1,0,0,2,3,0,1,2,0,0
DAMAN & DIU,2005,Ideological Causes/Hero Worshipping,0,0,0,0,0,0,0,0,0,0,0,0,0,0,0,0,0,0
DAMAN & DIU,2005,Illegitimate Pregnancy,0,0,0,0,0,0,0,0,0,0,0,0,0,0,0,0,0,0
DAMAN & DIU,2005,Love Affairs,0,0,0,0,0,0,0,0,0,0,0,0,0,0,0,0,0,0
DAMAN & DIU,2005,"Physical Abuse (Rape,Incest Etc.)",0,0,0,0,0,0,0,0,0,0,0,0,0,0,0,0,0,0
DAMAN & DIU,2005,Poverty,0,0,0,0,0,0,0,0,0,0,0,0,0,0,0,0,0,0
DAMAN & DIU,2005,Professional/Career Problem,0,0,0,0,0,0,0,0,0,0,0,0,0,0,0,0,0,0
DAMAN & DIU,2005,Property Dispute,0,0,0,0,0,0,0,0,0,0,0,0,0,0,0,0,0,0
DAMAN & DIU,2005,Unemployment,0,0,0,0,0,0,0,0,0,0,0,0,0,0,0,0,0,0
DAMAN & DIU,2005,Causes Not known,0,5,1,0,0,6,0,4,1,0,0,5,11,0,9,2,0,0
DAMAN & DIU,2005,Other Causes,1,5,2,4,0,12,0,0,0,0,0,0,12,1,5,2,4,0
DAMAN & DIU,2005,Total,1,10,4,10,0,25,0,5,2,0,0,7,32,1,15,6,10,0
DAMAN & DIU,2005,Total Illness,0,0,0,6,0,6,0,0,0,0,0,0,6,0,0,0,6,0
DAMAN & DIU,2006,Bankruptcy,0,0,0,0,0,0,0,0,0,0,0,0,0,0,0,0,0,0
DAMAN & DIU,2006,Suspected/Illicit Relation,0,0,0,0,0,0,0,0,0,0,0,0,0,0,0,0,0,0
DAMAN & DIU,2006,Cancellation/Non-Settlement of Marriage,0,0,0,0,0,0,0,0,0,0,0,0,0,0,0,0,0,0
DAMAN & DIU,2006,Infertility,0,0,0,0,0,0,0,0,0,0,0,0,0,0,0,0,0,0
DAMAN & DIU,2006,Illness (Aids/STD),0,0,0,0,0,0,0,0,0,0,0,0,0,0,0,0,0,0
DAMAN & DIU,2006,Cancer,0,0,0,0,0,0,0,0,0,0,0,0,0,0,0,0,0,0
DAMAN & DIU,2006,Paralysis,0,0,0,0,0,0,0,0,0,0,0,0,0,0,0,0,0,0
DAMAN & DIU,2006,Insanity/Mental Illness,0,1,0,0,0,1,0,0,0,0,0,0,1,0,1,0,0,0
DAMAN & DIU,2006,Other Prolonged Illness,0,0,1,1,0,2,0,0,0,0,0,0,2,0,0,1,1,0
DAMAN & DIU,2006,Death of Dear Person,0,0,0,0,0,0,0,0,0,0,0,0,0,0,0,0,0,0
DAMAN & DIU,2006,Dowry Dispute,0,0,0,0,0,0,0,0,0,0,0,0,0,0,0,0,0,0
DAMAN & DIU,2006,Divorce,0,0,0,0,0,0,0,0,0,0,0,0,0,0,0,0,0,0
DAMAN & DIU,2006,Drug Abuse/Addiction,0,0,0,0,0,0,0,0,0,0,0,0,0,0,0,0,0,0
DAMAN & DIU,2006,Failure in Examination,0,0,0,0,0,0,0,0,0,0,0,0,0,0,0,0,0,0
DAMAN & DIU,2006,Fall in Social Reputation,0,0,0,0,0,0,0,0,0,0,0,0,0,0,0,0,0,0
DAMAN & DIU,2006,Family Problems,0,0,0,0,1,1,0,0,0,0,0,0,1,0,0,0,0,1
DAMAN & DIU,2006,Ideological Causes/Hero Worshipping,0,0,0,0,0,0,0,0,0,0,0,0,0,0,0,0,0,0
DAMAN & DIU,2006,Illegitimate Pregnancy,0,0,0,0,0,0,0,0,0,0,0,0,0,0,0,0,0,0
DAMAN & DIU,2006,Love Affairs,0,1,0,0,0,1,1,0,0,0,0,1,2,1,1,0,0,0
DAMAN & DIU,2006,"Physical Abuse (Rape,Incest Etc.)",0,0,0,0,0,0,0,0,0,0,0,0,0,0,0,0,0,0
DAMAN & DIU,2006,Poverty,0,0,0,0,0,0,0,0,0,0,0,0,0,0,0,0,0,0
DAMAN & DIU,2006,Professional/Career Problem,0,0,0,0,0,0,0,0,0,0,0,0,0,0,0,0,0,0
DAMAN & DIU,2006,Property Dispute,0,0,0,0,0,0,0,0,0,0,0,0,0,0,0,0,0,0
DAMAN & DIU,2006,Unemployment,0,0,0,0,0,0,0,0,0,0,0,0,0,0,0,0,0,0
DAMAN & DIU,2006,Causes Not known,0,5,4,0,0,9,2,4,1,0,0,7,16,2,9,5,0,0
DAMAN & DIU,2006,Other Causes,0,0,0,0,0,0,0,0,0,0,0,0,0,0,0,0,0,0
DAMAN & DIU,2006,Total,0,7,5,1,1,14,3,4,1,0,0,8,22,3,11,6,1,1
DAMAN & DIU,2006,Total Illness,0,1,1,1,0,3,0,0,0,0,0,0,3,0,1,1,1,0
DAMAN & DIU,2007,Bankruptcy,0,0,0,0,0,0,0,0,0,0,0,0,0,0,0,0,0,0
DAMAN & DIU,2007,Suspected/Illicit Relation,0,0,0,0,0,0,0,0,0,0,0,0,0,0,0,0,0,0
DAMAN & DIU,2007,Cancellation/Non-Settlement of Marriage,0,0,0,0,0,0,0,0,0,0,0,0,0,0,0,0,0,0
DAMAN & DIU,2007,Infertility,0,0,0,0,0,0,0,0,0,0,0,0,0,0,0,0,0,0
DAMAN & DIU,2007,Illness (Aids/STD),0,0,0,0,0,0,0,0,0,0,0,0,0,0,0,0,0,0
DAMAN & DIU,2007,Cancer,0,0,0,0,0,0,0,0,0,0,0,0,0,0,0,0,0,0
DAMAN & DIU,2007,Paralysis,0,0,0,0,0,0,0,0,0,0,0,0,0,0,0,0,0,0
DAMAN & DIU,2007,Insanity/Mental Illness,0,0,0,0,0,0,0,0,0,0,0,0,0,0,0,0,0,0
DAMAN & DIU,2007,Other Prolonged Illness,0,0,0,0,0,0,0,0,0,0,0,0,0,0,0,0,0,0
DAMAN & DIU,2007,Death of Dear Person,0,0,0,0,0,0,0,0,0,0,0,0,0,0,0,0,0,0
DAMAN & DIU,2007,Dowry Dispute,0,0,0,0,0,0,0,0,0,0,0,0,0,0,0,0,0,0
DAMAN & DIU,2007,Divorce,0,0,0,0,0,0,0,0,0,0,0,0,0,0,0,0,0,0
DAMAN & DIU,2007,Drug Abuse/Addiction,0,0,0,0,0,0,0,0,0,0,0,0,0,0,0,0,0,0
DAMAN & DIU,2007,Failure in Examination,0,0,0,0,0,0,0,0,0,0,0,0,0,0,0,0,0,0
DAMAN & DIU,2007,Fall in Social Reputation,0,0,0,0,0,0,0,0,0,0,0,0,0,0,0,0,0,0
DAMAN & DIU,2007,Family Problems,0,0,0,0,0,0,0,0,0,0,0,0,0,0,0,0,0,0
DAMAN & DIU,2007,Ideological Causes/Hero Worshipping,0,0,0,0,0,0,0,0,0,0,0,0,0,0,0,0,0,0
DAMAN & DIU,2007,Illegitimate Pregnancy,0,0,0,0,0,0,0,0,0,0,0,0,0,0,0,0,0,0
DAMAN & DIU,2007,Love Affairs,0,0,0,0,0,0,0,1,0,0,0,1,1,0,1,0,0,0
DAMAN & DIU,2007,"Physical Abuse (Rape,Incest Etc.)",0,0,0,0,0,0,0,0,0,0,0,0,0,0,0,0,0,0
DAMAN & DIU,2007,Poverty,0,0,0,0,0,0,0,0,0,0,0,0,0,0,0,0,0,0
DAMAN & DIU,2007,Professional/Career Problem,0,0,0,0,0,0,0,0,0,0,0,0,0,0,0,0,0,0
DAMAN & DIU,2007,Property Dispute,0,0,0,0,0,0,0,0,0,0,0,0,0,0,0,0,0,0
DAMAN & DIU,2007,Unemployment,0,0,0,0,0,0,0,0,0,0,0,0,0,0,0,0,0,0
DAMAN & DIU,2007,Causes Not known,0,3,1,2,0,6,0,6,2,0,0,8,14,0,9,3,2,0
DAMAN & DIU,2007,Other Causes,0,0,0,0,0,0,0,0,0,0,0,0,0,0,0,0,0,0
DAMAN & DIU,2007,Total,0,3,1,2,0,6,0,7,2,0,0,9,15,0,10,3,2,0
DAMAN & DIU,2007,Total Illness,0,0,0,0,0,0,0,0,0,0,0,0,0,0,0,0,0,0
DAMAN & DIU,2008,Bankruptcy,0,0,0,0,0,0,0,0,0,0,0,0,0,0,0,0,0,0
DAMAN & DIU,2008,Suspected/Illicit Relation,0,0,0,0,0,0,0,0,0,0,0,0,0,0,0,0,0,0
DAMAN & DIU,2008,Cancellation/Non-Settlement of Marriage,0,0,0,0,0,0,0,0,0,0,0,0,0,0,0,0,0,0
DAMAN & DIU,2008,Infertility,0,0,0,0,0,0,0,0,0,0,0,0,0,0,0,0,0,0
DAMAN & DIU,2008,Illness (Aids/STD),0,0,0,0,0,0,0,0,0,0,0,0,0,0,0,0,0,0
DAMAN & DIU,2008,Cancer,0,0,0,0,0,0,0,0,0,0,0,0,0,0,0,0,0,0
DAMAN & DIU,2008,Paralysis,0,0,0,0,0,0,0,0,0,0,0,0,0,0,0,0,0,0
DAMAN & DIU,2008,Insanity/Mental Illness,0,0,0,2,0,2,0,0,0,0,1,1,3,0,0,0,2,1
DAMAN & DIU,2008,Other Prolonged Illness,0,0,0,1,0,1,0,0,0,0,0,0,1,0,0,0,1,0
DAMAN & DIU,2008,Death of Dear Person,0,0,0,0,0,0,0,0,0,0,0,0,0,0,0,0,0,0
DAMAN & DIU,2008,Dowry Dispute,0,0,0,0,0,0,0,0,0,0,0,0,0,0,0,0,0,0
DAMAN & DIU,2008,Divorce,0,0,0,1,0,1,0,0,0,0,0,0,1,0,0,0,1,0
DAMAN & DIU,2008,Drug Abuse/Addiction,0,0,0,0,0,0,0,0,0,0,0,0,0,0,0,0,0,0
DAMAN & DIU,2008,Failure in Examination,0,0,0,0,0,0,0,0,0,0,0,0,0,0,0,0,0,0
DAMAN & DIU,2008,Fall in Social Reputation,0,0,0,0,0,0,0,0,0,0,0,0,0,0,0,0,0,0
DAMAN & DIU,2008,Family Problems,0,0,0,0,0,0,0,0,0,1,0,1,1,0,0,0,1,0
DAMAN & DIU,2008,Ideological Causes/Hero Worshipping,0,0,0,0,0,0,0,0,0,0,0,0,0,0,0,0,0,0
DAMAN & DIU,2008,Illegitimate Pregnancy,0,0,0,0,0,0,0,0,0,0,0,0,0,0,0,0,0,0
DAMAN & DIU,2008,Love Affairs,0,0,0,0,0,0,0,0,0,0,0,0,0,0,0,0,0,0
DAMAN & DIU,2008,"Physical Abuse (Rape,Incest Etc.)",0,0,0,0,0,0,0,0,0,0,0,0,0,0,0,0,0,0
DAMAN & DIU,2008,Poverty,0,0,0,0,0,0,0,0,0,0,0,0,0,0,0,0,0,0
DAMAN & DIU,2008,Professional/Career Problem,0,0,0,1,0,1,0,0,0,0,0,0,1,0,0,0,1,0
DAMAN & DIU,2008,Property Dispute,0,0,0,0,0,0,0,0,0,0,0,0,0,0,0,0,0,0
DAMAN & DIU,2008,Unemployment,0,0,0,0,0,0,0,0,0,0,0,0,0,0,0,0,0,0
DAMAN & DIU,2008,Causes Not known,0,4,4,1,0,9,0,1,0,0,2,3,12,0,5,4,1,2
DAMAN & DIU,2008,Other Causes,0,0,0,0,0,0,0,0,0,0,0,0,0,0,0,0,0,0
DAMAN & DIU,2008,Total,0,4,4,6,0,14,0,1,0,1,3,5,19,0,5,4,7,3
DAMAN & DIU,2008,Total Illness,0,0,0,3,0,3,0,0,0,0,1,1,4,0,0,0,3,1
DAMAN & DIU,2009,Bankruptcy,0,0,0,0,0,0,0,0,0,0,0,0,0,0,0,0,0,0
DAMAN & DIU,2009,Suspected/Illicit Relation,0,0,0,0,0,0,0,0,0,0,0,0,0,0,0,0,0,0
DAMAN & DIU,2009,Cancellation/Non-Settlement of Marriage,0,0,0,0,0,0,0,0,0,0,0,0,0,0,0,0,0,0
DAMAN & DIU,2009,Infertility,0,0,0,0,0,0,0,0,0,0,0,0,0,0,0,0,0,0
DAMAN & DIU,2009,Illness (Aids/STD),0,0,0,0,0,0,0,0,0,0,0,0,0,0,0,0,0,0
DAMAN & DIU,2009,Cancer,0,0,0,0,0,0,0,0,0,0,0,0,0,0,0,0,0,0
DAMAN & DIU,2009,Paralysis,0,0,0,0,0,0,0,0,0,0,0,0,0,0,0,0,0,0
DAMAN & DIU,2009,Insanity/Mental Illness,0,1,0,1,0,2,0,0,0,0,0,0,2,0,1,0,1,0
DAMAN & DIU,2009,Other Prolonged Illness,0,0,0,0,0,0,0,0,0,0,0,0,0,0,0,0,0,0
DAMAN & DIU,2009,Death of Dear Person,0,0,0,0,0,0,0,0,0,0,0,0,0,0,0,0,0,0
DAMAN & DIU,2009,Dowry Dispute,0,0,0,0,0,0,0,0,0,0,0,0,0,0,0,0,0,0
DAMAN & DIU,2009,Divorce,0,0,0,0,0,0,0,0,0,0,0,0,0,0,0,0,0,0
DAMAN & DIU,2009,Drug Abuse/Addiction,0,0,0,0,0,0,0,0,0,0,0,0,0,0,0,0,0,0
DAMAN & DIU,2009,Failure in Examination,0,0,0,0,0,0,0,0,0,0,0,0,0,0,0,0,0,0
DAMAN & DIU,2009,Fall in Social Reputation,0,0,0,0,0,0,0,0,0,0,0,0,0,0,0,0,0,0
DAMAN & DIU,2009,Family Problems,0,0,0,1,0,1,0,0,0,0,0,0,1,0,0,0,1,0
DAMAN & DIU,2009,Ideological Causes/Hero Worshipping,0,0,0,0,0,0,0,0,0,0,0,0,0,0,0,0,0,0
DAMAN & DIU,2009,Illegitimate Pregnancy,0,0,0,0,0,0,0,0,0,0,0,0,0,0,0,0,0,0
DAMAN & DIU,2009,Love Affairs,0,0,0,0,0,0,1,1,0,0,0,2,2,1,1,0,0,0
DAMAN & DIU,2009,"Physical Abuse (Rape,Incest Etc.)",0,0,0,0,0,0,0,0,0,0,0,0,0,0,0,0,0,0
DAMAN & DIU,2009,Poverty,0,0,0,0,0,0,0,0,0,0,0,0,0,0,0,0,0,0
DAMAN & DIU,2009,Professional/Career Problem,0,0,0,0,0,0,0,0,0,0,0,0,0,0,0,0,0,0
DAMAN & DIU,2009,Property Dispute,0,0,0,0,0,0,0,0,0,0,0,0,0,0,0,0,0,0
DAMAN & DIU,2009,Unemployment,0,0,0,0,0,0,0,0,0,0,0,0,0,0,0,0,0,0
DAMAN & DIU,2009,Causes Not known,0,6,0,1,2,9,0,0,5,1,0,6,15,0,6,5,2,2
DAMAN & DIU,2009,Other Causes,0,1,2,0,0,3,0,0,0,0,0,0,3,0,1,2,0,0
DAMAN & DIU,2009,Total,0,8,2,3,2,15,1,1,5,1,0,8,23,1,9,7,4,2
DAMAN & DIU,2009,Total Illness,0,1,0,1,0,2,0,0,0,0,0,0,2,0,1,0,1,0
DAMAN & DIU,2010,Bankruptcy,0,0,0,0,0,0,0,0,0,0,0,0,0,0,0,0,0,0
DAMAN & DIU,2010,Suspected/Illicit Relation,0,0,0,0,0,0,0,0,0,0,0,0,0,0,0,0,0,0
DAMAN & DIU,2010,Cancellation/Non-Settlement of Marriage,0,0,0,0,0,0,0,0,0,0,0,0,0,0,0,0,0,0
DAMAN & DIU,2010,Infertility,0,0,0,0,0,0,0,0,0,0,0,0,0,0,0,0,0,0
DAMAN & DIU,2010,Illness (Aids/STD),0,0,0,0,0,0,0,0,0,0,0,0,0,0,0,0,0,0
DAMAN & DIU,2010,Cancer,0,0,0,0,0,0,0,0,0,0,0,0,0,0,0,0,0,0
DAMAN & DIU,2010,Paralysis,0,0,0,0,0,0,0,0,0,0,0,0,0,0,0,0,0,0
DAMAN & DIU,2010,Insanity/Mental Illness,2,1,0,0,0,3,0,2,0,0,0,2,5,2,3,0,0,0
DAMAN & DIU,2010,Other Prolonged Illness,0,0,0,0,0,0,0,0,0,0,0,0,0,0,0,0,0,0
DAMAN & DIU,2010,Death of Dear Person,0,0,0,0,0,0,0,0,0,0,0,0,0,0,0,0,0,0
DAMAN & DIU,2010,Dowry Dispute,0,0,0,0,0,0,0,0,0,0,0,0,0,0,0,0,0,0
DAMAN & DIU,2010,Divorce,0,0,0,0,0,0,0,0,0,0,0,0,0,0,0,0,0,0
DAMAN & DIU,2010,Drug Abuse/Addiction,0,0,0,0,0,0,0,0,0,0,0,0,0,0,0,0,0,0
DAMAN & DIU,2010,Failure in Examination,0,1,0,0,0,1,0,0,0,0,0,0,1,0,1,0,0,0
DAMAN & DIU,2010,Fall in Social Reputation,0,0,0,0,0,0,0,0,0,0,0,0,0,0,0,0,0,0
DAMAN & DIU,2010,Family Problems,0,0,1,0,0,1,0,0,0,0,0,0,1,0,0,1,0,0
DAMAN & DIU,2010,Ideological Causes/Hero Worshipping,0,0,0,0,0,0,0,0,0,0,0,0,0,0,0,0,0,0
DAMAN & DIU,2010,Illegitimate Pregnancy,0,0,0,0,0,0,0,0,0,0,0,0,0,0,0,0,0,0
DAMAN & DIU,2010,Love Affairs,0,1,0,0,0,1,0,1,0,0,0,1,2,0,2,0,0,0
DAMAN & DIU,2010,"Physical Abuse (Rape,Incest Etc.)",0,0,0,0,0,0,0,0,0,0,0,0,0,0,0,0,0,0
DAMAN & DIU,2010,Poverty,0,0,0,0,0,0,0,0,0,0,0,0,0,0,0,0,0,0
DAMAN & DIU,2010,Professional/Career Problem,0,0,0,0,0,0,0,0,0,0,0,0,0,0,0,0,0,0
DAMAN & DIU,2010,Property Dispute,0,0,0,0,0,0,0,0,0,0,0,0,0,0,0,0,0,0
DAMAN & DIU,2010,Unemployment,0,0,0,0,0,0,0,0,0,0,0,0,0,0,0,0,0,0
DAMAN & DIU,2010,Causes Not known,1,5,5,2,0,13,0,6,1,0,0,7,20,1,11,6,2,0
DAMAN & DIU,2010,Other Causes,0,0,0,0,0,0,0,1,1,0,0,2,2,0,1,1,0,0
DAMAN & DIU,2010,Total,3,8,6,2,0,19,0,10,2,0,0,12,31,3,18,8,2,0
DAMAN & DIU,2010,Total Illness,2,1,0,0,0,3,0,2,0,0,0,2,5,2,3,0,0,0
DAMAN & DIU,2011,Bankruptcy,0,0,0,0,0,0,0,0,0,0,0,0,0,0,0,0,0,0
DAMAN & DIU,2011,Suspected/Illicit Relation,0,0,0,0,0,0,0,0,0,0,0,0,0,0,0,0,0,0
DAMAN & DIU,2011,Cancellation/Non-Settlement of Marriage,0,0,0,0,0,0,0,0,0,0,0,0,0,0,0,0,0,0
DAMAN & DIU,2011,Infertility,0,0,0,0,0,0,0,0,0,0,0,0,0,0,0,0,0,0
DAMAN & DIU,2011,Illness (Aids/STD),0,0,0,0,0,0,0,0,0,0,0,0,0,0,0,0,0,0
DAMAN & DIU,2011,Cancer,0,0,0,0,0,0,0,0,0,0,0,0,0,0,0,0,0,0
DAMAN & DIU,2011,Paralysis,0,0,0,0,0,0,0,0,0,0,0,0,0,0,0,0,0,0
DAMAN & DIU,2011,Insanity/Mental Illness,0,0,0,0,0,0,0,0,0,0,0,0,0,0,0,0,0,0
DAMAN & DIU,2011,Other Prolonged Illness,0,0,0,0,0,0,0,0,0,0,0,0,0,0,0,0,0,0
DAMAN & DIU,2011,Death of Dear Person,0,0,0,0,0,0,0,0,0,0,0,0,0,0,0,0,0,0
DAMAN & DIU,2011,Dowry Dispute,0,0,0,0,0,0,0,0,0,0,0,0,0,0,0,0,0,0
DAMAN & DIU,2011,Divorce,0,0,0,0,0,0,0,0,0,0,0,0,0,0,0,0,0,0
DAMAN & DIU,2011,Drug Abuse/Addiction,0,0,0,0,0,0,0,0,0,0,0,0,0,0,0,0,0,0
DAMAN & DIU,2011,Failure in Examination,0,0,0,0,0,0,0,0,0,0,0,0,0,0,0,0,0,0
DAMAN & DIU,2011,Fall in Social Reputation,0,0,0,0,0,0,0,0,0,0,0,0,0,0,0,0,0,0
DAMAN & DIU,2011,Family Problems,0,2,0,0,0,2,0,0,0,0,0,0,2,0,2,0,0,0
DAMAN & DIU,2011,Ideological Causes/Hero Worshipping,0,0,0,0,0,0,0,0,0,0,0,0,0,0,0,0,0,0
DAMAN & DIU,2011,Illegitimate Pregnancy,0,0,0,0,0,0,0,0,0,0,0,0,0,0,0,0,0,0
DAMAN & DIU,2011,Love Affairs,0,0,0,0,0,0,0,2,0,0,0,2,2,0,2,0,0,0
DAMAN & DIU,2011,"Physical Abuse (Rape,Incest Etc.)",0,0,0,0,0,0,0,0,0,0,0,0,0,0,0,0,0,0
DAMAN & DIU,2011,Poverty,0,0,0,0,0,0,0,0,0,0,0,0,0,0,0,0,0,0
DAMAN & DIU,2011,Professional/Career Problem,0,0,0,0,0,0,0,0,0,0,0,0,0,0,0,0,0,0
DAMAN & DIU,2011,Property Dispute,0,0,0,0,0,0,0,0,0,0,0,0,0,0,0,0,0,0
DAMAN & DIU,2011,Unemployment,0,0,0,0,0,0,0,0,0,0,0,0,0,0,0,0,0,0
DAMAN & DIU,2011,Causes Not known,0,3,5,4,0,12,0,10,1,1,0,12,24,0,13,6,5,0
DAMAN & DIU,2011,Other Causes,1,2,1,0,0,4,0,1,0,0,0,1,5,1,3,1,0,0
DAMAN & DIU,2011,Total,1,7,6,4,0,18,0,13,1,1,0,15,33,1,20,7,5,0
DAMAN & DIU,2011,Total Illness,0,0,0,0,0,0,0,0,0,0,0,0,0,0,0,0,0,0
DAMAN & DIU,2012,Bankruptcy,0,0,0,0,0,0,0,0,0,0,0,0,0,0,0,0,0,0
DAMAN & DIU,2012,Suspected/Illicit Relation,0,0,0,0,0,0,0,0,0,0,0,0,0,0,0,0,0,0
DAMAN & DIU,2012,Cancellation/Non-Settlement of Marriage,0,0,0,0,0,0,0,0,0,0,0,0,0,0,0,0,0,0
DAMAN & DIU,2012,Infertility,0,0,0,0,0,0,0,0,0,0,0,0,0,0,0,0,0,0
DAMAN & DIU,2012,Illness (Aids/STD),0,0,0,0,0,0,0,0,0,0,0,0,0,0,0,0,0,0
DAMAN & DIU,2012,Cancer,0,0,0,0,0,0,0,0,0,0,0,0,0,0,0,0,0,0
DAMAN & DIU,2012,Paralysis,0,0,0,0,0,0,0,0,0,0,0,0,0,0,0,0,0,0
DAMAN & DIU,2012,Insanity/Mental Illness,0,0,2,0,0,2,0,0,0,0,0,0,2,0,0,2,0,0
DAMAN & DIU,2012,Other Prolonged Illness,0,0,0,0,0,0,0,0,0,0,0,0,0,0,0,0,0,0
DAMAN & DIU,2012,Death of Dear Person,0,0,0,0,0,0,0,0,0,0,0,0,0,0,0,0,0,0
DAMAN & DIU,2012,Dowry Dispute,0,0,0,0,0,0,0,0,0,0,0,0,0,0,0,0,0,0
DAMAN & DIU,2012,Divorce,0,0,0,0,0,0,0,0,0,0,0,0,0,0,0,0,0,0
DAMAN & DIU,2012,Drug Abuse/Addiction,0,0,0,0,0,0,0,0,0,0,0,0,0,0,0,0,0,0
DAMAN & DIU,2012,Failure in Examination,0,0,0,0,0,0,0,0,0,0,0,0,0,0,0,0,0,0
DAMAN & DIU,2012,Fall in Social Reputation,0,0,1,0,0,1,0,0,0,0,0,0,1,0,0,1,0,0
DAMAN & DIU,2012,Family Problems,0,0,0,0,0,0,0,0,1,0,0,1,1,0,0,1,0,0
DAMAN & DIU,2012,Ideological Causes/Hero Worshipping,0,0,0,0,0,0,0,0,0,0,0,0,0,0,0,0,0,0
DAMAN & DIU,2012,Illegitimate Pregnancy,0,0,0,0,0,0,0,0,0,0,0,0,0,0,0,0,0,0
DAMAN & DIU,2012,Love Affairs,0,0,0,0,0,0,0,0,0,0,0,0,0,0,0,0,0,0
DAMAN & DIU,2012,"Physical Abuse (Rape,Incest Etc.)",0,0,0,0,0,0,0,0,0,0,0,0,0,0,0,0,0,0
DAMAN & DIU,2012,Poverty,0,0,0,0,0,0,0,0,0,0,0,0,0,0,0,0,0,0
DAMAN & DIU,2012,Professional/Career Problem,0,0,0,0,0,0,0,0,0,0,0,0,0,0,0,0,0,0
DAMAN & DIU,2012,Property Dispute,0,0,0,0,0,0,0,0,0,0,0,0,0,0,0,0,0,0
DAMAN & DIU,2012,Unemployment,0,0,0,0,0,0,0,0,0,0,0,0,0,0,0,0,0,0
DAMAN & DIU,2012,Causes Not known,0,3,2,1,0,6,1,5,1,0,0,7,13,1,8,3,1,0
DAMAN & DIU,2012,Other Causes,0,3,8,5,0,16,0,0,3,0,0,3,19,0,3,11,5,0
DAMAN & DIU,2012,Total,0,6,13,6,0,25,1,5,5,0,0,11,36,1,11,18,6,0
DAMAN & DIU,2012,Total Illness,0,0,2,0,0,2,0,0,0,0,0,0,2,0,0,2,0,0
DELHI (UT),2001,Bankruptcy,3,9,16,2,0,30,2,0,5,0,0,7,37,5,9,21,2,0
DELHI (UT),2001,Suspected/Illicit Relation,0,2,0,1,0,3,0,2,0,0,0,2,5,0,4,0,1,0
DELHI (UT),2001,Cancellation/Non-Settlement of Marriage,0,0,0,2,0,2,0,5,0,0,0,5,7,0,5,0,2,0
DELHI (UT),2001,Infertility,0,0,1,0,0,1,0,4,3,0,0,7,8,0,4,4,0,0
DELHI (UT),2001,Illness (Aids/STD),0,1,0,2,0,3,0,1,0,0,0,1,4,0,2,0,2,0
DELHI (UT),2001,Cancer,0,0,1,0,0,1,0,1,1,0,0,2,3,0,1,2,0,0
DELHI (UT),2001,Paralysis,0,1,0,0,0,1,0,1,0,0,0,1,2,0,2,0,0,0
DELHI (UT),2001,Insanity/Mental Illness,0,2,3,2,0,7,0,5,4,0,1,10,17,0,7,7,2,1
DELHI (UT),2001,Other Prolonged Illness,0,9,15,17,8,49,5,9,1,2,2,19,68,5,18,16,19,10
DELHI (UT),2001,Death of Dear Person,0,3,1,2,0,6,0,3,2,0,0,5,11,0,6,3,2,0
DELHI (UT),2001,Dowry Dispute,0,1,0,0,0,1,0,23,6,0,0,29,30,0,24,6,0,0
DELHI (UT),2001,Divorce,0,0,0,0,0,0,0,1,0,0,0,1,1,0,1,0,0,0
DELHI (UT),2001,Drug Abuse/Addiction,0,2,10,4,1,17,0,1,0,0,0,1,18,0,3,10,4,1
DELHI (UT),2001,Failure in Examination,0,13,0,0,0,13,2,8,0,0,0,10,23,2,21,0,0,0
DELHI (UT),2001,Fall in Social Reputation,0,5,0,0,0,5,0,1,0,0,0,1,6,0,6,0,0,0
DELHI (UT),2001,Family Problems,5,82,67,13,4,171,11,79,49,14,2,155,326,16,161,116,27,6
DELHI (UT),2001,Ideological Causes/Hero Worshipping,0,0,0,1,0,1,0,0,1,0,0,1,2,0,0,1,1,0
DELHI (UT),2001,Illegitimate Pregnancy,0,0,0,0,0,0,0,2,0,0,0,2,2,0,2,0,0,0
DELHI (UT),2001,Love Affairs,0,13,1,0,0,14,1,13,0,0,0,14,28,1,26,1,0,0
DELHI (UT),2001,"Physical Abuse (Rape,Incest Etc.)",0,0,0,0,0,0,0,4,0,0,0,4,4,0,4,0,0,0
DELHI (UT),2001,Poverty,0,15,13,6,1,35,0,10,16,2,0,28,63,0,25,29,8,1
DELHI (UT),2001,Professional/Career Problem,0,2,6,1,0,9,0,0,0,0,0,0,9,0,2,6,1,0
DELHI (UT),2001,Property Dispute,0,2,4,1,0,7,0,1,1,0,0,2,9,0,3,5,1,0
DELHI (UT),2001,Unemployment,0,26,12,3,0,41,0,4,1,0,0,5,46,0,30,13,3,0
DELHI (UT),2001,Causes Not known,5,110,98,53,9,275,7,96,63,11,6,183,458,12,206,161,64,15
DELHI (UT),2001,Other Causes,2,17,12,5,2,38,0,8,4,2,0,14,52,2,25,16,7,2
DELHI (UT),2001,Total,15,315,260,115,25,730,28,282,157,31,11,509,1239,43,597,417,146,36
DELHI (UT),2001,Total Illness,0,13,19,21,8,61,5,17,6,2,3,33,94,5,30,25,23,11
DELHI (UT),2002,Bankruptcy,0,4,10,3,0,17,1,0,0,0,0,1,18,1,4,10,3,0
DELHI (UT),2002,Suspected/Illicit Relation,0,1,1,1,0,3,0,3,0,0,0,3,6,0,4,1,1,0
DELHI (UT),2002,Cancellation/Non-Settlement of Marriage,0,4,3,0,0,7,0,4,2,0,0,6,13,0,8,5,0,0
DELHI (UT),2002,Infertility,0,0,0,0,0,0,0,2,2,0,0,4,4,0,2,2,0,0
DELHI (UT),2002,Illness (Aids/STD),0,0,0,1,0,1,0,0,0,0,0,0,1,0,0,0,1,0
DELHI (UT),2002,Cancer,0,0,2,0,0,2,0,0,0,1,0,1,3,0,0,2,1,0
DELHI (UT),2002,Paralysis,0,0,0,0,0,0,0,0,1,0,0,1,1,0,0,1,0,0
DELHI (UT),2002,Insanity/Mental Illness,0,7,5,3,3,18,0,2,4,0,0,6,24,0,9,9,3,3
DELHI (UT),2002,Other Prolonged Illness,0,15,11,12,5,43,0,6,11,2,1,20,63,0,21,22,14,6
DELHI (UT),2002,Death of Dear Person,0,2,0,1,0,3,0,1,0,0,0,1,4,0,3,0,1,0
DELHI (UT),2002,Dowry Dispute,0,1,0,0,0,1,0,34,15,1,0,50,51,0,35,15,1,0
DELHI (UT),2002,Divorce,0,0,0,0,0,0,0,2,1,0,0,3,3,0,2,1,0,0
DELHI (UT),2002,Drug Abuse/Addiction,0,17,4,2,0,23,0,0,1,0,0,1,24,0,17,5,2,0
DELHI (UT),2002,Failure in Examination,5,13,0,0,0,18,6,11,0,0,0,17,35,11,24,0,0,0
DELHI (UT),2002,Fall in Social Reputation,0,3,1,0,0,4,0,2,2,0,0,4,8,0,5,3,0,0
DELHI (UT),2002,Family Problems,2,100,85,23,3,213,4,69,54,7,1,135,348,6,169,139,30,4
DELHI (UT),2002,Ideological Causes/Hero Worshipping,0,0,0,0,0,0,0,0,0,0,0,0,0,0,0,0,0,0
DELHI (UT),2002,Illegitimate Pregnancy,0,0,0,0,0,0,0,2,2,0,0,4,4,0,2,2,0,0
DELHI (UT),2002,Love Affairs,0,13,2,0,0,15,0,21,1,0,0,22,37,0,34,3,0,0
DELHI (UT),2002,"Physical Abuse (Rape,Incest Etc.)",0,0,0,0,0,0,0,4,0,0,0,4,4,0,4,0,0,0
DELHI (UT),2002,Poverty,0,5,7,8,0,20,0,3,2,2,0,7,27,0,8,9,10,0
DELHI (UT),2002,Professional/Career Problem,0,5,3,2,0,10,0,0,0,0,0,0,10,0,5,3,2,0
DELHI (UT),2002,Property Dispute,0,0,3,0,0,3,0,0,0,0,0,0,3,0,0,3,0,0
DELHI (UT),2002,Unemployment,0,12,10,2,0,24,0,1,0,1,0,2,26,0,13,10,3,0
DELHI (UT),2002,Causes Not known,8,88,61,32,5,194,4,56,26,9,2,97,291,12,144,87,41,7
DELHI (UT),2002,Other Causes,0,11,10,3,0,24,1,18,2,0,0,21,45,1,29,12,3,0
DELHI (UT),2002,Total,15,301,218,93,16,643,16,241,126,23,4,410,1053,31,542,344,116,20
DELHI (UT),2002,Total Illness,0,22,18,16,8,64,0,8,16,3,1,28,92,0,30,34,19,9
DELHI (UT),2003,Bankruptcy,0,2,5,1,1,9,0,1,0,0,0,1,10,0,3,5,1,1
DELHI (UT),2003,Suspected/Illicit Relation,0,0,2,0,0,2,1,1,1,0,0,3,5,1,1,3,0,0
DELHI (UT),2003,Cancellation/Non-Settlement of Marriage,0,8,0,0,0,8,0,2,4,0,0,6,14,0,10,4,0,0
DELHI (UT),2003,Infertility,0,0,1,0,0,1,0,1,0,0,0,1,2,0,1,1,0,0
DELHI (UT),2003,Illness (Aids/STD),0,0,0,0,0,0,0,0,0,0,0,0,0,0,0,0,0,0
DELHI (UT),2003,Cancer,0,2,2,0,0,4,0,0,0,1,0,1,5,0,2,2,1,0
DELHI (UT),2003,Paralysis,0,0,0,0,0,0,0,0,0,0,0,0,0,0,0,0,0,0
DELHI (UT),2003,Insanity/Mental Illness,0,6,5,0,0,11,0,3,4,2,0,9,20,0,9,9,2,0
DELHI (UT),2003,Other Prolonged Illness,0,9,28,19,9,65,0,5,10,6,2,23,88,0,14,38,25,11
DELHI (UT),2003,Death of Dear Person,0,2,0,0,0,2,0,1,0,0,0,1,3,0,3,0,0,0
DELHI (UT),2003,Dowry Dispute,0,1,0,0,0,1,1,29,5,7,0,42,43,1,30,5,7,0
DELHI (UT),2003,Divorce,0,0,0,0,0,0,0,2,1,0,0,3,3,0,2,1,0,0
DELHI (UT),2003,Drug Abuse/Addiction,0,9,8,1,0,18,0,0,0,0,0,0,18,0,9,8,1,0
DELHI (UT),2003,Failure in Examination,2,14,1,0,0,17,6,14,0,0,0,20,37,8,28,1,0,0
DELHI (UT),2003,Fall in Social Reputation,0,0,2,0,0,2,0,0,0,0,0,0,2,0,0,2,0,0
DELHI (UT),2003,Family Problems,3,89,92,25,0,209,3,71,35,9,0,118,327,6,160,127,34,0
DELHI (UT),2003,Ideological Causes/Hero Worshipping,0,0,0,0,0,0,0,0,0,0,0,0,0,0,0,0,0,0
DELHI (UT),2003,Illegitimate Pregnancy,0,0,0,0,0,0,0,0,0,0,0,0,0,0,0,0,0,0
DELHI (UT),2003,Love Affairs,0,13,1,0,0,14,0,13,0,0,0,13,27,0,26,1,0,0
DELHI (UT),2003,"Physical Abuse (Rape,Incest Etc.)",0,1,0,0,0,1,0,3,0,0,0,3,4,0,4,0,0,0
DELHI (UT),2003,Poverty,0,10,6,1,0,17,0,6,3,0,0,9,26,0,16,9,1,0
DELHI (UT),2003,Professional/Career Problem,0,0,0,0,0,0,0,0,0,0,0,0,0,0,0,0,0,0
DELHI (UT),2003,Property Dispute,0,0,2,1,0,3,0,0,0,0,0,0,3,0,0,2,1,0
DELHI (UT),2003,Unemployment,0,19,12,0,0,31,0,0,0,0,0,0,31,0,19,12,0,0
DELHI (UT),2003,Causes Not known,9,98,73,30,3,213,7,61,36,12,2,118,331,16,159,109,42,5
DELHI (UT),2003,Other Causes,4,45,38,12,14,113,1,22,13,4,1,41,154,5,67,51,16,15
DELHI (UT),2003,Total,18,328,278,90,27,741,19,235,112,41,5,412,1153,37,563,390,131,32
DELHI (UT),2003,Total Illness,0,17,35,19,9,80,0,8,14,9,2,33,113,0,25,49,28,11
DELHI (UT),2004,Bankruptcy,1,0,5,1,1,8,0,1,0,0,0,1,9,1,1,5,1,1
DELHI (UT),2004,Suspected/Illicit Relation,0,1,2,0,0,3,0,4,1,0,0,5,8,0,5,3,0,0
DELHI (UT),2004,Cancellation/Non-Settlement of Marriage,0,2,0,0,0,2,0,7,0,0,0,7,9,0,9,0,0,0
DELHI (UT),2004,Infertility,0,0,0,0,0,0,0,1,0,0,0,1,1,0,1,0,0,0
DELHI (UT),2004,Illness (Aids/STD),0,0,0,0,0,0,0,0,0,0,0,0,0,0,0,0,0,0
DELHI (UT),2004,Cancer,0,1,0,0,0,1,0,0,0,0,1,1,2,0,1,0,0,1
DELHI (UT),2004,Paralysis,0,0,0,0,0,0,0,0,0,0,0,0,0,0,0,0,0,0
DELHI (UT),2004,Insanity/Mental Illness,0,6,5,5,2,18,2,5,2,0,0,9,27,2,11,7,5,2
DELHI (UT),2004,Other Prolonged Illness,1,19,15,23,5,63,2,20,13,4,1,40,103,3,39,28,27,6
DELHI (UT),2004,Death of Dear Person,0,0,0,0,0,0,0,2,0,0,0,2,2,0,2,0,0,0
DELHI (UT),2004,Dowry Dispute,0,0,0,0,0,0,0,46,6,0,0,52,52,0,46,6,0,0
DELHI (UT),2004,Divorce,0,1,0,0,0,1,0,10,0,0,0,10,11,0,11,0,0,0
DELHI (UT),2004,Drug Abuse/Addiction,0,8,7,3,0,18,0,1,1,0,0,2,20,0,9,8,3,0
DELHI (UT),2004,Failure in Examination,4,23,0,0,0,27,4,14,0,0,0,18,45,8,37,0,0,0
DELHI (UT),2004,Fall in Social Reputation,0,3,3,2,0,8,0,2,1,0,0,3,11,0,5,4,2,0
DELHI (UT),2004,Family Problems,1,69,83,24,6,183,0,55,43,8,9,115,298,1,124,126,32,15
DELHI (UT),2004,Ideological Causes/Hero Worshipping,0,1,0,0,0,1,0,1,1,0,0,2,3,0,2,1,0,0
DELHI (UT),2004,Illegitimate Pregnancy,0,0,0,0,0,0,0,0,0,0,0,0,0,0,0,0,0,0
DELHI (UT),2004,Love Affairs,0,8,0,1,0,9,1,15,0,0,0,16,25,1,23,0,1,0
DELHI (UT),2004,"Physical Abuse (Rape,Incest Etc.)",0,0,0,0,0,0,0,1,1,0,0,2,2,0,1,1,0,0
DELHI (UT),2004,Poverty,2,16,14,4,0,36,0,8,2,1,0,11,47,2,24,16,5,0
DELHI (UT),2004,Professional/Career Problem,0,2,4,0,0,6,0,0,0,0,1,1,7,0,2,4,0,1
DELHI (UT),2004,Property Dispute,0,0,2,0,0,2,0,0,0,0,0,0,2,0,0,2,0,0
DELHI (UT),2004,Unemployment,0,19,8,3,0,30,0,2,0,0,0,2,32,0,21,8,3,0
DELHI (UT),2004,Causes Not known,6,125,102,28,3,264,4,71,24,6,4,109,373,10,196,126,34,7
DELHI (UT),2004,Other Causes,4,38,48,26,3,119,4,17,22,5,0,48,167,8,55,70,31,3
DELHI (UT),2004,Total,19,342,298,120,20,799,17,283,117,24,16,457,1256,36,625,415,144,36
DELHI (UT),2004,Total Illness,1,26,20,28,7,82,4,25,15,4,2,50,132,5,51,35,32,9
DELHI (UT),2005,Bankruptcy,0,4,6,0,0,10,0,1,1,0,0,2,12,0,5,7,0,0
DELHI (UT),2005,Suspected/Illicit Relation,0,0,1,0,0,1,0,0,2,0,0,2,3,0,0,3,0,0
DELHI (UT),2005,Cancellation/Non-Settlement of Marriage,0,1,1,0,0,2,0,2,1,0,0,3,5,0,3,2,0,0
DELHI (UT),2005,Infertility,0,0,0,0,0,0,0,1,0,0,0,1,1,0,1,0,0,0
DELHI (UT),2005,Illness (Aids/STD),0,0,0,0,0,0,0,1,1,0,0,2,2,0,1,1,0,0
DELHI (UT),2005,Cancer,0,0,0,0,0,0,0,0,0,0,0,0,0,0,0,0,0,0
DELHI (UT),2005,Paralysis,0,0,0,1,0,1,0,0,0,0,0,0,1,0,0,0,1,0
DELHI (UT),2005,Insanity/Mental Illness,0,5,3,3,0,11,1,6,0,1,0,8,19,1,11,3,4,0
DELHI (UT),2005,Other Prolonged Illness,0,21,13,12,5,51,0,14,9,6,2,31,82,0,35,22,18,7
DELHI (UT),2005,Death of Dear Person,0,3,1,0,0,4,0,1,1,0,0,2,6,0,4,2,0,0
DELHI (UT),2005,Dowry Dispute,0,4,0,0,0,4,0,44,6,1,0,51,55,0,48,6,1,0
DELHI (UT),2005,Divorce,0,0,0,0,0,0,0,0,0,0,0,0,0,0,0,0,0,0
DELHI (UT),2005,Drug Abuse/Addiction,0,6,10,2,0,18,0,0,1,0,0,1,19,0,6,11,2,0
DELHI (UT),2005,Failure in Examination,3,12,2,0,0,17,2,8,0,0,0,10,27,5,20,2,0,0
DELHI (UT),2005,Fall in Social Reputation,0,14,5,4,0,23,0,4,6,1,0,11,34,0,18,11,5,0
DELHI (UT),2005,Family Problems,0,88,76,40,13,217,0,75,45,6,3,129,346,0,163,121,46,16
DELHI (UT),2005,Ideological Causes/Hero Worshipping,0,0,0,0,0,0,0,1,0,0,0,1,1,0,1,0,0,0
DELHI (UT),2005,Illegitimate Pregnancy,0,0,0,0,0,0,0,0,0,0,0,0,0,0,0,0,0,0
DELHI (UT),2005,Love Affairs,0,23,5,0,0,28,1,17,2,0,0,20,48,1,40,7,0,0
DELHI (UT),2005,"Physical Abuse (Rape,Incest Etc.)",0,0,0,0,0,0,0,0,0,0,0,0,0,0,0,0,0,0
DELHI (UT),2005,Poverty,0,7,10,1,1,19,0,5,2,1,0,8,27,0,12,12,2,1
DELHI (UT),2005,Professional/Career Problem,0,2,1,0,1,4,0,2,2,0,0,4,8,0,4,3,0,1
DELHI (UT),2005,Property Dispute,0,1,4,0,0,5,0,0,0,0,0,0,5,0,1,4,0,0
DELHI (UT),2005,Unemployment,0,17,16,0,0,33,0,1,1,0,0,2,35,0,18,17,0,0
DELHI (UT),2005,Causes Not known,3,137,85,33,2,260,6,79,44,7,1,137,397,9,216,129,40,3
DELHI (UT),2005,Other Causes,2,25,25,15,2,69,3,19,16,3,2,43,112,5,44,41,18,4
DELHI (UT),2005,Total,8,370,264,111,24,777,13,281,140,26,8,468,1245,21,651,404,137,32
DELHI (UT),2005,Total Illness,0,26,16,16,5,63,1,21,10,7,2,41,104,1,47,26,23,7
DELHI (UT),2006,Bankruptcy,0,5,5,1,0,11,0,2,1,0,0,3,14,0,7,6,1,0
DELHI (UT),2006,Suspected/Illicit Relation,0,1,1,1,0,3,0,3,0,0,0,3,6,0,4,1,1,0
DELHI (UT),2006,Cancellation/Non-Settlement of Marriage,0,0,1,0,0,1,0,3,3,0,0,6,7,0,3,4,0,0
DELHI (UT),2006,Infertility,0,0,0,0,0,0,0,0,0,0,0,0,0,0,0,0,0,0
DELHI (UT),2006,Illness (Aids/STD),0,4,2,0,0,6,0,2,0,0,0,2,8,0,6,2,0,0
DELHI (UT),2006,Cancer,0,0,1,0,0,1,0,1,0,0,0,1,2,0,1,1,0,0
DELHI (UT),2006,Paralysis,0,0,0,0,0,0,0,1,0,0,0,1,1,0,1,0,0,0
DELHI (UT),2006,Insanity/Mental Illness,0,13,6,4,2,25,0,8,1,1,1,11,36,0,21,7,5,3
DELHI (UT),2006,Other Prolonged Illness,0,14,25,19,5,63,0,12,3,6,0,21,84,0,26,28,25,5
DELHI (UT),2006,Death of Dear Person,0,1,0,1,0,2,0,1,1,1,1,4,6,0,2,1,2,1
DELHI (UT),2006,Dowry Dispute,0,0,0,0,0,0,0,62,7,0,0,69,69,0,62,7,0,0
DELHI (UT),2006,Divorce,0,0,0,0,0,0,0,0,0,1,0,1,1,0,0,0,1,0
DELHI (UT),2006,Drug Abuse/Addiction,0,7,11,2,0,20,0,1,1,0,0,2,22,0,8,12,2,0
DELHI (UT),2006,Failure in Examination,1,8,0,0,0,9,4,9,0,0,0,13,22,5,17,0,0,0
DELHI (UT),2006,Fall in Social Reputation,0,0,7,4,0,11,0,1,3,1,0,5,16,0,1,10,5,0
DELHI (UT),2006,Family Problems,0,110,89,20,4,223,0,75,54,6,0,135,358,0,185,143,26,4
DELHI (UT),2006,Ideological Causes/Hero Worshipping,0,0,0,0,0,0,0,0,0,0,0,0,0,0,0,0,0,0
DELHI (UT),2006,Illegitimate Pregnancy,0,0,0,0,0,0,0,1,0,0,0,1,1,0,1,0,0,0
DELHI (UT),2006,Love Affairs,1,32,1,0,0,34,2,15,3,0,0,20,54,3,47,4,0,0
DELHI (UT),2006,"Physical Abuse (Rape,Incest Etc.)",0,0,0,0,0,0,0,0,0,0,0,0,0,0,0,0,0,0
DELHI (UT),2006,Poverty,0,6,8,6,0,20,0,4,1,0,0,5,25,0,10,9,6,0
DELHI (UT),2006,Professional/Career Problem,0,3,4,1,0,8,0,1,0,0,0,1,9,0,4,4,1,0
DELHI (UT),2006,Property Dispute,0,7,5,1,0,13,0,0,0,1,0,1,14,0,7,5,2,0
DELHI (UT),2006,Unemployment,0,30,7,6,0,43,0,1,0,0,0,1,44,0,31,7,6,0
DELHI (UT),2006,Causes Not known,5,183,148,62,11,409,9,118,64,9,2,202,611,14,301,212,71,13
DELHI (UT),2006,Other Causes,2,25,19,11,1,58,1,14,6,2,1,24,82,3,39,25,13,2
DELHI (UT),2006,Total,9,449,340,139,23,960,16,335,148,28,5,532,1492,25,784,488,167,28
DELHI (UT),2006,Total Illness,0,31,34,23,7,95,0,24,4,7,1,36,131,0,55,38,30,8
DELHI (UT),2007,Bankruptcy,0,7,7,4,0,18,0,3,1,0,0,4,22,0,10,8,4,0
DELHI (UT),2007,Suspected/Illicit Relation,0,2,0,0,0,2,1,3,1,0,0,5,7,1,5,1,0,0
DELHI (UT),2007,Cancellation/Non-Settlement of Marriage,0,4,1,0,0,5,0,6,2,0,0,8,13,0,10,3,0,0
DELHI (UT),2007,Infertility,0,0,0,0,0,0,0,0,0,0,0,0,0,0,0,0,0,0
DELHI (UT),2007,Illness (Aids/STD),0,0,1,1,0,2,0,0,0,0,0,0,2,0,0,1,1,0
DELHI (UT),2007,Cancer,0,0,0,0,0,0,0,0,0,0,1,1,1,0,0,0,0,1
DELHI (UT),2007,Paralysis,0,0,0,0,0,0,0,0,0,0,0,0,0,0,0,0,0,0
DELHI (UT),2007,Insanity/Mental Illness,0,3,3,6,1,13,0,1,4,2,1,8,21,0,4,7,8,2
DELHI (UT),2007,Other Prolonged Illness,1,17,20,6,9,53,2,7,3,2,0,14,67,3,24,23,8,9
DELHI (UT),2007,Death of Dear Person,0,1,1,0,1,3,0,1,0,0,0,1,4,0,2,1,0,1
DELHI (UT),2007,Dowry Dispute,0,2,0,0,0,2,0,64,5,0,0,69,71,0,66,5,0,0
DELHI (UT),2007,Divorce,0,0,0,0,0,0,0,1,0,0,0,1,1,0,1,0,0,0
DELHI (UT),2007,Drug Abuse/Addiction,0,10,6,0,0,16,0,1,0,0,1,2,18,0,11,6,0,1
DELHI (UT),2007,Failure in Examination,4,19,1,0,0,24,2,17,0,0,0,19,43,6,36,1,0,0
DELHI (UT),2007,Fall in Social Reputation,0,2,1,1,1,5,0,2,0,0,0,2,7,0,4,1,1,1
DELHI (UT),2007,Family Problems,1,72,97,21,4,195,0,64,56,6,2,128,323,1,136,153,27,6
DELHI (UT),2007,Ideological Causes/Hero Worshipping,0,0,0,0,0,0,0,3,2,2,0,7,7,0,3,2,2,0
DELHI (UT),2007,Illegitimate Pregnancy,0,0,0,0,0,0,0,0,0,0,0,0,0,0,0,0,0,0
DELHI (UT),2007,Love Affairs,0,17,2,0,0,19,0,28,2,0,0,30,49,0,45,4,0,0
DELHI (UT),2007,"Physical Abuse (Rape,Incest Etc.)",0,0,0,0,0,0,0,0,0,0,0,0,0,0,0,0,0,0
DELHI (UT),2007,Poverty,0,9,4,4,1,18,0,5,1,0,0,6,24,0,14,5,4,1
DELHI (UT),2007,Professional/Career Problem,0,3,1,0,0,4,0,1,0,0,0,1,5,0,4,1,0,0
DELHI (UT),2007,Property Dispute,0,2,2,0,0,4,0,0,0,0,0,0,4,0,2,2,0,0
DELHI (UT),2007,Unemployment,0,25,10,0,0,35,0,5,0,0,0,5,40,0,30,10,0,0
DELHI (UT),2007,Causes Not known,3,192,163,54,7,419,7,105,44,4,2,162,581,10,297,207,58,9
DELHI (UT),2007,Other Causes,4,44,55,18,8,129,3,29,7,2,1,42,171,7,73,62,20,9
DELHI (UT),2007,Total,13,431,375,115,32,966,15,346,128,18,8,515,1481,28,777,503,133,40
DELHI (UT),2007,Total Illness,1,20,24,13,10,68,2,8,7,4,2,23,91,3,28,31,17,12
DELHI (UT),2008,Bankruptcy,0,7,8,7,0,22,0,6,1,0,0,7,29,0,13,9,7,0
DELHI (UT),2008,Suspected/Illicit Relation,0,2,0,0,0,2,0,6,0,0,0,6,8,0,8,0,0,0
DELHI (UT),2008,Cancellation/Non-Settlement of Marriage,0,5,2,0,0,7,1,8,1,0,0,10,17,1,13,3,0,0
DELHI (UT),2008,Infertility,0,0,0,0,0,0,0,1,2,0,0,3,3,0,1,2,0,0
DELHI (UT),2008,Illness (Aids/STD),0,2,4,2,7,15,0,1,0,0,0,1,16,0,3,4,2,7
DELHI (UT),2008,Cancer,0,0,2,1,0,3,0,0,0,0,0,0,3,0,0,2,1,0
DELHI (UT),2008,Paralysis,0,1,0,0,0,1,0,0,0,0,0,0,1,0,1,0,0,0
DELHI (UT),2008,Insanity/Mental Illness,0,3,6,6,0,15,1,3,2,2,0,8,23,1,6,8,8,0
DELHI (UT),2008,Other Prolonged Illness,1,7,20,6,2,36,1,12,7,2,2,24,60,2,19,27,8,4
DELHI (UT),2008,Death of Dear Person,0,1,2,1,0,4,0,4,1,1,0,6,10,0,5,3,2,0
DELHI (UT),2008,Dowry Dispute,0,0,0,0,0,0,0,37,10,0,0,47,47,0,37,10,0,0
DELHI (UT),2008,Divorce,0,0,0,0,0,0,0,0,0,0,0,0,0,0,0,0,0,0
DELHI (UT),2008,Drug Abuse/Addiction,0,11,6,1,0,18,0,2,1,0,0,3,21,0,13,7,1,0
DELHI (UT),2008,Failure in Examination,9,26,0,0,1,36,4,17,4,0,0,25,61,13,43,4,0,1
DELHI (UT),2008,Fall in Social Reputation,0,2,4,2,0,8,0,0,0,0,0,0,8,0,2,4,2,0
DELHI (UT),2008,Family Problems,3,52,55,30,7,147,0,81,39,7,0,127,274,3,133,94,37,7
DELHI (UT),2008,Ideological Causes/Hero Worshipping,0,0,1,0,0,1,0,0,0,0,0,0,1,0,0,1,0,0
DELHI (UT),2008,Illegitimate Pregnancy,0,0,0,0,0,0,2,1,0,0,0,3,3,2,1,0,0,0
DELHI (UT),2008,Love Affairs,0,26,0,0,0,26,1,35,1,0,0,37,63,1,61,1,0,0
DELHI (UT),2008,"Physical Abuse (Rape,Incest Etc.)",0,0,0,0,0,0,0,1,0,0,0,1,1,0,1,0,0,0
DELHI (UT),2008,Poverty,0,7,10,0,0,17,1,3,1,1,0,6,23,1,10,11,1,0
DELHI (UT),2008,Professional/Career Problem,0,7,5,1,0,13,0,2,0,1,0,3,16,0,9,5,2,0
DELHI (UT),2008,Property Dispute,0,6,6,3,1,16,0,0,2,0,0,2,18,0,6,8,3,1
DELHI (UT),2008,Unemployment,0,28,15,2,0,45,0,2,1,0,0,3,48,0,30,16,2,0
DELHI (UT),2008,Causes Not known,3,134,119,28,7,291,3,100,36,10,1,150,441,6,234,155,38,8
DELHI (UT),2008,Other Causes,0,44,21,7,0,72,4,25,6,1,0,36,108,4,69,27,8,0
DELHI (UT),2008,Total,16,371,286,97,25,795,18,347,115,25,3,508,1303,34,718,401,122,28
DELHI (UT),2008,Total Illness,1,13,32,15,9,70,2,16,9,4,2,33,103,3,29,41,19,11
DELHI (UT),2009,Bankruptcy,0,3,6,4,2,15,0,1,0,0,1,2,17,0,4,6,4,3
DELHI (UT),2009,Suspected/Illicit Relation,0,4,2,0,0,6,0,6,0,0,0,6,12,0,10,2,0,0
DELHI (UT),2009,Cancellation/Non-Settlement of Marriage,0,4,9,0,0,13,2,7,3,0,0,12,25,2,11,12,0,0
DELHI (UT),2009,Infertility,0,0,0,0,0,0,0,0,3,0,0,3,3,0,0,3,0,0
DELHI (UT),2009,Illness (Aids/STD),0,0,1,0,0,1,0,0,1,0,0,1,2,0,0,2,0,0
DELHI (UT),2009,Cancer,0,0,0,0,0,0,0,1,0,0,0,1,1,0,1,0,0,0
DELHI (UT),2009,Paralysis,0,0,0,0,0,0,0,0,0,0,0,0,0,0,0,0,0,0
DELHI (UT),2009,Insanity/Mental Illness,0,12,3,1,1,17,1,1,1,0,0,3,20,1,13,4,1,1
DELHI (UT),2009,Other Prolonged Illness,1,16,18,14,6,55,0,8,4,7,3,22,77,1,24,22,21,9
DELHI (UT),2009,Death of Dear Person,0,1,1,0,1,3,0,1,2,0,0,3,6,0,2,3,0,1
DELHI (UT),2009,Dowry Dispute,0,0,0,0,0,0,0,41,7,0,0,48,48,0,41,7,0,0
DELHI (UT),2009,Divorce,0,2,0,0,0,2,0,2,0,0,0,2,4,0,4,0,0,0
DELHI (UT),2009,Drug Abuse/Addiction,0,15,17,5,0,37,0,0,0,0,0,0,37,0,15,17,5,0
DELHI (UT),2009,Failure in Examination,4,21,0,0,0,25,1,21,1,0,0,23,48,5,42,1,0,0
DELHI (UT),2009,Fall in Social Reputation,0,1,0,0,0,1,0,2,0,0,0,2,3,0,3,0,0,0
DELHI (UT),2009,Family Problems,1,84,75,32,4,196,5,83,41,7,0,136,332,6,167,116,39,4
DELHI (UT),2009,Ideological Causes/Hero Worshipping,0,0,0,0,0,0,0,0,0,0,0,0,0,0,0,0,0,0
DELHI (UT),2009,Illegitimate Pregnancy,0,0,0,0,0,0,0,0,0,0,0,0,0,0,0,0,0,0
DELHI (UT),2009,Love Affairs,0,24,0,0,0,24,2,34,0,0,0,36,60,2,58,0,0,0
DELHI (UT),2009,"Physical Abuse (Rape,Incest Etc.)",0,0,0,0,0,0,0,0,0,0,0,0,0,0,0,0,0,0
DELHI (UT),2009,Poverty,0,8,10,4,0,22,1,7,2,2,0,12,34,1,15,12,6,0
DELHI (UT),2009,Professional/Career Problem,0,12,8,3,0,23,0,4,0,0,0,4,27,0,16,8,3,0
DELHI (UT),2009,Property Dispute,0,2,1,1,0,4,0,2,0,0,0,2,6,0,4,1,1,0
DELHI (UT),2009,Unemployment,0,39,11,3,0,53,0,4,1,0,0,5,58,0,43,12,3,0
DELHI (UT),2009,Causes Not known,6,135,89,28,12,270,4,98,37,9,1,149,419,10,233,126,37,13
DELHI (UT),2009,Other Causes,3,74,74,13,2,166,3,37,22,8,2,72,238,6,111,96,21,4
DELHI (UT),2009,Total,15,457,325,108,28,933,19,360,125,33,7,544,1477,34,817,450,141,35
DELHI (UT),2009,Total Illness,1,28,22,15,7,73,1,10,6,7,3,27,100,2,38,28,22,10
DELHI (UT),2010,Bankruptcy,0,4,5,3,2,14,0,0,1,1,0,2,16,0,4,6,4,2
DELHI (UT),2010,Suspected/Illicit Relation,0,3,0,0,0,3,0,2,3,0,0,5,8,0,5,3,0,0
DELHI (UT),2010,Cancellation/Non-Settlement of Marriage,0,2,3,0,0,5,0,8,3,0,0,11,16,0,10,6,0,0
DELHI (UT),2010,Infertility,0,1,1,0,0,2,0,1,0,0,0,1,3,0,2,1,0,0
DELHI (UT),2010,Illness (Aids/STD),0,2,3,1,0,6,0,1,0,0,0,1,7,0,3,3,1,0
DELHI (UT),2010,Cancer,0,1,0,0,1,2,0,0,1,1,0,2,4,0,1,1,1,1
DELHI (UT),2010,Paralysis,0,0,0,0,0,0,0,0,0,0,0,0,0,0,0,0,0,0
DELHI (UT),2010,Insanity/Mental Illness,0,5,7,2,1,15,0,2,1,0,0,3,18,0,7,8,2,1
DELHI (UT),2010,Other Prolonged Illness,0,9,10,11,4,34,1,2,3,3,0,9,43,1,11,13,14,4
DELHI (UT),2010,Death of Dear Person,0,0,3,1,0,4,1,9,2,0,0,12,16,1,9,5,1,0
DELHI (UT),2010,Dowry Dispute,0,0,0,0,0,0,0,29,5,0,0,34,34,0,29,5,0,0
DELHI (UT),2010,Divorce,0,0,0,0,0,0,0,0,2,0,0,2,2,0,0,2,0,0
DELHI (UT),2010,Drug Abuse/Addiction,1,10,8,2,2,23,0,0,1,0,0,1,24,1,10,9,2,2
DELHI (UT),2010,Failure in Examination,2,19,2,0,0,23,3,15,1,0,0,19,42,5,34,3,0,0
DELHI (UT),2010,Fall in Social Reputation,0,10,4,3,1,18,1,9,4,2,0,16,34,1,19,8,5,1
DELHI (UT),2010,Family Problems,1,69,79,35,5,189,3,76,54,12,5,150,339,4,145,133,47,10
DELHI (UT),2010,Ideological Causes/Hero Worshipping,0,0,0,0,0,0,0,0,0,0,0,0,0,0,0,0,0,0
DELHI (UT),2010,Illegitimate Pregnancy,0,0,0,0,0,0,0,0,0,0,0,0,0,0,0,0,0,0
DELHI (UT),2010,Love Affairs,1,27,3,0,0,31,0,24,2,1,0,27,58,1,51,5,1,0
DELHI (UT),2010,"Physical Abuse (Rape,Incest Etc.)",0,1,0,0,0,1,1,2,0,0,0,3,4,1,3,0,0,0
DELHI (UT),2010,Poverty,0,8,11,7,0,26,0,7,1,1,0,9,35,0,15,12,8,0
DELHI (UT),2010,Professional/Career Problem,0,3,4,2,0,9,0,0,0,0,0,0,9,0,3,4,2,0
DELHI (UT),2010,Property Dispute,0,4,5,0,0,9,0,0,0,0,0,0,9,0,4,5,0,0
DELHI (UT),2010,Unemployment,0,22,13,2,0,37,0,3,0,0,0,3,40,0,25,13,2,0
DELHI (UT),2010,Causes Not known,6,184,136,48,27,401,12,127,47,12,4,202,603,18,311,183,60,31
DELHI (UT),2010,Other Causes,5,45,42,13,4,109,2,46,19,3,0,70,179,7,91,61,16,4
DELHI (UT),2010,Total,16,429,339,130,47,961,24,363,150,36,9,582,1543,40,792,489,166,56
DELHI (UT),2010,Total Illness,0,17,20,14,6,57,1,5,5,4,0,15,72,1,22,25,18,6
DELHI (UT),2011,Bankruptcy,0,3,22,5,1,31,0,2,0,2,0,4,35,0,5,22,7,1
DELHI (UT),2011,Suspected/Illicit Relation,0,8,2,0,0,10,0,15,0,0,0,15,25,0,23,2,0,0
DELHI (UT),2011,Cancellation/Non-Settlement of Marriage,0,17,0,0,0,17,0,5,0,0,0,5,22,0,22,0,0,0
DELHI (UT),2011,Infertility,0,5,2,3,0,10,1,1,3,0,1,6,16,1,6,5,3,1
DELHI (UT),2011,Illness (Aids/STD),0,0,0,0,1,1,0,0,0,0,0,0,1,0,0,0,0,1
DELHI (UT),2011,Cancer,0,1,0,1,0,2,1,0,0,0,0,1,3,1,1,0,1,0
DELHI (UT),2011,Paralysis,0,0,0,0,0,0,0,0,0,0,0,0,0,0,0,0,0,0
DELHI (UT),2011,Insanity/Mental Illness,0,12,11,5,4,32,1,10,6,2,0,19,51,1,22,17,7,4
DELHI (UT),2011,Other Prolonged Illness,0,21,29,11,4,65,1,9,11,2,4,27,92,1,30,40,13,8
DELHI (UT),2011,Death of Dear Person,0,2,0,1,1,4,0,0,0,0,0,0,4,0,2,0,1,1
DELHI (UT),2011,Dowry Dispute,0,2,1,0,0,3,0,19,6,0,0,25,28,0,21,7,0,0
DELHI (UT),2011,Divorce,0,2,0,0,0,2,0,2,0,0,0,2,4,0,4,0,0,0
DELHI (UT),2011,Drug Abuse/Addiction,2,14,14,5,0,35,0,4,3,0,0,7,42,2,18,17,5,0
DELHI (UT),2011,Failure in Examination,3,22,0,0,0,25,2,13,0,0,0,15,40,5,35,0,0,0
DELHI (UT),2011,Fall in Social Reputation,0,2,2,1,2,7,0,3,0,0,0,3,10,0,5,2,1,2
DELHI (UT),2011,Family Problems,2,135,98,26,9,270,2,87,44,10,3,146,416,4,222,142,36,12
DELHI (UT),2011,Ideological Causes/Hero Worshipping,0,1,0,0,0,1,0,0,0,0,0,0,1,0,1,0,0,0
DELHI (UT),2011,Illegitimate Pregnancy,0,0,0,0,0,0,0,3,0,0,0,3,3,0,3,0,0,0
DELHI (UT),2011,Love Affairs,0,24,2,0,0,26,1,19,1,0,0,21,47,1,43,3,0,0
DELHI (UT),2011,"Physical Abuse (Rape,Incest Etc.)",0,0,0,0,0,0,0,0,0,0,0,0,0,0,0,0,0,0
DELHI (UT),2011,Poverty,0,10,10,1,0,21,0,2,0,0,0,2,23,0,12,10,1,0
DELHI (UT),2011,Professional/Career Problem,0,1,2,0,0,3,0,2,0,0,0,2,5,0,3,2,0,0
DELHI (UT),2011,Property Dispute,0,18,12,0,0,30,0,3,0,0,0,3,33,0,21,12,0,0
DELHI (UT),2011,Unemployment,0,32,14,4,0,50,0,10,0,0,0,10,60,0,42,14,4,0
DELHI (UT),2011,Causes Not known,11,214,101,38,9,373,9,99,47,17,2,174,547,20,313,148,55,11
DELHI (UT),2011,Other Causes,0,76,45,26,3,150,1,35,14,5,3,58,208,1,111,59,31,6
DELHI (UT),2011,Total,18,622,367,127,34,1168,19,343,135,38,13,548,1716,37,965,502,165,47
DELHI (UT),2011,Total Illness,0,34,40,17,9,100,3,19,17,4,4,47,147,3,53,57,21,13
DELHI (UT),2012,Bankruptcy,0,3,14,1,0,18,1,3,0,0,0,4,22,1,6,14,1,0
DELHI (UT),2012,Suspected/Illicit Relation,0,3,4,2,0,9,0,1,3,0,0,4,13,0,4,7,2,0
DELHI (UT),2012,Cancellation/Non-Settlement of Marriage,0,2,4,0,0,6,0,4,1,0,0,5,11,0,6,5,0,0
DELHI (UT),2012,Infertility,0,0,0,0,0,0,0,2,0,0,0,2,2,0,2,0,0,0
DELHI (UT),2012,Illness (Aids/STD),0,0,0,0,0,0,0,0,0,0,0,0,0,0,0,0,0,0
DELHI (UT),2012,Cancer,0,1,0,0,0,1,0,0,0,0,0,0,1,0,1,0,0,0
DELHI (UT),2012,Paralysis,0,0,2,2,2,6,0,0,0,0,0,0,6,0,0,2,2,2
DELHI (UT),2012,Insanity/Mental Illness,2,6,5,4,4,21,1,5,2,1,2,11,32,3,11,7,5,6
DELHI (UT),2012,Other Prolonged Illness,2,13,30,15,4,64,1,17,14,3,1,36,100,3,30,44,18,5
DELHI (UT),2012,Death of Dear Person,0,3,1,0,0,4,0,1,2,0,0,3,7,0,4,3,0,0
DELHI (UT),2012,Dowry Dispute,0,0,1,0,0,1,0,48,9,3,0,60,61,0,48,10,3,0
DELHI (UT),2012,Divorce,0,2,0,1,0,3,0,1,1,0,0,2,5,0,3,1,1,0
DELHI (UT),2012,Drug Abuse/Addiction,1,22,18,4,0,45,0,0,0,0,0,0,45,1,22,18,4,0
DELHI (UT),2012,Failure in Examination,9,40,0,0,0,49,10,27,1,0,0,38,87,19,67,1,0,0
DELHI (UT),2012,Fall in Social Reputation,0,7,4,1,2,14,0,2,3,2,0,7,21,0,9,7,3,2
DELHI (UT),2012,Family Problems,2,115,107,22,4,250,2,92,54,14,6,168,418,4,207,161,36,10
DELHI (UT),2012,Ideological Causes/Hero Worshipping,0,0,0,0,0,0,0,0,0,0,0,0,0,0,0,0,0,0
DELHI (UT),2012,Illegitimate Pregnancy,0,0,0,0,0,0,0,0,0,0,0,0,0,0,0,0,0,0
DELHI (UT),2012,Love Affairs,0,39,2,0,0,41,4,41,2,0,0,47,88,4,80,4,0,0
DELHI (UT),2012,"Physical Abuse (Rape,Incest Etc.)",0,0,0,0,0,0,0,0,0,0,0,0,0,0,0,0,0,0
DELHI (UT),2012,Poverty,0,22,9,9,0,40,0,7,2,0,0,9,49,0,29,11,9,0
DELHI (UT),2012,Professional/Career Problem,0,5,1,1,0,7,0,1,0,0,0,1,8,0,6,1,1,0
DELHI (UT),2012,Property Dispute,0,3,3,0,0,6,0,2,0,0,1,3,9,0,5,3,0,1
DELHI (UT),2012,Unemployment,0,46,29,2,0,77,0,4,2,1,0,7,84,0,50,31,3,0
DELHI (UT),2012,Causes Not known,7,244,167,57,13,488,12,118,52,14,0,196,684,19,362,219,71,13
DELHI (UT),2012,Other Causes,3,45,25,16,7,96,0,33,11,3,3,50,146,3,78,36,19,10
DELHI (UT),2012,Total,26,621,426,137,36,1246,31,409,159,41,13,653,1899,57,1030,585,178,49
DELHI (UT),2012,Total Illness,4,20,37,21,10,92,2,22,16,4,3,47,139,6,42,53,25,13
LAKSHADWEEP,2001,Bankruptcy,0,0,0,0,0,0,0,0,0,0,0,0,0,0,0,0,0,0
LAKSHADWEEP,2001,Suspected/Illicit Relation,0,0,0,0,0,0,0,0,0,0,0,0,0,0,0,0,0,0
LAKSHADWEEP,2001,Cancellation/Non-Settlement of Marriage,0,0,0,0,0,0,0,0,0,0,0,0,0,0,0,0,0,0
LAKSHADWEEP,2001,Infertility,0,0,0,0,0,0,0,0,0,0,0,0,0,0,0,0,0,0
LAKSHADWEEP,2001,Illness (Aids/STD),0,0,0,0,0,0,0,0,0,0,0,0,0,0,0,0,0,0
LAKSHADWEEP,2001,Cancer,0,0,0,0,0,0,0,0,0,0,0,0,0,0,0,0,0,0
LAKSHADWEEP,2001,Paralysis,0,0,0,0,0,0,0,0,0,0,0,0,0,0,0,0,0,0
LAKSHADWEEP,2001,Insanity/Mental Illness,0,0,0,0,0,0,0,0,0,0,0,0,0,0,0,0,0,0
LAKSHADWEEP,2001,Other Prolonged Illness,0,0,0,0,0,0,0,0,0,0,0,0,0,0,0,0,0,0
LAKSHADWEEP,2001,Death of Dear Person,0,0,0,0,0,0,0,0,0,0,0,0,0,0,0,0,0,0
LAKSHADWEEP,2001,Dowry Dispute,0,0,0,0,0,0,0,0,0,0,0,0,0,0,0,0,0,0
LAKSHADWEEP,2001,Divorce,0,0,0,0,0,0,0,0,0,0,0,0,0,0,0,0,0,0
LAKSHADWEEP,2001,Drug Abuse/Addiction,0,0,0,0,0,0,0,0,0,0,0,0,0,0,0,0,0,0
LAKSHADWEEP,2001,Failure in Examination,0,0,0,0,0,0,0,0,0,0,0,0,0,0,0,0,0,0
LAKSHADWEEP,2001,Fall in Social Reputation,0,0,0,0,0,0,0,0,0,0,0,0,0,0,0,0,0,0
LAKSHADWEEP,2001,Family Problems,0,0,0,0,0,0,0,0,0,0,0,0,0,0,0,0,0,0
LAKSHADWEEP,2001,Ideological Causes/Hero Worshipping,0,0,0,0,0,0,0,0,0,0,0,0,0,0,0,0,0,0
LAKSHADWEEP,2001,Illegitimate Pregnancy,0,0,0,0,0,0,0,0,0,0,0,0,0,0,0,0,0,0
LAKSHADWEEP,2001,Love Affairs,0,0,0,0,0,0,0,0,0,0,0,0,0,0,0,0,0,0
LAKSHADWEEP,2001,"Physical Abuse (Rape,Incest Etc.)",0,0,0,0,0,0,0,0,0,0,0,0,0,0,0,0,0,0
LAKSHADWEEP,2001,Poverty,0,0,0,0,0,0,0,0,0,0,0,0,0,0,0,0,0,0
LAKSHADWEEP,2001,Professional/Career Problem,0,0,0,0,0,0,0,0,0,0,0,0,0,0,0,0,0,0
LAKSHADWEEP,2001,Property Dispute,0,0,0,0,0,0,0,0,0,0,0,0,0,0,0,0,0,0
LAKSHADWEEP,2001,Unemployment,0,0,0,0,0,0,0,0,0,0,0,0,0,0,0,0,0,0
LAKSHADWEEP,2001,Causes Not known,0,0,0,0,0,0,0,0,0,0,0,0,0,0,0,0,0,0
LAKSHADWEEP,2001,Other Causes,0,0,0,0,0,0,0,0,0,0,0,0,0,0,0,0,0,0
LAKSHADWEEP,2001,Total,0,0,0,0,0,0,0,0,0,0,0,0,0,0,0,0,0,0
LAKSHADWEEP,2001,Total Illness,0,0,0,0,0,0,0,0,0,0,0,0,0,0,0,0,0,0
LAKSHADWEEP,2002,Bankruptcy,0,0,0,0,0,0,0,0,0,0,0,0,0,0,0,0,0,0
LAKSHADWEEP,2002,Suspected/Illicit Relation,0,0,0,0,0,0,0,0,0,0,0,0,0,0,0,0,0,0
LAKSHADWEEP,2002,Cancellation/Non-Settlement of Marriage,0,0,0,0,0,0,0,0,0,0,0,0,0,0,0,0,0,0
LAKSHADWEEP,2002,Infertility,0,0,0,0,0,0,0,0,0,0,0,0,0,0,0,0,0,0
LAKSHADWEEP,2002,Illness (Aids/STD),0,0,0,0,0,0,0,0,0,0,0,0,0,0,0,0,0,0
LAKSHADWEEP,2002,Cancer,0,0,0,0,0,0,0,0,0,0,0,0,0,0,0,0,0,0
LAKSHADWEEP,2002,Paralysis,0,0,0,0,0,0,0,0,0,0,0,0,0,0,0,0,0,0
LAKSHADWEEP,2002,Insanity/Mental Illness,0,0,0,0,0,0,0,0,0,0,0,0,0,0,0,0,0,0
LAKSHADWEEP,2002,Other Prolonged Illness,0,0,0,0,0,0,0,0,0,0,0,0,0,0,0,0,0,0
LAKSHADWEEP,2002,Death of Dear Person,0,0,0,0,0,0,0,0,0,0,0,0,0,0,0,0,0,0
LAKSHADWEEP,2002,Dowry Dispute,0,0,0,0,0,0,0,0,0,0,0,0,0,0,0,0,0,0
LAKSHADWEEP,2002,Divorce,0,0,0,0,0,0,0,0,0,0,0,0,0,0,0,0,0,0
LAKSHADWEEP,2002,Drug Abuse/Addiction,0,0,0,0,0,0,0,0,0,0,0,0,0,0,0,0,0,0
LAKSHADWEEP,2002,Failure in Examination,0,0,0,0,0,0,0,0,0,0,0,0,0,0,0,0,0,0
LAKSHADWEEP,2002,Fall in Social Reputation,0,0,0,0,0,0,0,0,0,0,0,0,0,0,0,0,0,0
LAKSHADWEEP,2002,Family Problems,0,0,0,0,0,0,0,0,0,0,0,0,0,0,0,0,0,0
LAKSHADWEEP,2002,Ideological Causes/Hero Worshipping,0,0,0,0,0,0,0,0,0,0,0,0,0,0,0,0,0,0
LAKSHADWEEP,2002,Illegitimate Pregnancy,0,0,0,0,0,0,0,0,0,0,0,0,0,0,0,0,0,0
LAKSHADWEEP,2002,Love Affairs,0,0,0,0,0,0,0,0,0,0,0,0,0,0,0,0,0,0
LAKSHADWEEP,2002,"Physical Abuse (Rape,Incest Etc.)",0,0,0,0,0,0,0,0,0,0,0,0,0,0,0,0,0,0
LAKSHADWEEP,2002,Poverty,0,0,0,0,0,0,0,0,0,0,0,0,0,0,0,0,0,0
LAKSHADWEEP,2002,Professional/Career Problem,0,0,0,0,0,0,0,0,0,0,0,0,0,0,0,0,0,0
LAKSHADWEEP,2002,Property Dispute,0,0,0,0,0,0,0,0,0,0,0,0,0,0,0,0,0,0
LAKSHADWEEP,2002,Unemployment,0,0,0,0,0,0,0,0,0,0,0,0,0,0,0,0,0,0
LAKSHADWEEP,2002,Causes Not known,0,0,0,0,0,0,0,0,0,0,0,0,0,0,0,0,0,0
LAKSHADWEEP,2002,Other Causes,0,0,0,0,0,0,0,0,0,0,0,0,0,0,0,0,0,0
LAKSHADWEEP,2002,Total,0,0,0,0,0,0,0,0,0,0,0,0,0,0,0,0,0,0
LAKSHADWEEP,2002,Total Illness,0,0,0,0,0,0,0,0,0,0,0,0,0,0,0,0,0,0
LAKSHADWEEP,2003,Bankruptcy,0,0,0,0,0,0,0,0,0,0,0,0,0,0,0,0,0,0
LAKSHADWEEP,2003,Suspected/Illicit Relation,0,0,0,0,0,0,0,0,0,0,0,0,0,0,0,0,0,0
LAKSHADWEEP,2003,Cancellation/Non-Settlement of Marriage,0,0,0,0,0,0,0,0,0,0,0,0,0,0,0,0,0,0
LAKSHADWEEP,2003,Infertility,0,0,0,0,0,0,0,0,0,0,0,0,0,0,0,0,0,0
LAKSHADWEEP,2003,Illness (Aids/STD),0,0,0,0,0,0,0,0,0,0,0,0,0,0,0,0,0,0
LAKSHADWEEP,2003,Cancer,0,0,0,0,0,0,0,0,0,0,0,0,0,0,0,0,0,0
LAKSHADWEEP,2003,Paralysis,0,0,0,0,0,0,0,0,0,0,0,0,0,0,0,0,0,0
LAKSHADWEEP,2003,Insanity/Mental Illness,0,0,0,0,0,0,0,0,0,0,0,0,0,0,0,0,0,0
LAKSHADWEEP,2003,Other Prolonged Illness,0,0,0,0,1,1,0,0,0,0,0,0,1,0,0,0,0,1
LAKSHADWEEP,2003,Death of Dear Person,0,0,0,0,0,0,0,0,0,0,0,0,0,0,0,0,0,0
LAKSHADWEEP,2003,Dowry Dispute,0,0,0,0,0,0,0,0,0,0,0,0,0,0,0,0,0,0
LAKSHADWEEP,2003,Divorce,0,0,0,0,0,0,0,0,0,0,0,0,0,0,0,0,0,0
LAKSHADWEEP,2003,Drug Abuse/Addiction,0,0,0,0,0,0,0,0,0,0,0,0,0,0,0,0,0,0
LAKSHADWEEP,2003,Failure in Examination,0,0,0,0,0,0,0,0,0,0,0,0,0,0,0,0,0,0
LAKSHADWEEP,2003,Fall in Social Reputation,0,0,0,0,0,0,0,0,0,0,0,0,0,0,0,0,0,0
LAKSHADWEEP,2003,Family Problems,0,0,0,0,0,0,0,1,0,0,0,1,1,0,1,0,0,0
LAKSHADWEEP,2003,Ideological Causes/Hero Worshipping,0,0,0,0,0,0,0,0,0,0,0,0,0,0,0,0,0,0
LAKSHADWEEP,2003,Illegitimate Pregnancy,0,0,0,0,0,0,0,0,0,0,0,0,0,0,0,0,0,0
LAKSHADWEEP,2003,Love Affairs,0,0,0,0,0,0,0,0,0,0,0,0,0,0,0,0,0,0
LAKSHADWEEP,2003,"Physical Abuse (Rape,Incest Etc.)",0,0,0,0,0,0,0,0,0,0,0,0,0,0,0,0,0,0
LAKSHADWEEP,2003,Poverty,0,0,0,0,0,0,0,0,0,0,0,0,0,0,0,0,0,0
LAKSHADWEEP,2003,Professional/Career Problem,0,0,0,0,0,0,0,0,0,0,0,0,0,0,0,0,0,0
LAKSHADWEEP,2003,Property Dispute,0,0,0,0,0,0,0,0,0,0,0,0,0,0,0,0,0,0
LAKSHADWEEP,2003,Unemployment,0,0,0,0,0,0,0,0,0,0,0,0,0,0,0,0,0,0
LAKSHADWEEP,2003,Causes Not known,0,0,0,0,0,0,0,0,0,0,0,0,0,0,0,0,0,0
LAKSHADWEEP,2003,Other Causes,0,0,0,0,0,0,0,0,0,0,0,0,0,0,0,0,0,0
LAKSHADWEEP,2003,Total,0,0,0,0,1,1,0,1,0,0,0,1,2,0,1,0,0,1
LAKSHADWEEP,2003,Total Illness,0,0,0,0,1,1,0,0,0,0,0,0,1,0,0,0,0,1
LAKSHADWEEP,2004,Bankruptcy,0,0,0,0,0,0,0,0,0,0,0,0,0,0,0,0,0,0
LAKSHADWEEP,2004,Suspected/Illicit Relation,0,0,0,0,0,0,0,0,0,0,0,0,0,0,0,0,0,0
LAKSHADWEEP,2004,Cancellation/Non-Settlement of Marriage,0,0,0,0,0,0,0,0,0,0,0,0,0,0,0,0,0,0
LAKSHADWEEP,2004,Infertility,0,0,0,0,0,0,0,0,0,0,0,0,0,0,0,0,0,0
LAKSHADWEEP,2004,Illness (Aids/STD),0,0,0,0,0,0,0,0,0,0,0,0,0,0,0,0,0,0
LAKSHADWEEP,2004,Cancer,0,0,0,0,0,0,0,0,0,0,0,0,0,0,0,0,0,0
LAKSHADWEEP,2004,Paralysis,0,0,0,0,0,0,0,0,0,0,0,0,0,0,0,0,0,0
LAKSHADWEEP,2004,Insanity/Mental Illness,0,0,0,0,0,0,0,0,0,0,0,0,0,0,0,0,0,0
LAKSHADWEEP,2004,Other Prolonged Illness,0,0,0,0,0,0,0,0,0,0,0,0,0,0,0,0,0,0
LAKSHADWEEP,2004,Death of Dear Person,0,0,0,0,0,0,0,0,0,0,0,0,0,0,0,0,0,0
LAKSHADWEEP,2004,Dowry Dispute,0,0,0,0,0,0,0,0,0,0,0,0,0,0,0,0,0,0
LAKSHADWEEP,2004,Divorce,0,0,0,0,0,0,0,0,0,0,0,0,0,0,0,0,0,0
LAKSHADWEEP,2004,Drug Abuse/Addiction,0,0,0,0,0,0,0,0,0,0,0,0,0,0,0,0,0,0
LAKSHADWEEP,2004,Failure in Examination,0,0,0,0,0,0,0,0,0,0,0,0,0,0,0,0,0,0
LAKSHADWEEP,2004,Fall in Social Reputation,0,0,0,0,0,0,0,0,0,0,0,0,0,0,0,0,0,0
LAKSHADWEEP,2004,Family Problems,0,0,0,0,0,0,0,0,0,0,0,0,0,0,0,0,0,0
LAKSHADWEEP,2004,Ideological Causes/Hero Worshipping,0,0,0,0,0,0,0,0,0,0,0,0,0,0,0,0,0,0
LAKSHADWEEP,2004,Illegitimate Pregnancy,0,0,0,0,0,0,0,0,0,0,0,0,0,0,0,0,0,0
LAKSHADWEEP,2004,Love Affairs,0,0,0,0,0,0,0,0,0,0,0,0,0,0,0,0,0,0
LAKSHADWEEP,2004,"Physical Abuse (Rape,Incest Etc.)",0,0,0,0,0,0,0,0,0,0,0,0,0,0,0,0,0,0
LAKSHADWEEP,2004,Poverty,0,0,0,0,0,0,0,0,0,0,0,0,0,0,0,0,0,0
LAKSHADWEEP,2004,Professional/Career Problem,0,0,0,0,0,0,0,0,0,0,0,0,0,0,0,0,0,0
LAKSHADWEEP,2004,Property Dispute,0,0,0,0,0,0,0,0,0,0,0,0,0,0,0,0,0,0
LAKSHADWEEP,2004,Unemployment,0,0,0,0,0,0,0,0,0,0,0,0,0,0,0,0,0,0
LAKSHADWEEP,2004,Causes Not known,0,0,0,0,0,0,0,0,0,0,0,0,0,0,0,0,0,0
LAKSHADWEEP,2004,Other Causes,0,0,0,0,0,0,0,0,0,0,0,0,0,0,0,0,0,0
LAKSHADWEEP,2004,Total,0,0,0,0,0,0,0,0,0,0,0,0,0,0,0,0,0,0
LAKSHADWEEP,2004,Total Illness,0,0,0,0,0,0,0,0,0,0,0,0,0,0,0,0,0,0
LAKSHADWEEP,2005,Bankruptcy,0,0,0,0,0,0,0,0,0,0,0,0,0,0,0,0,0,0
LAKSHADWEEP,2005,Suspected/Illicit Relation,0,0,0,0,0,0,0,0,0,0,0,0,0,0,0,0,0,0
LAKSHADWEEP,2005,Cancellation/Non-Settlement of Marriage,0,0,0,0,0,0,0,0,0,0,0,0,0,0,0,0,0,0
LAKSHADWEEP,2005,Infertility,0,0,0,0,0,0,0,0,0,0,0,0,0,0,0,0,0,0
LAKSHADWEEP,2005,Illness (Aids/STD),0,0,0,0,0,0,0,0,0,0,0,0,0,0,0,0,0,0
LAKSHADWEEP,2005,Cancer,0,0,0,0,0,0,0,0,0,0,0,0,0,0,0,0,0,0
LAKSHADWEEP,2005,Paralysis,0,0,0,0,0,0,0,0,0,0,0,0,0,0,0,0,0,0
LAKSHADWEEP,2005,Insanity/Mental Illness,0,0,0,0,0,0,0,0,0,0,0,0,0,0,0,0,0,0
LAKSHADWEEP,2005,Other Prolonged Illness,0,0,0,0,0,0,0,0,0,0,0,0,0,0,0,0,0,0
LAKSHADWEEP,2005,Death of Dear Person,0,0,0,0,0,0,0,0,0,0,0,0,0,0,0,0,0,0
LAKSHADWEEP,2005,Dowry Dispute,0,0,0,0,0,0,0,0,0,0,0,0,0,0,0,0,0,0
LAKSHADWEEP,2005,Divorce,0,0,0,0,0,0,0,0,0,0,0,0,0,0,0,0,0,0
LAKSHADWEEP,2005,Drug Abuse/Addiction,0,0,0,0,0,0,0,0,0,0,0,0,0,0,0,0,0,0
LAKSHADWEEP,2005,Failure in Examination,0,0,0,0,0,0,0,0,0,0,0,0,0,0,0,0,0,0
LAKSHADWEEP,2005,Fall in Social Reputation,0,0,0,0,0,0,0,0,0,0,0,0,0,0,0,0,0,0
LAKSHADWEEP,2005,Family Problems,0,0,0,0,0,0,0,0,0,0,0,0,0,0,0,0,0,0
LAKSHADWEEP,2005,Ideological Causes/Hero Worshipping,0,0,0,0,0,0,0,0,0,0,0,0,0,0,0,0,0,0
LAKSHADWEEP,2005,Illegitimate Pregnancy,0,0,0,0,0,0,0,0,0,0,0,0,0,0,0,0,0,0
LAKSHADWEEP,2005,Love Affairs,0,0,0,0,0,0,0,0,0,0,0,0,0,0,0,0,0,0
LAKSHADWEEP,2005,"Physical Abuse (Rape,Incest Etc.)",0,0,0,0,0,0,0,0,0,0,0,0,0,0,0,0,0,0
LAKSHADWEEP,2005,Poverty,0,0,0,0,0,0,0,0,0,0,0,0,0,0,0,0,0,0
LAKSHADWEEP,2005,Professional/Career Problem,0,0,0,0,0,0,0,0,0,0,0,0,0,0,0,0,0,0
LAKSHADWEEP,2005,Property Dispute,0,0,0,0,0,0,0,0,0,0,0,0,0,0,0,0,0,0
LAKSHADWEEP,2005,Unemployment,0,0,0,0,0,0,0,0,0,0,0,0,0,0,0,0,0,0
LAKSHADWEEP,2005,Causes Not known,0,0,0,0,0,0,0,0,0,0,0,0,0,0,0,0,0,0
LAKSHADWEEP,2005,Other Causes,0,0,0,0,0,0,0,0,0,0,0,0,0,0,0,0,0,0
LAKSHADWEEP,2005,Total,0,0,0,0,0,0,0,0,0,0,0,0,0,0,0,0,0,0
LAKSHADWEEP,2005,Total Illness,0,0,0,0,0,0,0,0,0,0,0,0,0,0,0,0,0,0
LAKSHADWEEP,2006,Bankruptcy,0,0,0,0,0,0,0,0,0,0,0,0,0,0,0,0,0,0
LAKSHADWEEP,2006,Suspected/Illicit Relation,0,0,0,0,0,0,0,0,0,0,0,0,0,0,0,0,0,0
LAKSHADWEEP,2006,Cancellation/Non-Settlement of Marriage,0,0,0,0,0,0,0,0,0,0,0,0,0,0,0,0,0,0
LAKSHADWEEP,2006,Infertility,0,0,0,0,0,0,0,0,0,0,0,0,0,0,0,0,0,0
LAKSHADWEEP,2006,Illness (Aids/STD),0,0,0,0,0,0,0,0,0,0,0,0,0,0,0,0,0,0
LAKSHADWEEP,2006,Cancer,0,0,0,0,0,0,0,0,0,0,0,0,0,0,0,0,0,0
LAKSHADWEEP,2006,Paralysis,0,0,0,0,0,0,0,0,0,0,0,0,0,0,0,0,0,0
LAKSHADWEEP,2006,Insanity/Mental Illness,0,0,1,0,0,1,0,1,0,0,0,1,2,0,1,1,0,0
LAKSHADWEEP,2006,Other Prolonged Illness,0,0,0,0,0,0,0,0,0,0,0,0,0,0,0,0,0,0
LAKSHADWEEP,2006,Death of Dear Person,0,0,0,0,0,0,0,0,0,0,0,0,0,0,0,0,0,0
LAKSHADWEEP,2006,Dowry Dispute,0,0,0,0,0,0,0,0,0,0,0,0,0,0,0,0,0,0
LAKSHADWEEP,2006,Divorce,0,0,0,0,0,0,0,0,0,0,0,0,0,0,0,0,0,0
LAKSHADWEEP,2006,Drug Abuse/Addiction,0,0,0,0,0,0,0,0,0,0,0,0,0,0,0,0,0,0
LAKSHADWEEP,2006,Failure in Examination,0,0,0,0,0,0,0,0,0,0,0,0,0,0,0,0,0,0
LAKSHADWEEP,2006,Fall in Social Reputation,0,0,0,0,0,0,0,0,0,0,0,0,0,0,0,0,0,0
LAKSHADWEEP,2006,Family Problems,0,0,0,0,0,0,0,0,0,0,0,0,0,0,0,0,0,0
LAKSHADWEEP,2006,Ideological Causes/Hero Worshipping,0,0,0,0,0,0,0,0,0,0,0,0,0,0,0,0,0,0
LAKSHADWEEP,2006,Illegitimate Pregnancy,0,0,0,0,0,0,0,0,0,0,0,0,0,0,0,0,0,0
LAKSHADWEEP,2006,Love Affairs,0,0,0,0,0,0,0,0,0,0,0,0,0,0,0,0,0,0
LAKSHADWEEP,2006,"Physical Abuse (Rape,Incest Etc.)",0,0,0,0,0,0,0,0,0,0,0,0,0,0,0,0,0,0
LAKSHADWEEP,2006,Poverty,0,0,0,0,0,0,0,0,0,0,0,0,0,0,0,0,0,0
LAKSHADWEEP,2006,Professional/Career Problem,0,0,0,0,0,0,0,0,0,0,0,0,0,0,0,0,0,0
LAKSHADWEEP,2006,Property Dispute,0,0,0,0,0,0,0,0,0,0,0,0,0,0,0,0,0,0
LAKSHADWEEP,2006,Unemployment,0,0,0,0,0,0,0,0,0,0,0,0,0,0,0,0,0,0
LAKSHADWEEP,2006,Causes Not known,0,0,0,0,0,0,0,0,0,0,0,0,0,0,0,0,0,0
LAKSHADWEEP,2006,Other Causes,0,0,0,0,0,0,0,0,0,0,0,0,0,0,0,0,0,0
LAKSHADWEEP,2006,Total,0,0,1,0,0,1,0,1,0,0,0,1,2,0,1,1,0,0
LAKSHADWEEP,2006,Total Illness,0,0,1,0,0,1,0,1,0,0,0,1,2,0,1,1,0,0
LAKSHADWEEP,2007,Bankruptcy,0,0,0,0,0,0,0,0,0,0,0,0,0,0,0,0,0,0
LAKSHADWEEP,2007,Suspected/Illicit Relation,0,0,0,0,0,0,0,0,0,0,0,0,0,0,0,0,0,0
LAKSHADWEEP,2007,Cancellation/Non-Settlement of Marriage,0,0,0,0,0,0,0,0,0,0,0,0,0,0,0,0,0,0
LAKSHADWEEP,2007,Infertility,0,0,0,0,0,0,0,0,0,0,0,0,0,0,0,0,0,0
LAKSHADWEEP,2007,Illness (Aids/STD),0,0,0,0,0,0,0,0,0,0,0,0,0,0,0,0,0,0
LAKSHADWEEP,2007,Cancer,0,0,0,0,0,0,0,0,0,0,0,0,0,0,0,0,0,0
LAKSHADWEEP,2007,Paralysis,0,0,0,0,0,0,0,0,0,0,0,0,0,0,0,0,0,0
LAKSHADWEEP,2007,Insanity/Mental Illness,0,0,0,0,0,0,0,0,0,0,0,0,0,0,0,0,0,0
LAKSHADWEEP,2007,Other Prolonged Illness,0,0,0,0,0,0,0,0,0,0,0,0,0,0,0,0,0,0
LAKSHADWEEP,2007,Death of Dear Person,0,0,0,0,0,0,0,0,0,0,0,0,0,0,0,0,0,0
LAKSHADWEEP,2007,Dowry Dispute,0,0,0,0,0,0,0,0,0,0,0,0,0,0,0,0,0,0
LAKSHADWEEP,2007,Divorce,0,0,0,0,0,0,0,0,0,0,0,0,0,0,0,0,0,0
LAKSHADWEEP,2007,Drug Abuse/Addiction,0,0,0,0,0,0,0,0,0,0,0,0,0,0,0,0,0,0
LAKSHADWEEP,2007,Failure in Examination,0,0,0,0,0,0,0,0,0,0,0,0,0,0,0,0,0,0
LAKSHADWEEP,2007,Fall in Social Reputation,0,0,0,0,0,0,0,0,0,0,0,0,0,0,0,0,0,0
LAKSHADWEEP,2007,Family Problems,0,0,0,0,0,0,0,0,0,0,0,0,0,0,0,0,0,0
LAKSHADWEEP,2007,Ideological Causes/Hero Worshipping,0,0,0,0,0,0,0,0,0,0,0,0,0,0,0,0,0,0
LAKSHADWEEP,2007,Illegitimate Pregnancy,0,0,0,0,0,0,0,0,0,0,0,0,0,0,0,0,0,0
LAKSHADWEEP,2007,Love Affairs,0,0,0,0,0,0,0,0,0,0,0,0,0,0,0,0,0,0
LAKSHADWEEP,2007,"Physical Abuse (Rape,Incest Etc.)",0,0,0,0,0,0,0,0,0,0,0,0,0,0,0,0,0,0
LAKSHADWEEP,2007,Poverty,0,0,0,0,0,0,0,0,0,0,0,0,0,0,0,0,0,0
LAKSHADWEEP,2007,Professional/Career Problem,0,0,0,0,0,0,0,0,0,0,0,0,0,0,0,0,0,0
LAKSHADWEEP,2007,Property Dispute,0,0,0,0,0,0,0,0,0,0,0,0,0,0,0,0,0,0
LAKSHADWEEP,2007,Unemployment,0,0,0,0,0,0,0,0,0,0,0,0,0,0,0,0,0,0
LAKSHADWEEP,2007,Causes Not known,0,0,1,0,0,1,0,0,0,2,0,2,3,0,0,1,2,0
LAKSHADWEEP,2007,Other Causes,0,0,0,0,0,0,0,0,0,0,0,0,0,0,0,0,0,0
LAKSHADWEEP,2007,Total,0,0,1,0,0,1,0,0,0,2,0,2,3,0,0,1,2,0
LAKSHADWEEP,2007,Total Illness,0,0,0,0,0,0,0,0,0,0,0,0,0,0,0,0,0,0
LAKSHADWEEP,2008,Bankruptcy,0,0,0,0,0,0,0,0,0,0,0,0,0,0,0,0,0,0
LAKSHADWEEP,2008,Suspected/Illicit Relation,0,0,0,0,0,0,0,0,0,0,0,0,0,0,0,0,0,0
LAKSHADWEEP,2008,Cancellation/Non-Settlement of Marriage,0,0,0,0,0,0,0,0,0,0,0,0,0,0,0,0,0,0
LAKSHADWEEP,2008,Infertility,0,0,0,0,0,0,0,0,0,0,0,0,0,0,0,0,0,0
LAKSHADWEEP,2008,Illness (Aids/STD),0,0,0,0,0,0,0,0,0,0,0,0,0,0,0,0,0,0
LAKSHADWEEP,2008,Cancer,0,0,0,0,0,0,0,0,0,0,0,0,0,0,0,0,0,0
LAKSHADWEEP,2008,Paralysis,0,0,0,0,0,0,0,0,0,0,0,0,0,0,0,0,0,0
LAKSHADWEEP,2008,Insanity/Mental Illness,0,0,0,0,0,0,0,0,0,0,0,0,0,0,0,0,0,0
LAKSHADWEEP,2008,Other Prolonged Illness,0,0,0,0,0,0,0,0,0,0,0,0,0,0,0,0,0,0
LAKSHADWEEP,2008,Death of Dear Person,0,0,0,0,0,0,0,0,0,0,0,0,0,0,0,0,0,0
LAKSHADWEEP,2008,Dowry Dispute,0,0,0,0,0,0,0,0,0,0,0,0,0,0,0,0,0,0
LAKSHADWEEP,2008,Divorce,0,0,0,0,0,0,0,0,0,0,0,0,0,0,0,0,0,0
LAKSHADWEEP,2008,Drug Abuse/Addiction,0,0,0,0,0,0,0,0,0,0,0,0,0,0,0,0,0,0
LAKSHADWEEP,2008,Failure in Examination,0,0,0,0,0,0,0,0,0,0,0,0,0,0,0,0,0,0
LAKSHADWEEP,2008,Fall in Social Reputation,0,0,0,0,0,0,0,0,0,0,0,0,0,0,0,0,0,0
LAKSHADWEEP,2008,Family Problems,0,0,0,0,0,0,0,0,0,0,0,0,0,0,0,0,0,0
LAKSHADWEEP,2008,Ideological Causes/Hero Worshipping,0,0,0,0,0,0,0,0,0,0,0,0,0,0,0,0,0,0
LAKSHADWEEP,2008,Illegitimate Pregnancy,0,0,0,0,0,0,0,0,0,0,0,0,0,0,0,0,0,0
LAKSHADWEEP,2008,Love Affairs,0,0,0,0,0,0,0,0,0,0,0,0,0,0,0,0,0,0
LAKSHADWEEP,2008,"Physical Abuse (Rape,Incest Etc.)",0,0,0,0,0,0,0,0,0,0,0,0,0,0,0,0,0,0
LAKSHADWEEP,2008,Poverty,0,0,0,0,0,0,0,0,0,0,0,0,0,0,0,0,0,0
LAKSHADWEEP,2008,Professional/Career Problem,0,0,0,0,0,0,0,0,0,0,0,0,0,0,0,0,0,0
LAKSHADWEEP,2008,Property Dispute,0,0,0,0,0,0,0,0,0,0,0,0,0,0,0,0,0,0
LAKSHADWEEP,2008,Unemployment,0,0,0,0,0,0,0,0,0,0,0,0,0,0,0,0,0,0
LAKSHADWEEP,2008,Causes Not known,0,0,0,0,0,0,0,0,0,0,0,0,0,0,0,0,0,0
LAKSHADWEEP,2008,Other Causes,0,0,0,0,0,0,0,0,0,0,0,0,0,0,0,0,0,0
LAKSHADWEEP,2008,Total,0,0,0,0,0,0,0,0,0,0,0,0,0,0,0,0,0,0
LAKSHADWEEP,2008,Total Illness,0,0,0,0,0,0,0,0,0,0,0,0,0,0,0,0,0,0
LAKSHADWEEP,2009,Bankruptcy,0,0,0,0,0,0,0,0,0,0,0,0,0,0,0,0,0,0
LAKSHADWEEP,2009,Suspected/Illicit Relation,0,0,0,0,0,0,0,0,0,0,0,0,0,0,0,0,0,0
LAKSHADWEEP,2009,Cancellation/Non-Settlement of Marriage,0,0,0,0,0,0,0,0,0,0,0,0,0,0,0,0,0,0
LAKSHADWEEP,2009,Infertility,0,0,0,0,0,0,0,0,0,0,0,0,0,0,0,0,0,0
LAKSHADWEEP,2009,Illness (Aids/STD),0,0,0,0,0,0,0,0,0,0,0,0,0,0,0,0,0,0
LAKSHADWEEP,2009,Cancer,0,0,0,0,0,0,0,0,0,0,0,0,0,0,0,0,0,0
LAKSHADWEEP,2009,Paralysis,0,0,0,0,0,0,0,0,0,0,0,0,0,0,0,0,0,0
LAKSHADWEEP,2009,Insanity/Mental Illness,0,0,0,0,0,0,0,0,1,0,0,1,1,0,0,1,0,0
LAKSHADWEEP,2009,Other Prolonged Illness,0,0,0,0,0,0,0,0,0,0,0,0,0,0,0,0,0,0
LAKSHADWEEP,2009,Death of Dear Person,0,0,0,0,0,0,0,0,0,0,0,0,0,0,0,0,0,0
LAKSHADWEEP,2009,Dowry Dispute,0,0,0,0,0,0,0,0,0,0,0,0,0,0,0,0,0,0
LAKSHADWEEP,2009,Divorce,0,0,0,0,0,0,0,0,0,0,0,0,0,0,0,0,0,0
LAKSHADWEEP,2009,Drug Abuse/Addiction,0,0,0,0,0,0,0,0,0,0,0,0,0,0,0,0,0,0
LAKSHADWEEP,2009,Failure in Examination,0,0,0,0,0,0,0,0,0,0,0,0,0,0,0,0,0,0
LAKSHADWEEP,2009,Fall in Social Reputation,0,0,0,0,0,0,0,0,0,0,0,0,0,0,0,0,0,0
LAKSHADWEEP,2009,Family Problems,0,0,0,0,0,0,0,0,0,0,0,0,0,0,0,0,0,0
LAKSHADWEEP,2009,Ideological Causes/Hero Worshipping,0,0,0,0,0,0,0,0,0,0,0,0,0,0,0,0,0,0
LAKSHADWEEP,2009,Illegitimate Pregnancy,0,0,0,0,0,0,0,0,0,0,0,0,0,0,0,0,0,0
LAKSHADWEEP,2009,Love Affairs,0,0,0,0,0,0,0,0,0,0,0,0,0,0,0,0,0,0
LAKSHADWEEP,2009,"Physical Abuse (Rape,Incest Etc.)",0,0,0,0,0,0,0,0,0,0,0,0,0,0,0,0,0,0
LAKSHADWEEP,2009,Poverty,0,0,0,0,0,0,0,0,0,0,0,0,0,0,0,0,0,0
LAKSHADWEEP,2009,Professional/Career Problem,0,0,0,0,0,0,0,0,0,0,0,0,0,0,0,0,0,0
LAKSHADWEEP,2009,Property Dispute,0,0,0,0,0,0,0,0,0,0,0,0,0,0,0,0,0,0
LAKSHADWEEP,2009,Unemployment,0,0,0,0,0,0,0,0,0,0,0,0,0,0,0,0,0,0
LAKSHADWEEP,2009,Causes Not known,0,0,0,0,0,0,0,0,0,0,0,0,0,0,0,0,0,0
LAKSHADWEEP,2009,Other Causes,0,0,0,0,0,0,0,0,0,0,0,0,0,0,0,0,0,0
LAKSHADWEEP,2009,Total,0,0,0,0,0,0,0,0,1,0,0,1,1,0,0,1,0,0
LAKSHADWEEP,2009,Total Illness,0,0,0,0,0,0,0,0,1,0,0,1,1,0,0,1,0,0
LAKSHADWEEP,2010,Bankruptcy,0,0,0,0,0,0,0,0,0,0,0,0,0,0,0,0,0,0
LAKSHADWEEP,2010,Suspected/Illicit Relation,0,0,0,0,0,0,0,0,0,0,0,0,0,0,0,0,0,0
LAKSHADWEEP,2010,Cancellation/Non-Settlement of Marriage,0,0,0,0,0,0,0,0,0,0,0,0,0,0,0,0,0,0
LAKSHADWEEP,2010,Infertility,0,0,0,0,0,0,0,0,0,0,0,0,0,0,0,0,0,0
LAKSHADWEEP,2010,Illness (Aids/STD),0,0,0,0,0,0,0,0,1,0,0,1,1,0,0,1,0,0
LAKSHADWEEP,2010,Cancer,0,0,0,0,0,0,0,0,0,0,0,0,0,0,0,0,0,0
LAKSHADWEEP,2010,Paralysis,0,0,0,0,0,0,0,0,0,0,0,0,0,0,0,0,0,0
LAKSHADWEEP,2010,Insanity/Mental Illness,0,0,0,0,0,0,0,0,0,0,0,0,0,0,0,0,0,0
LAKSHADWEEP,2010,Other Prolonged Illness,0,0,0,0,0,0,0,0,0,0,0,0,0,0,0,0,0,0
LAKSHADWEEP,2010,Death of Dear Person,0,0,0,0,0,0,0,0,0,0,0,0,0,0,0,0,0,0
LAKSHADWEEP,2010,Dowry Dispute,0,0,0,0,0,0,0,0,0,0,0,0,0,0,0,0,0,0
LAKSHADWEEP,2010,Divorce,0,0,0,0,0,0,0,0,0,0,0,0,0,0,0,0,0,0
LAKSHADWEEP,2010,Drug Abuse/Addiction,0,0,0,0,0,0,0,0,0,0,0,0,0,0,0,0,0,0
LAKSHADWEEP,2010,Failure in Examination,0,0,0,0,0,0,0,0,0,0,0,0,0,0,0,0,0,0
LAKSHADWEEP,2010,Fall in Social Reputation,0,0,0,0,0,0,0,0,0,0,0,0,0,0,0,0,0,0
LAKSHADWEEP,2010,Family Problems,0,0,0,0,0,0,0,0,0,0,0,0,0,0,0,0,0,0
LAKSHADWEEP,2010,Ideological Causes/Hero Worshipping,0,0,0,0,0,0,0,0,0,0,0,0,0,0,0,0,0,0
LAKSHADWEEP,2010,Illegitimate Pregnancy,0,0,0,0,0,0,0,0,0,0,0,0,0,0,0,0,0,0
LAKSHADWEEP,2010,Love Affairs,0,0,0,0,0,0,0,0,0,0,0,0,0,0,0,0,0,0
LAKSHADWEEP,2010,"Physical Abuse (Rape,Incest Etc.)",0,0,0,0,0,0,0,0,0,0,0,0,0,0,0,0,0,0
LAKSHADWEEP,2010,Poverty,0,0,0,0,0,0,0,0,0,0,0,0,0,0,0,0,0,0
LAKSHADWEEP,2010,Professional/Career Problem,0,0,0,0,0,0,0,0,0,0,0,0,0,0,0,0,0,0
LAKSHADWEEP,2010,Property Dispute,0,0,0,0,0,0,0,0,0,0,0,0,0,0,0,0,0,0
LAKSHADWEEP,2010,Unemployment,0,0,0,0,0,0,0,0,0,0,0,0,0,0,0,0,0,0
LAKSHADWEEP,2010,Causes Not known,0,0,0,0,0,0,0,0,0,0,0,0,0,0,0,0,0,0
LAKSHADWEEP,2010,Other Causes,0,0,0,0,0,0,0,0,0,0,0,0,0,0,0,0,0,0
LAKSHADWEEP,2010,Total,0,0,0,0,0,0,0,0,1,0,0,1,1,0,0,1,0,0
LAKSHADWEEP,2010,Total Illness,0,0,0,0,0,0,0,0,1,0,0,1,1,0,0,1,0,0
LAKSHADWEEP,2011,Bankruptcy,0,0,0,0,0,0,0,0,0,0,0,0,0,0,0,0,0,0
LAKSHADWEEP,2011,Suspected/Illicit Relation,0,0,0,0,0,0,0,0,0,0,0,0,0,0,0,0,0,0
LAKSHADWEEP,2011,Cancellation/Non-Settlement of Marriage,0,0,0,0,0,0,0,0,0,0,0,0,0,0,0,0,0,0
LAKSHADWEEP,2011,Infertility,0,0,0,0,0,0,0,0,0,0,0,0,0,0,0,0,0,0
LAKSHADWEEP,2011,Illness (Aids/STD),0,0,0,0,0,0,0,0,0,0,0,0,0,0,0,0,0,0
LAKSHADWEEP,2011,Cancer,0,0,0,0,0,0,0,0,0,0,0,0,0,0,0,0,0,0
LAKSHADWEEP,2011,Paralysis,0,0,0,0,0,0,0,0,0,0,0,0,0,0,0,0,0,0
LAKSHADWEEP,2011,Insanity/Mental Illness,0,0,0,0,0,0,0,0,0,0,0,0,0,0,0,0,0,0
LAKSHADWEEP,2011,Other Prolonged Illness,0,0,0,0,0,0,0,0,0,0,0,0,0,0,0,0,0,0
LAKSHADWEEP,2011,Death of Dear Person,0,0,0,0,0,0,0,0,0,0,0,0,0,0,0,0,0,0
LAKSHADWEEP,2011,Dowry Dispute,0,0,0,0,0,0,0,0,0,0,0,0,0,0,0,0,0,0
LAKSHADWEEP,2011,Divorce,0,0,0,0,0,0,0,0,0,0,0,0,0,0,0,0,0,0
LAKSHADWEEP,2011,Drug Abuse/Addiction,0,0,0,0,0,0,0,0,0,0,0,0,0,0,0,0,0,0
LAKSHADWEEP,2011,Failure in Examination,0,0,0,0,0,0,0,0,0,0,0,0,0,0,0,0,0,0
LAKSHADWEEP,2011,Fall in Social Reputation,0,0,0,0,0,0,0,0,0,0,0,0,0,0,0,0,0,0
LAKSHADWEEP,2011,Family Problems,0,0,0,0,0,0,0,0,0,0,0,0,0,0,0,0,0,0
LAKSHADWEEP,2011,Ideological Causes/Hero Worshipping,0,0,0,0,0,0,0,0,0,0,0,0,0,0,0,0,0,0
LAKSHADWEEP,2011,Illegitimate Pregnancy,0,0,0,0,0,0,0,0,0,0,0,0,0,0,0,0,0,0
LAKSHADWEEP,2011,Love Affairs,0,0,0,0,0,0,0,0,0,0,0,0,0,0,0,0,0,0
LAKSHADWEEP,2011,"Physical Abuse (Rape,Incest Etc.)",0,0,0,0,0,0,0,0,0,0,0,0,0,0,0,0,0,0
LAKSHADWEEP,2011,Poverty,0,0,0,0,0,0,0,0,0,0,0,0,0,0,0,0,0,0
LAKSHADWEEP,2011,Professional/Career Problem,0,0,0,0,0,0,0,0,0,0,0,0,0,0,0,0,0,0
LAKSHADWEEP,2011,Property Dispute,0,0,0,0,0,0,0,0,0,0,0,0,0,0,0,0,0,0
LAKSHADWEEP,2011,Unemployment,0,0,0,0,0,0,0,0,0,0,0,0,0,0,0,0,0,0
LAKSHADWEEP,2011,Causes Not known,0,0,0,0,0,0,0,0,0,0,0,0,0,0,0,0,0,0
LAKSHADWEEP,2011,Other Causes,0,0,0,0,0,0,0,0,0,0,0,0,0,0,0,0,0,0
LAKSHADWEEP,2011,Total,0,0,0,0,0,0,0,0,0,0,0,0,0,0,0,0,0,0
LAKSHADWEEP,2011,Total Illness,0,0,0,0,0,0,0,0,0,0,0,0,0,0,0,0,0,0
LAKSHADWEEP,2012,Bankruptcy,0,0,0,0,0,0,0,0,0,0,0,0,0,0,0,0,0,0
LAKSHADWEEP,2012,Suspected/Illicit Relation,0,0,0,0,0,0,0,0,0,0,0,0,0,0,0,0,0,0
LAKSHADWEEP,2012,Cancellation/Non-Settlement of Marriage,0,0,0,0,0,0,0,0,0,0,0,0,0,0,0,0,0,0
LAKSHADWEEP,2012,Infertility,0,0,0,0,0,0,0,0,0,0,0,0,0,0,0,0,0,0
LAKSHADWEEP,2012,Illness (Aids/STD),0,0,0,0,0,0,0,0,0,0,0,0,0,0,0,0,0,0
LAKSHADWEEP,2012,Cancer,0,0,0,0,0,0,0,0,0,0,0,0,0,0,0,0,0,0
LAKSHADWEEP,2012,Paralysis,0,0,0,0,0,0,0,0,0,0,0,0,0,0,0,0,0,0
LAKSHADWEEP,2012,Insanity/Mental Illness,0,0,0,0,0,0,0,0,0,0,0,0,0,0,0,0,0,0
LAKSHADWEEP,2012,Other Prolonged Illness,0,0,1,0,0,1,0,0,0,0,0,0,1,0,0,1,0,0
LAKSHADWEEP,2012,Death of Dear Person,0,0,0,0,0,0,0,0,0,0,0,0,0,0,0,0,0,0
LAKSHADWEEP,2012,Dowry Dispute,0,0,0,0,0,0,0,0,0,0,0,0,0,0,0,0,0,0
LAKSHADWEEP,2012,Divorce,0,0,0,0,0,0,0,0,0,0,0,0,0,0,0,0,0,0
LAKSHADWEEP,2012,Drug Abuse/Addiction,0,0,0,0,0,0,0,0,0,0,0,0,0,0,0,0,0,0
LAKSHADWEEP,2012,Failure in Examination,0,0,0,0,0,0,0,0,0,0,0,0,0,0,0,0,0,0
LAKSHADWEEP,2012,Fall in Social Reputation,0,0,0,0,0,0,0,0,0,0,0,0,0,0,0,0,0,0
LAKSHADWEEP,2012,Family Problems,0,0,0,0,0,0,0,0,0,0,0,0,0,0,0,0,0,0
LAKSHADWEEP,2012,Ideological Causes/Hero Worshipping,0,0,0,0,0,0,0,0,0,0,0,0,0,0,0,0,0,0
LAKSHADWEEP,2012,Illegitimate Pregnancy,0,0,0,0,0,0,0,0,0,0,0,0,0,0,0,0,0,0
LAKSHADWEEP,2012,Love Affairs,0,0,0,0,0,0,0,0,0,0,0,0,0,0,0,0,0,0
LAKSHADWEEP,2012,"Physical Abuse (Rape,Incest Etc.)",0,0,0,0,0,0,0,0,0,0,0,0,0,0,0,0,0,0
LAKSHADWEEP,2012,Poverty,0,0,0,0,0,0,0,0,0,0,0,0,0,0,0,0,0,0
LAKSHADWEEP,2012,Professional/Career Problem,0,0,0,0,0,0,0,0,0,0,0,0,0,0,0,0,0,0
LAKSHADWEEP,2012,Property Dispute,0,0,0,0,0,0,0,0,0,0,0,0,0,0,0,0,0,0
LAKSHADWEEP,2012,Unemployment,0,0,0,0,0,0,0,0,0,0,0,0,0,0,0,0,0,0
LAKSHADWEEP,2012,Causes Not known,0,0,0,0,0,0,0,0,0,0,0,0,0,0,0,0,0,0
LAKSHADWEEP,2012,Other Causes,0,0,0,0,0,0,0,0,0,0,0,0,0,0,0,0,0,0
LAKSHADWEEP,2012,Total,0,0,1,0,0,1,0,0,0,0,0,0,1,0,0,1,0,0
LAKSHADWEEP,2012,Total Illness,0,0,1,0,0,1,0,0,0,0,0,0,1,0,0,1,0,0
PUDUCHERRY,2001,Bankruptcy,0,0,0,0,0,0,0,0,0,0,0,0,0,0,0,0,0,0
PUDUCHERRY,2001,Suspected/Illicit Relation,0,1,1,0,0,2,0,0,0,0,0,0,2,0,1,1,0,0
PUDUCHERRY,2001,Cancellation/Non-Settlement of Marriage,0,2,2,0,0,4,0,5,0,0,0,5,9,0,7,2,0,0
PUDUCHERRY,2001,Infertility,0,1,1,0,0,2,0,3,2,0,0,5,7,0,4,3,0,0
PUDUCHERRY,2001,Illness (Aids/STD),0,0,1,0,0,1,0,0,0,0,0,0,1,0,0,1,0,0
PUDUCHERRY,2001,Cancer,0,1,0,0,0,1,0,0,0,0,1,1,2,0,1,0,0,1
PUDUCHERRY,2001,Paralysis,0,0,1,0,1,2,0,0,0,0,0,0,2,0,0,1,0,1
PUDUCHERRY,2001,Insanity/Mental Illness,0,3,2,0,0,5,0,3,5,3,1,12,17,0,6,7,3,1
PUDUCHERRY,2001,Other Prolonged Illness,0,16,28,43,17,104,0,40,14,8,4,66,170,0,56,42,51,21
PUDUCHERRY,2001,Death of Dear Person,0,0,0,1,0,1,0,2,1,0,0,3,4,0,2,1,1,0
PUDUCHERRY,2001,Dowry Dispute,0,0,0,0,0,0,0,0,0,0,0,0,0,0,0,0,0,0
PUDUCHERRY,2001,Divorce,0,0,0,0,0,0,0,0,0,0,0,0,0,0,0,0,0,0
PUDUCHERRY,2001,Drug Abuse/Addiction,0,0,0,0,0,0,0,0,0,0,0,0,0,0,0,0,0,0
PUDUCHERRY,2001,Failure in Examination,2,0,0,0,0,2,0,2,0,0,0,2,4,2,2,0,0,0
PUDUCHERRY,2001,Fall in Social Reputation,0,1,1,3,0,5,0,0,0,0,0,0,5,0,1,1,3,0
PUDUCHERRY,2001,Family Problems,0,37,56,29,14,136,4,55,19,8,1,87,223,4,92,75,37,15
PUDUCHERRY,2001,Ideological Causes/Hero Worshipping,0,0,0,0,0,0,0,0,0,0,0,0,0,0,0,0,0,0
PUDUCHERRY,2001,Illegitimate Pregnancy,0,0,0,0,0,0,0,1,0,0,0,1,1,0,1,0,0,0
PUDUCHERRY,2001,Love Affairs,0,3,1,0,0,4,0,5,0,0,0,5,9,0,8,1,0,0
PUDUCHERRY,2001,"Physical Abuse (Rape,Incest Etc.)",0,0,0,0,0,0,0,0,0,0,0,0,0,0,0,0,0,0
PUDUCHERRY,2001,Poverty,0,0,0,0,0,0,0,1,0,0,0,1,1,0,1,0,0,0
PUDUCHERRY,2001,Professional/Career Problem,0,0,0,0,0,0,0,0,0,0,0,0,0,0,0,0,0,0
PUDUCHERRY,2001,Property Dispute,0,0,0,0,0,0,0,0,0,0,0,0,0,0,0,0,0,0
PUDUCHERRY,2001,Unemployment,0,3,2,1,0,6,0,0,0,0,0,0,6,0,3,2,1,0
PUDUCHERRY,2001,Causes Not known,0,4,6,3,5,18,1,3,2,1,0,7,25,1,7,8,4,5
PUDUCHERRY,2001,Other Causes,0,10,13,4,3,30,1,0,8,2,0,11,41,1,10,21,6,3
PUDUCHERRY,2001,Total,2,82,115,84,40,323,6,120,51,22,7,206,529,8,202,166,106,47
PUDUCHERRY,2001,Total Illness,0,20,32,43,18,113,0,43,19,11,6,79,192,0,63,51,54,24
PUDUCHERRY,2002,Bankruptcy,0,1,6,6,1,14,0,2,0,1,0,3,17,0,3,6,7,1
PUDUCHERRY,2002,Suspected/Illicit Relation,0,0,1,0,0,1,0,0,0,0,0,0,1,0,0,1,0,0
PUDUCHERRY,2002,Cancellation/Non-Settlement of Marriage,0,2,0,0,0,2,0,0,0,0,0,0,2,0,2,0,0,0
PUDUCHERRY,2002,Infertility,0,0,1,0,0,1,0,0,0,0,0,0,1,0,0,1,0,0
PUDUCHERRY,2002,Illness (Aids/STD),0,0,0,0,0,0,0,0,0,0,0,0,0,0,0,0,0,0
PUDUCHERRY,2002,Cancer,0,0,3,1,0,4,0,0,0,0,0,0,4,0,0,3,1,0
PUDUCHERRY,2002,Paralysis,0,0,1,0,0,1,0,0,1,0,0,1,2,0,0,2,0,0
PUDUCHERRY,2002,Insanity/Mental Illness,0,9,7,4,2,22,0,2,5,3,0,10,32,0,11,12,7,2
PUDUCHERRY,2002,Other Prolonged Illness,0,15,37,40,18,110,0,25,18,12,11,66,176,0,40,55,52,29
PUDUCHERRY,2002,Death of Dear Person,0,2,1,1,0,4,0,2,0,1,1,4,8,0,4,1,2,1
PUDUCHERRY,2002,Dowry Dispute,0,0,0,0,0,0,0,0,0,0,0,0,0,0,0,0,0,0
PUDUCHERRY,2002,Divorce,0,0,0,0,0,0,0,0,0,0,0,0,0,0,0,0,0,0
PUDUCHERRY,2002,Drug Abuse/Addiction,0,0,0,0,0,0,0,0,0,0,0,0,0,0,0,0,0,0
PUDUCHERRY,2002,Failure in Examination,0,2,0,0,0,2,0,3,0,0,0,3,5,0,5,0,0,0
PUDUCHERRY,2002,Fall in Social Reputation,0,1,1,1,0,3,0,1,0,0,0,1,4,0,2,1,1,0
PUDUCHERRY,2002,Family Problems,4,52,76,46,10,188,3,33,12,5,2,55,243,7,85,88,51,12
PUDUCHERRY,2002,Ideological Causes/Hero Worshipping,0,0,0,0,0,0,0,0,0,0,0,0,0,0,0,0,0,0
PUDUCHERRY,2002,Illegitimate Pregnancy,0,0,0,0,0,0,0,0,0,0,0,0,0,0,0,0,0,0
PUDUCHERRY,2002,Love Affairs,0,3,2,0,0,5,0,0,0,0,0,0,5,0,3,2,0,0
PUDUCHERRY,2002,"Physical Abuse (Rape,Incest Etc.)",0,0,0,0,0,0,0,1,0,0,0,1,1,0,1,0,0,0
PUDUCHERRY,2002,Poverty,0,0,0,0,0,0,0,0,0,0,0,0,0,0,0,0,0,0
PUDUCHERRY,2002,Professional/Career Problem,0,0,0,0,0,0,0,0,0,0,0,0,0,0,0,0,0,0
PUDUCHERRY,2002,Property Dispute,0,0,0,0,0,0,0,0,0,0,0,0,0,0,0,0,0,0
PUDUCHERRY,2002,Unemployment,0,3,1,0,0,4,0,0,0,0,0,0,4,0,3,1,0,0
PUDUCHERRY,2002,Causes Not known,0,6,8,7,2,23,0,2,2,0,1,5,28,0,8,10,7,3
PUDUCHERRY,2002,Other Causes,1,2,14,3,6,26,0,3,3,1,1,8,34,1,5,17,4,7
PUDUCHERRY,2002,Total,5,98,159,109,39,410,3,74,41,23,16,157,567,8,172,200,132,55
PUDUCHERRY,2002,Total Illness,0,24,48,45,20,137,0,27,24,15,11,77,214,0,51,72,60,31
PUDUCHERRY,2003,Bankruptcy,0,3,7,5,2,17,0,0,1,1,0,2,19,0,3,8,6,2
PUDUCHERRY,2003,Suspected/Illicit Relation,0,0,0,0,0,0,0,0,0,0,0,0,0,0,0,0,0,0
PUDUCHERRY,2003,Cancellation/Non-Settlement of Marriage,0,4,0,0,0,4,0,4,0,0,0,4,8,0,8,0,0,0
PUDUCHERRY,2003,Infertility,0,1,1,0,0,2,0,0,0,0,0,0,2,0,1,1,0,0
PUDUCHERRY,2003,Illness (Aids/STD),0,0,0,0,0,0,0,1,0,0,0,1,1,0,1,0,0,0
PUDUCHERRY,2003,Cancer,0,1,0,1,1,3,0,0,1,0,1,2,5,0,1,1,1,2
PUDUCHERRY,2003,Paralysis,0,0,0,0,0,0,0,0,0,0,0,0,0,0,0,0,0,0
PUDUCHERRY,2003,Insanity/Mental Illness,0,7,12,2,3,24,0,7,6,2,0,15,39,0,14,18,4,3
PUDUCHERRY,2003,Other Prolonged Illness,0,18,29,29,20,96,0,37,8,12,13,70,166,0,55,37,41,33
PUDUCHERRY,2003,Death of Dear Person,0,4,4,2,1,11,0,0,1,0,0,1,12,0,4,5,2,1
PUDUCHERRY,2003,Dowry Dispute,0,0,0,0,0,0,0,0,0,0,0,0,0,0,0,0,0,0
PUDUCHERRY,2003,Divorce,0,0,0,0,0,0,0,0,0,0,0,0,0,0,0,0,0,0
PUDUCHERRY,2003,Drug Abuse/Addiction,0,0,0,0,0,0,0,0,0,0,0,0,0,0,0,0,0,0
PUDUCHERRY,2003,Failure in Examination,0,4,0,0,0,4,0,4,0,0,0,4,8,0,8,0,0,0
PUDUCHERRY,2003,Fall in Social Reputation,0,3,5,2,0,10,0,0,0,0,0,0,10,0,3,5,2,0
PUDUCHERRY,2003,Family Problems,3,51,67,37,6,164,0,54,12,3,3,72,236,3,105,79,40,9
PUDUCHERRY,2003,Ideological Causes/Hero Worshipping,0,0,0,0,0,0,0,0,0,0,0,0,0,0,0,0,0,0
PUDUCHERRY,2003,Illegitimate Pregnancy,0,0,0,0,0,0,0,0,0,0,0,0,0,0,0,0,0,0
PUDUCHERRY,2003,Love Affairs,0,6,1,0,0,7,0,7,0,0,0,7,14,0,13,1,0,0
PUDUCHERRY,2003,"Physical Abuse (Rape,Incest Etc.)",0,0,0,0,0,0,0,0,0,0,0,0,0,0,0,0,0,0
PUDUCHERRY,2003,Poverty,0,0,0,0,0,0,0,0,0,0,0,0,0,0,0,0,0,0
PUDUCHERRY,2003,Professional/Career Problem,0,0,0,0,0,0,0,0,0,0,0,0,0,0,0,0,0,0
PUDUCHERRY,2003,Property Dispute,0,0,0,0,0,0,0,0,1,0,0,1,1,0,0,1,0,0
PUDUCHERRY,2003,Unemployment,0,2,0,0,0,2,0,0,0,0,0,0,2,0,2,0,0,0
PUDUCHERRY,2003,Causes Not known,0,3,10,7,2,22,0,5,0,0,0,5,27,0,8,10,7,2
PUDUCHERRY,2003,Other Causes,1,7,10,3,1,22,0,7,2,0,1,10,32,1,14,12,3,2
PUDUCHERRY,2003,Total,4,114,146,88,36,388,0,126,32,18,18,194,582,4,240,178,106,54
PUDUCHERRY,2003,Total Illness,0,26,41,32,24,123,0,45,15,14,14,88,211,0,71,56,46,38
PUDUCHERRY,2004,Bankruptcy,0,2,3,2,0,7,0,0,1,0,0,1,8,0,2,4,2,0
PUDUCHERRY,2004,Suspected/Illicit Relation,0,0,0,0,0,0,0,0,0,0,0,0,0,0,0,0,0,0
PUDUCHERRY,2004,Cancellation/Non-Settlement of Marriage,0,2,0,0,0,2,0,4,2,0,0,6,8,0,6,2,0,0
PUDUCHERRY,2004,Infertility,0,0,0,0,0,0,0,2,0,0,0,2,2,0,2,0,0,0
PUDUCHERRY,2004,Illness (Aids/STD),0,0,1,0,0,1,0,0,0,0,0,0,1,0,0,1,0,0
PUDUCHERRY,2004,Cancer,0,0,0,0,0,0,0,0,0,0,0,0,0,0,0,0,0,0
PUDUCHERRY,2004,Paralysis,0,0,0,0,0,0,0,0,0,0,0,0,0,0,0,0,0,0
PUDUCHERRY,2004,Insanity/Mental Illness,0,6,7,4,0,17,0,2,4,3,2,11,28,0,8,11,7,2
PUDUCHERRY,2004,Other Prolonged Illness,0,16,25,37,22,100,0,31,16,5,6,58,158,0,47,41,42,28
PUDUCHERRY,2004,Death of Dear Person,0,2,3,3,0,8,0,2,1,2,0,5,13,0,4,4,5,0
PUDUCHERRY,2004,Dowry Dispute,0,0,0,0,0,0,0,0,0,0,0,0,0,0,0,0,0,0
PUDUCHERRY,2004,Divorce,0,0,0,0,0,0,0,0,0,0,0,0,0,0,0,0,0,0
PUDUCHERRY,2004,Drug Abuse/Addiction,0,0,0,0,0,0,0,0,0,0,0,0,0,0,0,0,0,0
PUDUCHERRY,2004,Failure in Examination,0,1,0,0,0,1,3,1,0,0,0,4,5,3,2,0,0,0
PUDUCHERRY,2004,Fall in Social Reputation,0,0,5,2,0,7,0,0,0,0,0,0,7,0,0,5,2,0
PUDUCHERRY,2004,Family Problems,0,34,58,39,7,138,1,39,33,6,4,83,221,1,73,91,45,11
PUDUCHERRY,2004,Ideological Causes/Hero Worshipping,0,0,0,0,0,0,0,0,0,0,0,0,0,0,0,0,0,0
PUDUCHERRY,2004,Illegitimate Pregnancy,0,0,0,0,0,0,0,0,0,0,0,0,0,0,0,0,0,0
PUDUCHERRY,2004,Love Affairs,0,4,0,0,0,4,0,1,0,0,0,1,5,0,5,0,0,0
PUDUCHERRY,2004,"Physical Abuse (Rape,Incest Etc.)",0,0,0,0,0,0,0,0,0,0,0,0,0,0,0,0,0,0
PUDUCHERRY,2004,Poverty,0,0,0,1,0,1,0,0,0,0,0,0,1,0,0,0,1,0
PUDUCHERRY,2004,Professional/Career Problem,0,0,0,0,0,0,0,0,0,0,0,0,0,0,0,0,0,0
PUDUCHERRY,2004,Property Dispute,0,0,0,0,0,0,0,0,0,0,0,0,0,0,0,0,0,0
PUDUCHERRY,2004,Unemployment,0,2,0,0,0,2,0,0,0,0,0,0,2,0,2,0,0,0
PUDUCHERRY,2004,Causes Not known,0,1,7,7,1,16,0,5,2,0,0,7,23,0,6,9,7,1
PUDUCHERRY,2004,Other Causes,1,12,12,7,2,34,0,10,6,4,3,23,57,1,22,18,11,5
PUDUCHERRY,2004,Total,1,82,121,102,32,338,4,97,65,20,15,201,539,5,179,186,122,47
PUDUCHERRY,2004,Total Illness,0,22,33,41,22,118,0,33,20,8,8,69,187,0,55,53,49,30
PUDUCHERRY,2005,Bankruptcy,0,1,3,0,0,4,0,1,0,0,0,1,5,0,2,3,0,0
PUDUCHERRY,2005,Suspected/Illicit Relation,0,0,0,0,0,0,0,0,0,0,0,0,0,0,0,0,0,0
PUDUCHERRY,2005,Cancellation/Non-Settlement of Marriage,0,5,3,0,0,8,0,6,2,0,0,8,16,0,11,5,0,0
PUDUCHERRY,2005,Infertility,0,0,0,0,0,0,0,0,1,0,0,1,1,0,0,1,0,0
PUDUCHERRY,2005,Illness (Aids/STD),0,0,0,0,0,0,0,0,1,0,0,1,1,0,0,1,0,0
PUDUCHERRY,2005,Cancer,0,0,0,2,0,2,0,0,1,0,1,2,4,0,0,1,2,1
PUDUCHERRY,2005,Paralysis,0,0,0,0,1,1,0,0,0,0,0,0,1,0,0,0,0,1
PUDUCHERRY,2005,Insanity/Mental Illness,0,4,8,6,0,18,0,5,4,4,2,15,33,0,9,12,10,2
PUDUCHERRY,2005,Other Prolonged Illness,0,7,12,21,13,53,0,22,12,8,10,52,105,0,29,24,29,23
PUDUCHERRY,2005,Death of Dear Person,0,0,4,2,0,6,0,2,1,0,2,5,11,0,2,5,2,2
PUDUCHERRY,2005,Dowry Dispute,0,0,0,0,0,0,0,0,0,0,0,0,0,0,0,0,0,0
PUDUCHERRY,2005,Divorce,0,0,0,0,0,0,0,0,0,0,0,0,0,0,0,0,0,0
PUDUCHERRY,2005,Drug Abuse/Addiction,0,0,0,0,0,0,0,0,0,0,0,0,0,0,0,0,0,0
PUDUCHERRY,2005,Failure in Examination,0,1,0,0,0,1,0,5,0,0,0,5,6,0,6,0,0,0
PUDUCHERRY,2005,Fall in Social Reputation,0,0,0,0,0,0,0,0,0,0,0,0,0,0,0,0,0,0
PUDUCHERRY,2005,Family Problems,1,41,72,64,8,186,1,44,30,4,1,80,266,2,85,102,68,9
PUDUCHERRY,2005,Ideological Causes/Hero Worshipping,0,0,0,0,0,0,0,0,0,0,0,0,0,0,0,0,0,0
PUDUCHERRY,2005,Illegitimate Pregnancy,0,0,0,0,0,0,0,0,0,0,0,0,0,0,0,0,0,0
PUDUCHERRY,2005,Love Affairs,0,4,0,0,0,4,0,2,0,0,0,2,6,0,6,0,0,0
PUDUCHERRY,2005,"Physical Abuse (Rape,Incest Etc.)",0,0,0,0,0,0,0,0,0,0,0,0,0,0,0,0,0,0
PUDUCHERRY,2005,Poverty,0,0,0,0,0,0,0,0,0,0,0,0,0,0,0,0,0,0
PUDUCHERRY,2005,Professional/Career Problem,0,0,0,0,0,0,0,0,0,0,0,0,0,0,0,0,0,0
PUDUCHERRY,2005,Property Dispute,0,0,0,0,0,0,0,0,0,0,0,0,0,0,0,0,0,0
PUDUCHERRY,2005,Unemployment,0,2,0,0,0,2,0,1,0,0,0,1,3,0,3,0,0,0
PUDUCHERRY,2005,Causes Not known,0,3,7,3,4,17,0,1,0,0,0,1,18,0,4,7,3,4
PUDUCHERRY,2005,Other Causes,0,7,20,7,4,38,1,12,4,3,4,24,62,1,19,24,10,8
PUDUCHERRY,2005,Total,1,75,129,105,30,340,2,101,56,19,20,198,538,3,176,185,124,50
PUDUCHERRY,2005,Total Illness,0,11,20,29,14,74,0,27,18,12,13,70,144,0,38,38,41,27
PUDUCHERRY,2006,Bankruptcy,0,0,0,0,0,0,0,0,0,0,0,0,0,0,0,0,0,0
PUDUCHERRY,2006,Suspected/Illicit Relation,0,0,0,0,0,0,0,0,0,0,0,0,0,0,0,0,0,0
PUDUCHERRY,2006,Cancellation/Non-Settlement of Marriage,0,3,2,1,0,6,0,6,1,0,0,7,13,0,9,3,1,0
PUDUCHERRY,2006,Infertility,0,0,0,0,0,0,0,0,0,0,0,0,0,0,0,0,0,0
PUDUCHERRY,2006,Illness (Aids/STD),0,0,0,0,0,0,0,0,0,0,0,0,0,0,0,0,0,0
PUDUCHERRY,2006,Cancer,0,0,1,2,0,3,0,0,0,0,1,1,4,0,0,1,2,1
PUDUCHERRY,2006,Paralysis,0,0,0,0,0,0,0,0,0,1,1,2,2,0,0,0,1,1
PUDUCHERRY,2006,Insanity/Mental Illness,0,4,12,5,3,24,0,4,2,1,1,8,32,0,8,14,6,4
PUDUCHERRY,2006,Other Prolonged Illness,0,13,29,28,14,84,3,34,14,7,5,63,147,3,47,43,35,19
PUDUCHERRY,2006,Death of Dear Person,0,3,4,1,0,8,0,0,0,1,0,1,9,0,3,4,2,0
PUDUCHERRY,2006,Dowry Dispute,0,0,0,0,0,0,0,0,0,0,0,0,0,0,0,0,0,0
PUDUCHERRY,2006,Divorce,0,0,0,0,0,0,0,0,0,0,0,0,0,0,0,0,0,0
PUDUCHERRY,2006,Drug Abuse/Addiction,0,0,0,0,1,1,0,0,0,0,0,0,1,0,0,0,0,1
PUDUCHERRY,2006,Failure in Examination,0,2,0,0,0,2,0,5,0,0,0,5,7,0,7,0,0,0
PUDUCHERRY,2006,Fall in Social Reputation,0,3,5,3,1,12,0,1,2,0,0,3,15,0,4,7,3,1
PUDUCHERRY,2006,Family Problems,4,33,51,35,9,132,5,38,18,4,3,68,200,9,71,69,39,12
PUDUCHERRY,2006,Ideological Causes/Hero Worshipping,0,0,0,0,0,0,0,0,0,0,0,0,0,0,0,0,0,0
PUDUCHERRY,2006,Illegitimate Pregnancy,0,0,0,0,0,0,0,0,0,0,0,0,0,0,0,0,0,0
PUDUCHERRY,2006,Love Affairs,0,1,1,0,0,2,0,4,0,0,0,4,6,0,5,1,0,0
PUDUCHERRY,2006,"Physical Abuse (Rape,Incest Etc.)",0,0,0,0,0,0,0,0,0,0,0,0,0,0,0,0,0,0
PUDUCHERRY,2006,Poverty,0,0,0,0,0,0,0,0,0,0,0,0,0,0,0,0,0,0
PUDUCHERRY,2006,Professional/Career Problem,0,0,2,1,0,3,0,0,0,0,0,0,3,0,0,2,1,0
PUDUCHERRY,2006,Property Dispute,0,0,0,0,0,0,0,0,0,0,0,0,0,0,0,0,0,0
PUDUCHERRY,2006,Unemployment,0,3,1,0,0,4,0,1,0,0,0,1,5,0,4,1,0,0
PUDUCHERRY,2006,Causes Not known,0,4,7,3,1,15,0,1,0,0,0,1,16,0,5,7,3,1
PUDUCHERRY,2006,Other Causes,1,15,22,14,1,53,0,9,1,1,2,13,66,1,24,23,15,3
PUDUCHERRY,2006,Total,5,84,137,93,30,349,8,103,38,15,13,177,526,13,187,175,108,43
PUDUCHERRY,2006,Total Illness,0,17,42,35,17,111,3,38,16,9,8,74,185,3,55,58,44,25
PUDUCHERRY,2007,Bankruptcy,0,0,0,0,0,0,0,0,0,0,0,0,0,0,0,0,0,0
PUDUCHERRY,2007,Suspected/Illicit Relation,0,0,0,0,0,0,0,0,0,0,0,0,0,0,0,0,0,0
PUDUCHERRY,2007,Cancellation/Non-Settlement of Marriage,0,1,3,0,0,4,0,4,1,0,0,5,9,0,5,4,0,0
PUDUCHERRY,2007,Infertility,0,0,1,0,0,1,0,1,1,0,0,2,3,0,1,2,0,0
PUDUCHERRY,2007,Illness (Aids/STD),0,0,0,1,0,1,0,0,0,0,0,0,1,0,0,0,1,0
PUDUCHERRY,2007,Cancer,0,0,0,0,0,0,0,0,1,0,1,2,2,0,0,1,0,1
PUDUCHERRY,2007,Paralysis,0,0,0,0,0,0,0,0,0,0,0,0,0,0,0,0,0,0
PUDUCHERRY,2007,Insanity/Mental Illness,0,5,8,8,1,22,0,4,11,2,1,18,40,0,9,19,10,2
PUDUCHERRY,2007,Other Prolonged Illness,0,5,13,22,9,49,0,27,9,2,4,42,91,0,32,22,24,13
PUDUCHERRY,2007,Death of Dear Person,0,0,4,1,1,6,0,1,1,0,0,2,8,0,1,5,1,1
PUDUCHERRY,2007,Dowry Dispute,0,0,0,0,0,0,0,0,0,0,0,0,0,0,0,0,0,0
PUDUCHERRY,2007,Divorce,0,0,0,0,0,0,0,0,0,0,0,0,0,0,0,0,0,0
PUDUCHERRY,2007,Drug Abuse/Addiction,0,0,0,0,0,0,0,0,0,0,0,0,0,0,0,0,0,0
PUDUCHERRY,2007,Failure in Examination,0,0,0,0,0,0,1,8,0,0,0,9,9,1,8,0,0,0
PUDUCHERRY,2007,Fall in Social Reputation,0,0,0,0,0,0,0,0,0,0,0,0,0,0,0,0,0,0
PUDUCHERRY,2007,Family Problems,2,38,85,44,8,177,2,54,24,1,2,83,260,4,92,109,45,10
PUDUCHERRY,2007,Ideological Causes/Hero Worshipping,0,0,0,0,0,0,0,0,0,0,0,0,0,0,0,0,0,0
PUDUCHERRY,2007,Illegitimate Pregnancy,0,0,0,0,0,0,0,0,0,0,0,0,0,0,0,0,0,0
PUDUCHERRY,2007,Love Affairs,0,6,1,0,0,7,0,2,0,1,0,3,10,0,8,1,1,0
PUDUCHERRY,2007,"Physical Abuse (Rape,Incest Etc.)",0,0,0,0,0,0,0,0,0,0,0,0,0,0,0,0,0,0
PUDUCHERRY,2007,Poverty,0,0,0,0,0,0,0,0,0,0,0,0,0,0,0,0,0,0
PUDUCHERRY,2007,Professional/Career Problem,0,2,0,1,0,3,0,0,0,0,0,0,3,0,2,0,1,0
PUDUCHERRY,2007,Property Dispute,0,0,0,0,0,0,0,0,0,0,0,0,0,0,0,0,0,0
PUDUCHERRY,2007,Unemployment,0,1,0,0,0,1,0,0,0,0,0,0,1,0,1,0,0,0
PUDUCHERRY,2007,Causes Not known,0,3,7,3,1,14,0,9,1,1,2,13,27,0,12,8,4,3
PUDUCHERRY,2007,Other Causes,0,12,11,8,3,34,3,10,3,1,2,19,53,3,22,14,9,5
PUDUCHERRY,2007,Total,2,73,133,88,23,319,6,120,52,8,12,198,517,8,193,185,96,35
PUDUCHERRY,2007,Total Illness,0,10,21,31,10,72,0,31,21,4,6,62,134,0,41,42,35,16
PUDUCHERRY,2008,Bankruptcy,0,0,0,0,0,0,0,0,0,0,0,0,0,0,0,0,0,0
PUDUCHERRY,2008,Suspected/Illicit Relation,0,0,0,0,0,0,0,0,0,0,0,0,0,0,0,0,0,0
PUDUCHERRY,2008,Cancellation/Non-Settlement of Marriage,0,6,0,0,0,6,0,6,0,0,0,6,12,0,12,0,0,0
PUDUCHERRY,2008,Infertility,0,0,0,0,0,0,0,1,0,0,0,1,1,0,1,0,0,0
PUDUCHERRY,2008,Illness (Aids/STD),0,0,0,0,0,0,0,0,0,0,0,0,0,0,0,0,0,0
PUDUCHERRY,2008,Cancer,0,0,1,1,0,2,0,0,0,0,1,1,3,0,0,1,1,1
PUDUCHERRY,2008,Paralysis,0,0,0,1,0,1,0,0,0,0,0,0,1,0,0,0,1,0
PUDUCHERRY,2008,Insanity/Mental Illness,0,3,6,10,0,19,0,4,5,0,1,10,29,0,7,11,10,1
PUDUCHERRY,2008,Other Prolonged Illness,0,5,24,28,9,66,0,24,16,4,5,49,115,0,29,40,32,14
PUDUCHERRY,2008,Death of Dear Person,0,0,1,1,1,3,0,3,0,1,1,5,8,0,3,1,2,2
PUDUCHERRY,2008,Dowry Dispute,0,0,0,0,0,0,0,0,0,0,0,0,0,0,0,0,0,0
PUDUCHERRY,2008,Divorce,0,0,0,0,0,0,0,0,0,0,0,0,0,0,0,0,0,0
PUDUCHERRY,2008,Drug Abuse/Addiction,0,0,0,0,0,0,0,0,0,0,0,0,0,0,0,0,0,0
PUDUCHERRY,2008,Failure in Examination,0,2,1,0,0,3,0,7,0,0,0,7,10,0,9,1,0,0
PUDUCHERRY,2008,Fall in Social Reputation,0,2,7,2,1,12,0,0,3,0,0,3,15,0,2,10,2,1
PUDUCHERRY,2008,Family Problems,1,44,52,39,4,140,0,46,19,1,1,67,207,1,90,71,40,5
PUDUCHERRY,2008,Ideological Causes/Hero Worshipping,0,0,0,0,0,0,0,0,0,0,0,0,0,0,0,0,0,0
PUDUCHERRY,2008,Illegitimate Pregnancy,0,0,0,0,0,0,0,0,0,0,0,0,0,0,0,0,0,0
PUDUCHERRY,2008,Love Affairs,0,6,0,0,0,6,0,0,0,0,0,0,6,0,6,0,0,0
PUDUCHERRY,2008,"Physical Abuse (Rape,Incest Etc.)",0,0,0,0,0,0,0,0,0,0,0,0,0,0,0,0,0,0
PUDUCHERRY,2008,Poverty,0,0,0,0,0,0,0,0,0,0,0,0,0,0,0,0,0,0
PUDUCHERRY,2008,Professional/Career Problem,0,1,0,0,0,1,0,0,0,0,0,0,1,0,1,0,0,0
PUDUCHERRY,2008,Property Dispute,0,0,0,0,0,0,0,0,0,0,0,0,0,0,0,0,0,0
PUDUCHERRY,2008,Unemployment,0,0,0,0,0,0,0,0,0,0,0,0,0,0,0,0,0,0
PUDUCHERRY,2008,Causes Not known,0,3,4,5,1,13,0,1,1,0,0,2,15,0,4,5,5,1
PUDUCHERRY,2008,Other Causes,1,18,26,7,10,62,0,13,2,3,4,22,84,1,31,28,10,14
PUDUCHERRY,2008,Total,2,90,122,94,26,334,0,105,46,9,13,173,507,2,195,168,103,39
PUDUCHERRY,2008,Total Illness,0,8,31,40,9,88,0,28,21,4,7,60,148,0,36,52,44,16
PUDUCHERRY,2009,Bankruptcy,0,0,1,0,0,1,0,1,0,0,0,1,2,0,1,1,0,0
PUDUCHERRY,2009,Suspected/Illicit Relation,0,0,0,0,0,0,0,0,0,0,0,0,0,0,0,0,0,0
PUDUCHERRY,2009,Cancellation/Non-Settlement of Marriage,0,3,0,0,0,3,0,3,0,0,0,3,6,0,6,0,0,0
PUDUCHERRY,2009,Infertility,0,0,3,0,0,3,0,1,1,0,0,2,5,0,1,4,0,0
PUDUCHERRY,2009,Illness (Aids/STD),0,1,0,1,0,2,0,0,0,0,0,0,2,0,1,0,1,0
PUDUCHERRY,2009,Cancer,0,1,0,2,2,5,0,0,0,2,0,2,7,0,1,0,4,2
PUDUCHERRY,2009,Paralysis,0,0,0,0,0,0,0,0,0,0,0,0,0,0,0,0,0,0
PUDUCHERRY,2009,Insanity/Mental Illness,0,5,6,6,5,22,0,0,3,5,3,11,33,0,5,9,11,8
PUDUCHERRY,2009,Other Prolonged Illness,0,11,20,32,14,77,1,22,7,8,8,46,123,1,33,27,40,22
PUDUCHERRY,2009,Death of Dear Person,0,2,4,1,3,10,0,4,2,0,0,6,16,0,6,6,1,3
PUDUCHERRY,2009,Dowry Dispute,0,0,1,0,0,1,0,0,0,0,0,0,1,0,0,1,0,0
PUDUCHERRY,2009,Divorce,0,0,0,0,0,0,0,0,0,0,0,0,0,0,0,0,0,0
PUDUCHERRY,2009,Drug Abuse/Addiction,0,0,0,0,0,0,0,0,0,0,0,0,0,0,0,0,0,0
PUDUCHERRY,2009,Failure in Examination,0,1,0,0,0,1,0,3,0,0,0,3,4,0,4,0,0,0
PUDUCHERRY,2009,Fall in Social Reputation,0,0,0,0,0,0,0,0,0,0,0,0,0,0,0,0,0,0
PUDUCHERRY,2009,Family Problems,1,49,43,38,10,141,2,51,23,10,0,86,227,3,100,66,48,10
PUDUCHERRY,2009,Ideological Causes/Hero Worshipping,0,0,0,0,0,0,0,0,0,0,0,0,0,0,0,0,0,0
PUDUCHERRY,2009,Illegitimate Pregnancy,0,0,0,0,0,0,0,0,0,0,0,0,0,0,0,0,0,0
PUDUCHERRY,2009,Love Affairs,0,4,1,0,0,5,0,2,0,0,0,2,7,0,6,1,0,0
PUDUCHERRY,2009,"Physical Abuse (Rape,Incest Etc.)",0,0,0,0,0,0,0,0,0,0,0,0,0,0,0,0,0,0
PUDUCHERRY,2009,Poverty,0,0,0,0,0,0,0,0,0,0,0,0,0,0,0,0,0,0
PUDUCHERRY,2009,Professional/Career Problem,0,0,0,1,0,1,0,0,0,0,0,0,1,0,0,0,1,0
PUDUCHERRY,2009,Property Dispute,0,0,0,0,0,0,0,0,0,0,0,0,0,0,0,0,0,0
PUDUCHERRY,2009,Unemployment,0,3,0,0,0,3,0,1,0,0,0,1,4,0,4,0,0,0
PUDUCHERRY,2009,Causes Not known,0,1,2,5,2,10,0,3,2,1,1,7,17,0,4,4,6,3
PUDUCHERRY,2009,Other Causes,1,10,11,17,2,41,1,12,7,1,1,22,63,2,22,18,18,3
PUDUCHERRY,2009,Total,2,91,92,103,38,326,4,103,45,27,13,192,518,6,194,137,130,51
PUDUCHERRY,2009,Total Illness,0,18,26,41,21,106,1,22,10,15,11,59,165,1,40,36,56,32
PUDUCHERRY,2010,Bankruptcy,0,0,1,0,0,1,0,0,0,0,0,0,1,0,0,1,0,0
PUDUCHERRY,2010,Suspected/Illicit Relation,0,0,3,1,0,4,0,0,0,0,0,0,4,0,0,3,1,0
PUDUCHERRY,2010,Cancellation/Non-Settlement of Marriage,0,4,6,0,0,10,0,1,4,0,0,5,15,0,5,10,0,0
PUDUCHERRY,2010,Infertility,0,0,0,0,0,0,0,0,1,0,0,1,1,0,0,1,0,0
PUDUCHERRY,2010,Illness (Aids/STD),0,0,0,0,0,0,0,1,0,0,0,1,1,0,1,0,0,0
PUDUCHERRY,2010,Cancer,0,0,1,1,0,2,0,0,0,0,0,0,2,0,0,1,1,0
PUDUCHERRY,2010,Paralysis,0,0,1,1,0,2,0,0,0,0,0,0,2,0,0,1,1,0
PUDUCHERRY,2010,Insanity/Mental Illness,0,2,13,8,1,24,0,2,4,2,1,9,33,0,4,17,10,2
PUDUCHERRY,2010,Other Prolonged Illness,0,10,32,26,10,78,1,31,9,5,10,56,134,1,41,41,31,20
PUDUCHERRY,2010,Death of Dear Person,0,2,1,4,2,9,0,1,1,2,0,4,13,0,3,2,6,2
PUDUCHERRY,2010,Dowry Dispute,0,0,0,0,0,0,0,0,0,0,0,0,0,0,0,0,0,0
PUDUCHERRY,2010,Divorce,0,0,0,0,0,0,0,0,0,0,0,0,0,0,0,0,0,0
PUDUCHERRY,2010,Drug Abuse/Addiction,0,0,0,0,0,0,0,0,0,0,0,0,0,0,0,0,0,0
PUDUCHERRY,2010,Failure in Examination,0,0,0,0,0,0,0,4,0,0,0,4,4,0,4,0,0,0
PUDUCHERRY,2010,Fall in Social Reputation,0,0,1,0,0,1,0,1,1,1,0,3,4,0,1,2,1,0
PUDUCHERRY,2010,Family Problems,1,33,60,37,4,135,1,44,15,1,1,62,197,2,77,75,38,5
PUDUCHERRY,2010,Ideological Causes/Hero Worshipping,0,0,0,0,0,0,0,0,0,0,0,0,0,0,0,0,0,0
PUDUCHERRY,2010,Illegitimate Pregnancy,0,0,0,0,0,0,0,0,0,0,0,0,0,0,0,0,0,0
PUDUCHERRY,2010,Love Affairs,0,0,0,0,0,0,0,2,0,0,0,2,2,0,2,0,0,0
PUDUCHERRY,2010,"Physical Abuse (Rape,Incest Etc.)",0,0,0,0,0,0,0,0,0,0,0,0,0,0,0,0,0,0
PUDUCHERRY,2010,Poverty,0,0,0,0,0,0,0,0,0,0,0,0,0,0,0,0,0,0
PUDUCHERRY,2010,Professional/Career Problem,0,0,0,0,0,0,0,0,0,0,0,0,0,0,0,0,0,0
PUDUCHERRY,2010,Property Dispute,0,0,1,0,0,1,0,0,0,0,0,0,1,0,0,1,0,0
PUDUCHERRY,2010,Unemployment,0,3,0,0,0,3,0,0,0,0,0,0,3,0,3,0,0,0
PUDUCHERRY,2010,Causes Not known,0,2,5,4,3,14,1,4,0,0,0,5,19,1,6,5,4,3
PUDUCHERRY,2010,Other Causes,1,14,16,13,5,49,0,8,7,1,7,23,72,1,22,23,14,12
PUDUCHERRY,2010,Total,2,70,141,95,25,333,3,99,42,12,19,175,508,5,169,183,107,44
PUDUCHERRY,2010,Total Illness,0,12,47,36,11,106,1,34,13,7,11,66,172,1,46,60,43,22
PUDUCHERRY,2011,Bankruptcy,0,0,0,0,0,0,0,0,0,0,0,0,0,0,0,0,0,0
PUDUCHERRY,2011,Suspected/Illicit Relation,0,0,0,0,0,0,0,0,0,0,0,0,0,0,0,0,0,0
PUDUCHERRY,2011,Cancellation/Non-Settlement of Marriage,0,4,1,0,0,5,0,0,0,0,0,0,5,0,4,1,0,0
PUDUCHERRY,2011,Infertility,0,0,0,1,0,1,0,2,1,0,0,3,4,0,2,1,1,0
PUDUCHERRY,2011,Illness (Aids/STD),0,0,0,0,0,0,0,0,0,0,0,0,0,0,0,0,0,0
PUDUCHERRY,2011,Cancer,0,0,1,1,0,2,0,0,0,0,0,0,2,0,0,1,1,0
PUDUCHERRY,2011,Paralysis,0,0,0,4,0,4,0,0,0,0,0,0,4,0,0,0,4,0
PUDUCHERRY,2011,Insanity/Mental Illness,0,3,10,6,0,19,0,3,1,4,3,11,30,0,6,11,10,3
PUDUCHERRY,2011,Other Prolonged Illness,0,9,30,57,20,116,1,16,14,9,10,50,166,1,25,44,66,30
PUDUCHERRY,2011,Death of Dear Person,0,0,3,3,0,6,0,0,1,0,0,1,7,0,0,4,3,0
PUDUCHERRY,2011,Dowry Dispute,0,0,0,0,0,0,0,1,0,0,0,1,1,0,1,0,0,0
PUDUCHERRY,2011,Divorce,0,0,0,0,0,0,0,0,0,0,0,0,0,0,0,0,0,0
PUDUCHERRY,2011,Drug Abuse/Addiction,0,0,0,0,0,0,0,0,0,0,0,0,0,0,0,0,0,0
PUDUCHERRY,2011,Failure in Examination,0,5,0,0,0,5,0,3,0,0,0,3,8,0,8,0,0,0
PUDUCHERRY,2011,Fall in Social Reputation,0,0,1,2,0,3,0,0,0,0,0,0,3,0,0,1,2,0
PUDUCHERRY,2011,Family Problems,2,37,75,32,9,155,5,46,14,4,0,69,224,7,83,89,36,9
PUDUCHERRY,2011,Ideological Causes/Hero Worshipping,0,0,0,0,0,0,0,0,0,0,0,0,0,0,0,0,0,0
PUDUCHERRY,2011,Illegitimate Pregnancy,0,0,0,0,0,0,0,0,0,0,0,0,0,0,0,0,0,0
PUDUCHERRY,2011,Love Affairs,0,5,0,0,0,5,0,3,0,0,0,3,8,0,8,0,0,0
PUDUCHERRY,2011,"Physical Abuse (Rape,Incest Etc.)",0,0,0,0,0,0,0,0,0,0,0,0,0,0,0,0,0,0
PUDUCHERRY,2011,Poverty,0,0,0,0,0,0,0,0,0,0,0,0,0,0,0,0,0,0
PUDUCHERRY,2011,Professional/Career Problem,0,2,4,3,0,9,0,1,1,0,0,2,11,0,3,5,3,0
PUDUCHERRY,2011,Property Dispute,0,0,0,0,0,0,0,0,0,0,0,0,0,0,0,0,0,0
PUDUCHERRY,2011,Unemployment,0,2,0,0,0,2,0,0,0,0,0,0,2,0,2,0,0,0
PUDUCHERRY,2011,Causes Not known,0,9,4,2,3,18,0,4,0,0,0,4,22,0,13,4,2,3
PUDUCHERRY,2011,Other Causes,0,17,15,11,3,46,1,7,2,0,4,14,60,1,24,17,11,7
PUDUCHERRY,2011,Total,2,93,144,122,35,396,7,86,34,17,17,161,557,9,179,178,139,52
PUDUCHERRY,2011,Total Illness,0,12,41,68,20,141,1,19,15,13,13,61,202,1,31,56,81,33
PUDUCHERRY,2012,Bankruptcy,0,0,0,0,0,0,0,0,0,0,0,0,0,0,0,0,0,0
PUDUCHERRY,2012,Suspected/Illicit Relation,0,0,0,0,0,0,0,1,0,0,0,1,1,0,1,0,0,0
PUDUCHERRY,2012,Cancellation/Non-Settlement of Marriage,0,4,6,0,0,10,0,1,1,1,0,3,13,0,5,7,1,0
PUDUCHERRY,2012,Infertility,0,0,1,3,0,4,0,1,0,0,0,1,5,0,1,1,3,0
PUDUCHERRY,2012,Illness (Aids/STD),0,0,0,0,0,0,0,0,0,0,0,0,0,0,0,0,0,0
PUDUCHERRY,2012,Cancer,0,0,0,1,1,2,0,0,0,0,0,0,2,0,0,0,1,1
PUDUCHERRY,2012,Paralysis,0,0,1,0,1,2,0,0,0,0,0,0,2,0,0,1,0,1
PUDUCHERRY,2012,Insanity/Mental Illness,0,1,6,6,1,14,0,2,4,3,0,9,23,0,3,10,9,1
PUDUCHERRY,2012,Other Prolonged Illness,0,8,20,42,22,92,1,15,13,11,8,48,140,1,23,33,53,30
PUDUCHERRY,2012,Death of Dear Person,0,1,1,3,2,7,0,3,3,1,1,8,15,0,4,4,4,3
PUDUCHERRY,2012,Dowry Dispute,0,0,0,0,0,0,0,0,0,0,0,0,0,0,0,0,0,0
PUDUCHERRY,2012,Divorce,0,0,0,0,0,0,0,0,0,0,0,0,0,0,0,0,0,0
PUDUCHERRY,2012,Drug Abuse/Addiction,0,0,0,0,0,0,0,0,0,0,0,0,0,0,0,0,0,0
PUDUCHERRY,2012,Failure in Examination,0,4,0,0,0,4,0,5,0,0,0,5,9,0,9,0,0,0
PUDUCHERRY,2012,Fall in Social Reputation,0,1,2,1,1,5,0,0,0,0,0,0,5,0,1,2,1,1
PUDUCHERRY,2012,Family Problems,0,47,66,34,12,159,1,30,28,0,2,61,220,1,77,94,34,14
PUDUCHERRY,2012,Ideological Causes/Hero Worshipping,0,0,0,0,0,0,0,0,0,0,0,0,0,0,0,0,0,0
PUDUCHERRY,2012,Illegitimate Pregnancy,0,0,0,0,0,0,0,0,0,0,0,0,0,0,0,0,0,0
PUDUCHERRY,2012,Love Affairs,0,7,0,0,0,7,0,3,0,0,0,3,10,0,10,0,0,0
PUDUCHERRY,2012,"Physical Abuse (Rape,Incest Etc.)",0,0,0,0,0,0,0,0,0,0,0,0,0,0,0,0,0,0
PUDUCHERRY,2012,Poverty,0,0,0,0,0,0,0,0,0,0,0,0,0,0,0,0,0,0
PUDUCHERRY,2012,Professional/Career Problem,0,0,0,0,0,0,0,0,0,0,0,0,0,0,0,0,0,0
PUDUCHERRY,2012,Property Dispute,0,0,0,0,0,0,0,0,0,0,0,0,0,0,0,0,0,0
PUDUCHERRY,2012,Unemployment,0,1,0,0,0,1,0,0,0,0,0,0,1,0,1,0,0,0
PUDUCHERRY,2012,Causes Not known,0,2,4,6,1,13,0,1,1,1,2,5,18,0,3,5,7,3
PUDUCHERRY,2012,Other Causes,1,16,20,7,8,52,2,11,4,3,5,25,77,3,27,24,10,13
PUDUCHERRY,2012,Total,1,92,127,103,49,372,4,73,54,20,18,169,541,5,165,181,123,67
PUDUCHERRY,2012,Total Illness,0,9,27,49,25,110,1,17,17,14,8,57,167,1,26,44,63,33
TOTAL (UTs),2001,Bankruptcy,3,9,16,2,0,30,2,0,5,0,0,7,37,5,9,21,2,0
TOTAL (UTs),2001,Suspected/Illicit Relation,0,3,1,1,0,5,0,2,1,0,0,3,8,0,5,2,1,0
TOTAL (UTs),2001,Cancellation/Non-Settlement of Marriage,0,2,2,2,0,6,0,11,1,0,0,12,18,0,13,3,2,0
TOTAL (UTs),2001,Infertility,0,1,3,0,0,4,0,9,5,0,0,14,18,0,10,8,0,0
TOTAL (UTs),2001,Illness (Aids/STD),0,1,1,2,0,4,0,1,0,0,0,1,5,0,2,1,2,0
TOTAL (UTs),2001,Cancer,0,1,1,1,0,3,0,1,3,0,1,5,8,0,2,4,1,1
TOTAL (UTs),2001,Paralysis,0,2,2,0,2,6,0,1,0,0,0,1,7,0,3,2,0,2
TOTAL (UTs),2001,Insanity/Mental Illness,0,7,8,5,1,21,0,10,11,3,3,27,48,0,17,19,8,4
TOTAL (UTs),2001,Other Prolonged Illness,1,32,52,66,30,181,5,63,20,14,7,109,290,6,95,72,80,37
TOTAL (UTs),2001,Death of Dear Person,0,3,1,3,0,7,0,5,4,0,0,9,16,0,8,5,3,0
TOTAL (UTs),2001,Dowry Dispute,0,1,0,0,0,1,0,26,8,0,0,34,35,0,27,8,0,0
TOTAL (UTs),2001,Divorce,0,0,0,0,0,0,0,1,0,0,0,1,1,0,1,0,0,0
TOTAL (UTs),2001,Drug Abuse/Addiction,0,2,10,4,1,17,0,1,0,0,0,1,18,0,3,10,4,1
TOTAL (UTs),2001,Failure in Examination,3,14,0,0,0,17,2,14,0,0,0,16,33,5,28,0,0,0
TOTAL (UTs),2001,Fall in Social Reputation,0,6,2,3,0,11,0,1,0,0,0,1,12,0,7,2,3,0
TOTAL (UTs),2001,Family Problems,5,126,135,47,23,336,16,145,72,25,3,261,597,21,271,207,72,26
TOTAL (UTs),2001,Ideological Causes/Hero Worshipping,0,0,0,1,0,1,0,0,1,0,0,1,2,0,0,1,1,0
TOTAL (UTs),2001,Illegitimate Pregnancy,0,0,0,0,0,0,0,4,0,0,0,4,4,0,4,0,0,0
TOTAL (UTs),2001,Love Affairs,0,21,2,0,0,23,2,20,0,0,0,22,45,2,41,2,0,0
TOTAL (UTs),2001,"Physical Abuse (Rape,Incest Etc.)",0,0,0,0,0,0,0,4,0,0,0,4,4,0,4,0,0,0
TOTAL (UTs),2001,Poverty,0,15,13,6,1,35,0,11,16,2,0,29,64,0,26,29,8,1
TOTAL (UTs),2001,Professional/Career Problem,0,2,6,1,0,9,0,0,0,0,0,0,9,0,2,6,1,0
TOTAL (UTs),2001,Property Dispute,0,2,4,1,0,7,0,1,1,0,0,2,9,0,3,5,1,0
TOTAL (UTs),2001,Unemployment,0,32,16,5,0,53,0,5,1,0,0,6,59,0,37,17,5,0
TOTAL (UTs),2001,Causes Not known,5,125,112,68,16,326,8,108,67,13,7,203,529,13,233,179,81,23
TOTAL (UTs),2001,Other Causes,2,49,42,11,9,113,2,20,16,4,0,42,155,4,69,58,15,9
TOTAL (UTs),2001,Total,19,456,429,229,83,1216,37,464,232,61,21,815,2031,56,920,661,290,104
TOTAL (UTs),2001,Total Illness,1,43,64,74,33,215,5,76,34,17,11,143,358,6,119,98,91,44
TOTAL (UTs),2002,Bankruptcy,0,5,17,9,1,32,1,2,0,1,0,4,36,1,7,17,10,1
TOTAL (UTs),2002,Suspected/Illicit Relation,0,1,2,1,0,4,0,3,1,0,0,4,8,0,4,3,1,0
TOTAL (UTs),2002,Cancellation/Non-Settlement of Marriage,0,6,3,0,0,9,0,4,2,0,0,6,15,0,10,5,0,0
TOTAL (UTs),2002,Infertility,0,0,1,0,0,1,0,4,2,0,0,6,7,0,4,3,0,0
TOTAL (UTs),2002,Illness (Aids/STD),0,0,0,1,0,1,0,0,0,0,0,0,1,0,0,0,1,0
TOTAL (UTs),2002,Cancer,0,0,5,1,0,6,0,0,0,1,0,1,7,0,0,5,2,0
TOTAL (UTs),2002,Paralysis,0,0,1,0,0,1,0,0,2,0,0,2,3,0,0,3,0,0
TOTAL (UTs),2002,Insanity/Mental Illness,1,21,26,13,8,69,1,10,12,4,1,28,97,2,31,38,17,9
TOTAL (UTs),2002,Other Prolonged Illness,0,33,53,61,31,178,0,35,35,15,13,98,276,0,68,88,76,44
TOTAL (UTs),2002,Death of Dear Person,0,4,1,2,1,8,0,4,0,2,1,7,15,0,8,1,4,2
TOTAL (UTs),2002,Dowry Dispute,0,2,0,0,0,2,0,34,15,1,0,50,52,0,36,15,1,0
TOTAL (UTs),2002,Divorce,0,0,0,0,0,0,0,2,1,0,0,3,3,0,2,1,0,0
TOTAL (UTs),2002,Drug Abuse/Addiction,0,18,4,2,0,24,0,0,1,0,0,1,25,0,18,5,2,0
TOTAL (UTs),2002,Failure in Examination,7,15,0,0,0,22,7,17,0,0,0,24,46,14,32,0,0,0
TOTAL (UTs),2002,Fall in Social Reputation,0,6,4,1,0,11,0,3,2,0,0,5,16,0,9,6,1,0
TOTAL (UTs),2002,Family Problems,7,159,173,72,13,424,8,127,71,14,3,223,647,15,286,244,86,16
TOTAL (UTs),2002,Ideological Causes/Hero Worshipping,0,0,0,0,0,0,0,0,0,0,0,0,0,0,0,0,0,0
TOTAL (UTs),2002,Illegitimate Pregnancy,0,0,0,0,0,0,0,3,2,0,0,5,5,0,3,2,0,0
TOTAL (UTs),2002,Love Affairs,0,27,6,0,0,33,0,27,3,0,0,30,63,0,54,9,0,0
TOTAL (UTs),2002,"Physical Abuse (Rape,Incest Etc.)",0,0,0,0,0,0,0,5,0,0,0,5,5,0,5,0,0,0
TOTAL (UTs),2002,Poverty,0,5,7,8,0,20,0,3,2,2,0,7,27,0,8,9,10,0
TOTAL (UTs),2002,Professional/Career Problem,0,5,3,2,0,10,0,0,0,0,0,0,10,0,5,3,2,0
TOTAL (UTs),2002,Property Dispute,0,0,3,0,0,3,0,0,1,0,0,1,4,0,0,4,0,0
TOTAL (UTs),2002,Unemployment,0,17,12,2,0,31,0,1,0,1,0,2,33,0,18,12,3,0
TOTAL (UTs),2002,Causes Not known,8,110,89,45,10,262,4,68,31,10,4,117,379,12,178,120,55,14
TOTAL (UTs),2002,Other Causes,1,28,38,16,10,93,1,26,9,4,5,45,138,2,54,47,20,15
TOTAL (UTs),2002,Total,24,462,448,236,74,1244,22,378,192,55,27,674,1918,46,840,640,291,101
TOTAL (UTs),2002,Total Illness,1,54,85,76,39,255,1,45,49,20,14,129,384,2,99,134,96,53
TOTAL (UTs),2003,Bankruptcy,0,5,14,6,3,28,0,1,1,1,0,3,31,0,6,15,7,3
TOTAL (UTs),2003,Suspected/Illicit Relation,0,0,2,0,0,2,1,2,1,0,0,4,6,1,2,3,0,0
TOTAL (UTs),2003,Cancellation/Non-Settlement of Marriage,0,12,1,0,0,13,0,8,4,0,0,12,25,0,20,5,0,0
TOTAL (UTs),2003,Infertility,0,2,2,0,0,4,0,2,0,0,0,2,6,0,4,2,0,0
TOTAL (UTs),2003,Illness (Aids/STD),0,0,0,0,0,0,0,1,0,0,0,1,1,0,1,0,0,0
TOTAL (UTs),2003,Cancer,0,3,2,1,1,7,0,0,1,1,1,3,10,0,3,3,2,2
TOTAL (UTs),2003,Paralysis,0,0,0,0,0,0,0,0,0,0,0,0,0,0,0,0,0,0
TOTAL (UTs),2003,Insanity/Mental Illness,0,20,21,3,5,49,0,15,12,4,3,34,83,0,35,33,7,8
TOTAL (UTs),2003,Other Prolonged Illness,0,28,60,56,32,176,0,47,21,22,15,105,281,0,75,81,78,47
TOTAL (UTs),2003,Death of Dear Person,0,6,4,2,1,13,1,1,1,0,0,3,16,1,7,5,2,1
TOTAL (UTs),2003,Dowry Dispute,0,1,0,0,0,1,1,32,5,7,0,45,46,1,33,5,7,0
TOTAL (UTs),2003,Divorce,0,0,0,0,0,0,0,2,3,0,0,5,5,0,2,3,0,0
TOTAL (UTs),2003,Drug Abuse/Addiction,0,11,10,1,0,22,0,0,0,0,0,0,22,0,11,10,1,0
TOTAL (UTs),2003,Failure in Examination,3,19,1,0,0,23,6,20,0,0,0,26,49,9,39,1,0,0
TOTAL (UTs),2003,Fall in Social Reputation,1,5,8,2,0,16,0,0,1,0,0,1,17,1,5,9,2,0
TOTAL (UTs),2003,Family Problems,7,156,177,68,12,420,4,145,56,18,3,226,646,11,301,233,86,15
TOTAL (UTs),2003,Ideological Causes/Hero Worshipping,0,0,0,0,0,0,0,0,0,0,0,0,0,0,0,0,0,0
TOTAL (UTs),2003,Illegitimate Pregnancy,0,0,0,0,0,0,0,1,0,0,0,1,1,0,1,0,0,0
TOTAL (UTs),2003,Love Affairs,0,27,2,0,0,29,0,22,0,0,0,22,51,0,49,2,0,0
TOTAL (UTs),2003,"Physical Abuse (Rape,Incest Etc.)",0,1,0,0,0,1,0,3,0,0,0,3,4,0,4,0,0,0
TOTAL (UTs),2003,Poverty,0,11,8,1,0,20,0,6,3,0,0,9,29,0,17,11,1,0
TOTAL (UTs),2003,Professional/Career Problem,0,0,0,0,0,0,0,0,0,0,0,0,0,0,0,0,0,0
TOTAL (UTs),2003,Property Dispute,0,0,2,1,0,3,0,0,1,0,0,1,4,0,0,3,1,0
TOTAL (UTs),2003,Unemployment,0,22,14,0,0,36,0,0,0,0,0,0,36,0,22,14,0,0
TOTAL (UTs),2003,Causes Not known,9,115,93,47,7,271,9,74,38,15,2,138,409,18,189,131,62,9
TOTAL (UTs),2003,Other Causes,6,66,69,24,17,182,2,39,21,5,2,69,251,8,105,90,29,19
TOTAL (UTs),2003,Total,26,510,490,212,78,1316,24,421,169,73,26,713,2029,50,931,659,285,104
TOTAL (UTs),2003,Total Illness,0,51,83,60,38,232,0,63,34,27,19,143,375,0,114,117,87,57
TOTAL (UTs),2004,Bankruptcy,1,3,9,3,1,17,0,1,1,0,0,2,19,1,4,10,3,1
TOTAL (UTs),2004,Suspected/Illicit Relation,0,2,2,0,0,4,0,4,2,0,0,6,10,0,6,4,0,0
TOTAL (UTs),2004,Cancellation/Non-Settlement of Marriage,0,4,0,0,0,4,0,12,2,0,0,14,18,0,16,2,0,0
TOTAL (UTs),2004,Infertility,0,1,0,0,0,1,0,4,0,0,0,4,5,0,5,0,0,0
TOTAL (UTs),2004,Illness (Aids/STD),0,0,1,0,0,1,0,0,0,0,0,0,1,0,0,1,0,0
TOTAL (UTs),2004,Cancer,0,1,0,0,1,2,0,0,0,1,1,2,4,0,1,0,1,2
TOTAL (UTs),2004,Paralysis,0,0,0,0,0,0,0,1,0,0,0,1,1,0,1,0,0,0
TOTAL (UTs),2004,Insanity/Mental Illness,0,22,20,13,4,59,2,12,9,3,2,28,87,2,34,29,16,6
TOTAL (UTs),2004,Other Prolonged Illness,1,43,45,71,32,192,2,55,36,11,8,112,304,3,98,81,82,40
TOTAL (UTs),2004,Death of Dear Person,0,2,4,3,0,9,0,5,1,2,0,8,17,0,7,5,5,0
TOTAL (UTs),2004,Dowry Dispute,0,0,0,0,0,0,0,48,6,0,0,54,54,0,48,6,0,0
TOTAL (UTs),2004,Divorce,0,1,1,0,0,2,0,10,1,0,0,11,13,0,11,2,0,0
TOTAL (UTs),2004,Drug Abuse/Addiction,0,11,10,4,0,25,0,1,2,0,1,4,29,0,12,12,4,1
TOTAL (UTs),2004,Failure in Examination,4,30,0,0,0,34,7,21,0,0,0,28,62,11,51,0,0,0
TOTAL (UTs),2004,Fall in Social Reputation,0,3,8,4,0,15,0,3,1,0,0,4,19,0,6,9,4,0
TOTAL (UTs),2004,Family Problems,1,108,152,67,13,341,2,105,80,15,13,215,556,3,213,232,82,26
TOTAL (UTs),2004,Ideological Causes/Hero Worshipping,0,1,0,0,0,1,0,1,1,0,0,2,3,0,2,1,0,0
TOTAL (UTs),2004,Illegitimate Pregnancy,0,0,0,0,0,0,0,0,0,0,0,0,0,0,0,0,0,0
TOTAL (UTs),2004,Love Affairs,0,18,1,1,0,20,1,22,1,0,0,24,44,1,40,2,1,0
TOTAL (UTs),2004,"Physical Abuse (Rape,Incest Etc.)",0,0,0,0,0,0,0,1,1,0,0,2,2,0,1,1,0,0
TOTAL (UTs),2004,Poverty,2,19,16,7,0,44,0,10,2,1,0,13,57,2,29,18,8,0
TOTAL (UTs),2004,Professional/Career Problem,0,4,5,0,0,9,0,4,0,0,1,5,14,0,8,5,0,1
TOTAL (UTs),2004,Property Dispute,0,0,2,0,1,3,0,0,0,0,0,0,3,0,0,2,0,1
TOTAL (UTs),2004,Unemployment,0,29,9,3,0,41,0,3,0,0,0,3,44,0,32,9,3,0
TOTAL (UTs),2004,Causes Not known,6,134,122,38,6,306,4,87,26,7,4,128,434,10,221,148,45,10
TOTAL (UTs),2004,Other Causes,5,53,66,34,7,165,4,32,30,10,3,79,244,9,85,96,44,10
TOTAL (UTs),2004,Total,20,489,473,248,65,1295,22,442,202,50,33,749,2044,42,931,675,298,98
TOTAL (UTs),2004,Total Illness,1,66,66,84,37,254,4,68,45,15,11,143,397,5,134,111,99,48
TOTAL (UTs),2005,Bankruptcy,0,7,9,0,0,16,0,2,1,0,0,3,19,0,9,10,0,0
TOTAL (UTs),2005,Suspected/Illicit Relation,0,0,1,0,0,1,0,0,2,0,0,2,3,0,0,3,0,0
TOTAL (UTs),2005,Cancellation/Non-Settlement of Marriage,0,6,4,0,0,10,0,9,3,0,0,12,22,0,15,7,0,0
TOTAL (UTs),2005,Infertility,0,0,0,0,0,0,0,1,1,0,0,2,2,0,1,1,0,0
TOTAL (UTs),2005,Illness (Aids/STD),0,0,1,0,0,1,0,1,2,0,0,3,4,0,1,3,0,0
TOTAL (UTs),2005,Cancer,0,0,0,2,0,2,0,0,1,0,1,2,4,0,0,1,2,1
TOTAL (UTs),2005,Paralysis,0,1,0,1,1,3,0,0,0,0,0,0,3,0,1,0,1,1
TOTAL (UTs),2005,Insanity/Mental Illness,1,15,17,12,3,48,1,14,6,9,3,33,81,2,29,23,21,6
TOTAL (UTs),2005,Other Prolonged Illness,0,31,30,49,30,140,0,42,26,18,16,102,242,0,73,56,67,46
TOTAL (UTs),2005,Death of Dear Person,0,4,5,2,0,11,0,3,3,0,3,9,20,0,7,8,2,3
TOTAL (UTs),2005,Dowry Dispute,0,4,0,0,0,4,0,44,6,1,0,51,55,0,48,6,1,0
TOTAL (UTs),2005,Divorce,0,0,0,0,0,0,0,0,0,0,0,0,0,0,0,0,0,0
TOTAL (UTs),2005,Drug Abuse/Addiction,0,9,12,5,0,26,0,0,1,0,0,1,27,0,9,13,5,0
TOTAL (UTs),2005,Failure in Examination,3,15,2,0,0,20,2,17,0,0,0,19,39,5,32,2,0,0
TOTAL (UTs),2005,Fall in Social Reputation,0,15,7,4,0,26,0,4,7,1,0,12,38,0,19,14,5,0
TOTAL (UTs),2005,Family Problems,1,140,158,109,22,430,1,127,83,14,4,229,659,2,267,241,123,26
TOTAL (UTs),2005,Ideological Causes/Hero Worshipping,0,0,0,0,0,0,0,1,0,0,0,1,1,0,1,0,0,0
TOTAL (UTs),2005,Illegitimate Pregnancy,0,0,0,0,0,0,0,0,0,0,0,0,0,0,0,0,0,0
TOTAL (UTs),2005,Love Affairs,1,28,7,0,0,36,1,21,2,0,0,24,60,2,49,9,0,0
TOTAL (UTs),2005,"Physical Abuse (Rape,Incest Etc.)",0,0,0,0,0,0,0,0,0,0,0,0,0,0,0,0,0,0
TOTAL (UTs),2005,Poverty,0,9,12,2,1,24,0,5,2,1,0,8,32,0,14,14,3,1
TOTAL (UTs),2005,Professional/Career Problem,0,3,1,0,1,5,0,2,2,0,0,4,9,0,5,3,0,1
TOTAL (UTs),2005,Property Dispute,0,2,4,0,0,6,0,0,0,1,0,1,7,0,2,4,1,0
TOTAL (UTs),2005,Unemployment,0,20,17,0,0,37,0,2,1,0,0,3,40,0,22,18,0,0
TOTAL (UTs),2005,Causes Not known,3,161,102,48,8,322,7,95,47,9,1,159,481,10,256,149,57,9
TOTAL (UTs),2005,Other Causes,8,49,63,33,11,164,7,51,24,12,6,100,264,15,100,87,45,17
TOTAL (UTs),2005,Total,17,519,452,267,77,1332,19,441,220,66,34,780,2112,36,960,672,333,111
TOTAL (UTs),2005,Total Illness,1,47,48,64,34,194,1,57,35,27,20,140,334,2,104,83,91,54
TOTAL (UTs),2006,Bankruptcy,0,5,6,1,0,12,0,2,1,0,0,3,15,0,7,7,1,0
TOTAL (UTs),2006,Suspected/Illicit Relation,0,1,1,1,0,3,0,3,0,0,0,3,6,0,4,1,1,0
TOTAL (UTs),2006,Cancellation/Non-Settlement of Marriage,0,3,3,1,0,7,0,9,4,0,0,13,20,0,12,7,1,0
TOTAL (UTs),2006,Infertility,0,0,0,0,0,0,0,0,0,0,0,0,0,0,0,0,0,0
TOTAL (UTs),2006,Illness (Aids/STD),0,4,2,0,0,6,0,2,0,0,0,2,8,0,6,2,0,0
TOTAL (UTs),2006,Cancer,0,0,2,2,0,4,0,1,0,0,1,2,6,0,1,2,2,1
TOTAL (UTs),2006,Paralysis,0,0,0,0,0,0,0,1,0,1,1,3,3,0,1,0,1,1
TOTAL (UTs),2006,Insanity/Mental Illness,0,19,25,18,7,69,0,16,6,4,3,29,98,0,35,31,22,10
TOTAL (UTs),2006,Other Prolonged Illness,0,29,64,56,29,178,4,55,20,14,6,99,277,4,84,84,70,35
TOTAL (UTs),2006,Death of Dear Person,0,4,4,3,0,11,0,1,1,2,1,5,16,0,5,5,5,1
TOTAL (UTs),2006,Dowry Dispute,0,0,0,0,0,0,0,62,8,0,0,70,70,0,62,8,0,0
TOTAL (UTs),2006,Divorce,0,0,0,0,0,0,0,0,0,1,0,1,1,0,0,0,1,0
TOTAL (UTs),2006,Drug Abuse/Addiction,0,9,12,3,3,27,0,1,4,0,0,5,32,0,10,16,3,3
TOTAL (UTs),2006,Failure in Examination,1,12,0,0,0,13,4,14,0,0,0,18,31,5,26,0,0,0
TOTAL (UTs),2006,Fall in Social Reputation,0,3,12,7,1,23,0,2,5,1,0,8,31,0,5,17,8,1
TOTAL (UTs),2006,Family Problems,4,151,147,57,14,373,6,121,76,11,3,217,590,10,272,223,68,17
TOTAL (UTs),2006,Ideological Causes/Hero Worshipping,0,0,0,0,0,0,0,0,0,0,0,0,0,0,0,0,0,0
TOTAL (UTs),2006,Illegitimate Pregnancy,0,8,0,0,0,8,0,3,0,0,0,3,11,0,11,0,0,0
TOTAL (UTs),2006,Love Affairs,1,36,3,0,0,40,4,21,3,0,0,28,68,5,57,6,0,0
TOTAL (UTs),2006,"Physical Abuse (Rape,Incest Etc.)",0,0,0,0,0,0,0,0,0,0,0,0,0,0,0,0,0,0
TOTAL (UTs),2006,Poverty,0,6,11,6,0,23,0,4,1,0,0,5,28,0,10,12,6,0
TOTAL (UTs),2006,Professional/Career Problem,0,3,6,2,0,11,0,1,0,0,0,1,12,0,4,6,2,0
TOTAL (UTs),2006,Property Dispute,0,7,5,1,0,13,0,0,0,1,0,1,14,0,7,5,2,0
TOTAL (UTs),2006,Unemployment,0,35,17,7,0,59,0,2,0,0,0,2,61,0,37,17,7,0
TOTAL (UTs),2006,Causes Not known,5,203,165,66,13,452,12,128,67,10,3,220,672,17,331,232,76,16
TOTAL (UTs),2006,Other Causes,7,57,63,33,7,167,1,37,13,4,5,60,227,8,94,76,37,12
TOTAL (UTs),2006,Total,18,595,548,264,74,1499,31,486,209,49,23,798,2297,49,1081,757,313,97
TOTAL (UTs),2006,Total Illness,0,52,93,76,36,257,4,75,26,19,11,135,392,4,127,119,95,47
TOTAL (UTs),2007,Bankruptcy,0,7,8,4,0,19,0,3,1,0,0,4,23,0,10,9,4,0
TOTAL (UTs),2007,Suspected/Illicit Relation,0,2,0,0,0,2,1,3,1,0,0,5,7,1,5,1,0,0
TOTAL (UTs),2007,Cancellation/Non-Settlement of Marriage,0,7,5,0,0,12,0,10,3,0,0,13,25,0,17,8,0,0
TOTAL (UTs),2007,Infertility,0,0,1,0,0,1,0,2,1,0,0,3,4,0,2,2,0,0
TOTAL (UTs),2007,Illness (Aids/STD),0,0,1,2,0,3,0,0,0,0,0,0,3,0,0,1,2,0
TOTAL (UTs),2007,Cancer,0,0,0,0,1,1,0,0,1,0,2,3,4,0,0,1,0,3
TOTAL (UTs),2007,Paralysis,0,0,0,0,0,0,0,0,0,0,0,0,0,0,0,0,0,0
TOTAL (UTs),2007,Insanity/Mental Illness,0,11,20,21,3,55,0,8,16,6,2,32,87,0,19,36,27,5
TOTAL (UTs),2007,Other Prolonged Illness,1,26,39,35,26,127,2,38,14,7,7,68,195,3,64,53,42,33
TOTAL (UTs),2007,Death of Dear Person,0,1,5,1,3,10,0,2,1,0,0,3,13,0,3,6,1,3
TOTAL (UTs),2007,Dowry Dispute,0,2,0,0,0,2,0,65,5,0,0,70,72,0,67,5,0,0
TOTAL (UTs),2007,Divorce,0,0,0,0,0,0,0,1,0,0,0,1,1,0,1,0,0,0
TOTAL (UTs),2007,Drug Abuse/Addiction,0,10,8,1,1,20,0,1,0,1,1,3,23,0,11,8,2,2
TOTAL (UTs),2007,Failure in Examination,4,29,1,0,0,34,5,30,0,0,0,35,69,9,59,1,0,0
TOTAL (UTs),2007,Fall in Social Reputation,0,4,1,1,1,7,0,2,1,0,0,3,10,0,6,2,1,1
TOTAL (UTs),2007,Family Problems,3,117,203,75,13,411,2,139,93,9,4,247,658,5,256,296,84,17
TOTAL (UTs),2007,Ideological Causes/Hero Worshipping,0,0,0,0,0,0,0,3,2,2,0,7,7,0,3,2,2,0
TOTAL (UTs),2007,Illegitimate Pregnancy,0,0,0,0,0,0,0,0,0,0,0,0,0,0,0,0,0,0
TOTAL (UTs),2007,Love Affairs,0,30,3,0,0,33,1,40,3,1,0,45,78,1,70,6,1,0
TOTAL (UTs),2007,"Physical Abuse (Rape,Incest Etc.)",0,6,2,1,0,9,0,0,0,0,0,0,9,0,6,2,1,0
TOTAL (UTs),2007,Poverty,0,10,6,5,1,22,0,5,2,0,0,7,29,0,15,8,5,1
TOTAL (UTs),2007,Professional/Career Problem,0,5,1,1,0,7,0,1,0,0,0,1,8,0,6,1,1,0
TOTAL (UTs),2007,Property Dispute,0,2,2,0,0,4,0,1,0,0,0,1,5,0,3,2,0,0
TOTAL (UTs),2007,Unemployment,0,36,12,1,0,49,0,5,0,0,0,5,54,0,41,12,1,0
TOTAL (UTs),2007,Causes Not known,5,207,175,61,13,461,7,122,47,8,5,189,650,12,329,222,69,18
TOTAL (UTs),2007,Other Causes,4,72,78,38,15,207,9,52,17,7,4,89,296,13,124,95,45,19
TOTAL (UTs),2007,Total,17,584,571,247,77,1496,27,533,208,41,25,834,2330,44,1117,779,288,102
TOTAL (UTs),2007,Total Illness,1,37,60,58,30,186,2,46,31,13,11,103,289,3,83,91,71,41
TOTAL (UTs),2008,Bankruptcy,0,8,11,11,0,30,0,6,1,0,0,7,37,0,14,12,11,0
TOTAL (UTs),2008,Suspected/Illicit Relation,0,3,0,1,0,4,0,10,2,0,0,12,16,0,13,2,1,0
TOTAL (UTs),2008,Cancellation/Non-Settlement of Marriage,0,13,2,0,0,15,1,14,1,0,0,16,31,1,27,3,0,0
TOTAL (UTs),2008,Infertility,0,0,0,0,0,0,0,3,4,2,0,9,9,0,3,4,2,0
TOTAL (UTs),2008,Illness (Aids/STD),0,2,4,2,7,15,0,1,0,0,0,1,16,0,3,4,2,7
TOTAL (UTs),2008,Cancer,0,0,3,2,0,5,0,0,0,0,1,1,6,0,0,3,2,1
TOTAL (UTs),2008,Paralysis,0,1,0,1,0,2,0,0,0,0,0,0,2,0,1,0,1,0
TOTAL (UTs),2008,Insanity/Mental Illness,0,11,23,29,2,65,1,11,7,4,3,26,91,1,22,30,33,5
TOTAL (UTs),2008,Other Prolonged Illness,1,18,54,46,18,137,1,41,27,9,9,87,224,2,59,81,55,27
TOTAL (UTs),2008,Death of Dear Person,0,1,4,2,2,9,0,7,1,2,1,11,20,0,8,5,4,3
TOTAL (UTs),2008,Dowry Dispute,0,0,0,0,0,0,0,39,10,0,0,49,49,0,39,10,0,0
TOTAL (UTs),2008,Divorce,0,0,0,1,0,1,0,0,0,0,0,0,1,0,0,0,1,0
TOTAL (UTs),2008,Drug Abuse/Addiction,0,14,10,1,0,25,0,2,1,1,0,4,29,0,16,11,2,0
TOTAL (UTs),2008,Failure in Examination,9,32,1,0,1,43,4,26,4,0,0,34,77,13,58,5,0,1
TOTAL (UTs),2008,Fall in Social Reputation,0,4,11,5,1,21,0,0,3,0,0,3,24,0,4,14,5,1
TOTAL (UTs),2008,Family Problems,5,101,115,73,11,305,0,142,69,12,2,225,530,5,243,184,85,13
TOTAL (UTs),2008,Ideological Causes/Hero Worshipping,0,0,1,0,0,1,0,0,0,0,0,0,1,0,0,1,0,0
TOTAL (UTs),2008,Illegitimate Pregnancy,0,0,0,0,0,0,2,1,0,0,0,3,3,2,1,0,0,0
TOTAL (UTs),2008,Love Affairs,0,42,2,0,0,44,1,41,1,0,0,43,87,1,83,3,0,0
TOTAL (UTs),2008,"Physical Abuse (Rape,Incest Etc.)",0,0,0,0,0,0,0,1,0,0,0,1,1,0,1,0,0,0
TOTAL (UTs),2008,Poverty,0,9,10,1,0,20,1,3,1,1,0,6,26,1,12,11,2,0
TOTAL (UTs),2008,Professional/Career Problem,0,8,5,2,0,15,0,3,0,1,0,4,19,0,11,5,3,0
TOTAL (UTs),2008,Property Dispute,0,6,7,3,2,18,0,0,2,0,0,2,20,0,6,9,3,2
TOTAL (UTs),2008,Unemployment,0,33,19,3,0,55,0,2,1,0,0,3,58,0,35,20,3,0
TOTAL (UTs),2008,Causes Not known,3,149,134,41,12,339,3,106,38,11,3,161,500,6,255,172,52,15
TOTAL (UTs),2008,Other Causes,1,74,58,18,11,162,4,48,14,5,5,76,238,5,122,72,23,16
TOTAL (UTs),2008,Total,19,529,474,242,67,1331,18,507,187,48,24,784,2115,37,1036,661,290,91
TOTAL (UTs),2008,Total Illness,1,32,84,80,27,224,2,53,34,13,13,115,339,3,85,118,93,40
TOTAL (UTs),2009,Bankruptcy,0,3,7,4,2,16,0,2,0,0,1,3,19,0,5,7,4,3
TOTAL (UTs),2009,Suspected/Illicit Relation,0,4,3,0,0,7,0,7,1,0,0,8,15,0,11,4,0,0
TOTAL (UTs),2009,Cancellation/Non-Settlement of Marriage,0,8,9,0,0,17,2,10,3,0,0,15,32,2,18,12,0,0
TOTAL (UTs),2009,Infertility,0,0,3,1,0,4,0,3,6,0,0,9,13,0,3,9,1,0
TOTAL (UTs),2009,Illness (Aids/STD),0,1,1,1,0,3,0,0,1,0,0,1,4,0,1,2,1,0
TOTAL (UTs),2009,Cancer,0,1,0,2,2,5,0,1,0,2,0,3,8,0,2,0,4,2
TOTAL (UTs),2009,Paralysis,0,0,0,0,0,0,0,0,0,0,0,0,0,0,0,0,0,0
TOTAL (UTs),2009,Insanity/Mental Illness,0,22,16,12,7,57,1,2,11,5,3,22,79,1,24,27,17,10
TOTAL (UTs),2009,Other Prolonged Illness,1,31,43,52,24,151,1,33,14,18,14,80,231,2,64,57,70,38
TOTAL (UTs),2009,Death of Dear Person,0,3,5,1,4,13,0,5,4,0,0,9,22,0,8,9,1,4
TOTAL (UTs),2009,Dowry Dispute,0,0,1,0,0,1,0,42,7,0,0,49,50,0,42,8,0,0
TOTAL (UTs),2009,Divorce,0,2,0,0,0,2,0,2,0,0,0,2,4,0,4,0,0,0
TOTAL (UTs),2009,Drug Abuse/Addiction,0,16,17,5,0,38,0,0,0,0,0,0,38,0,16,17,5,0
TOTAL (UTs),2009,Failure in Examination,4,26,0,0,0,30,1,29,1,0,0,31,61,5,55,1,0,0
TOTAL (UTs),2009,Fall in Social Reputation,0,1,0,1,0,2,0,2,0,0,0,2,4,0,3,0,1,0
TOTAL (UTs),2009,Family Problems,2,141,126,76,14,359,8,148,68,17,4,245,604,10,289,194,93,18
TOTAL (UTs),2009,Ideological Causes/Hero Worshipping,0,0,0,0,0,0,0,0,0,0,0,0,0,0,0,0,0,0
TOTAL (UTs),2009,Illegitimate Pregnancy,0,0,0,0,0,0,0,0,0,0,0,0,0,0,0,0,0,0
TOTAL (UTs),2009,Love Affairs,0,36,1,0,1,38,3,41,0,0,0,44,82,3,77,1,0,1
TOTAL (UTs),2009,"Physical Abuse (Rape,Incest Etc.)",0,0,2,1,1,4,0,0,0,0,0,0,4,0,0,2,1,1
TOTAL (UTs),2009,Poverty,0,8,10,4,0,22,1,7,2,2,1,13,35,1,15,12,6,1
TOTAL (UTs),2009,Professional/Career Problem,0,12,8,6,0,26,0,4,0,0,0,4,30,0,16,8,6,0
TOTAL (UTs),2009,Property Dispute,0,2,1,1,0,4,0,2,0,0,0,2,6,0,4,1,1,0
TOTAL (UTs),2009,Unemployment,0,43,14,3,0,60,0,5,1,0,0,6,66,0,48,15,3,0
TOTAL (UTs),2009,Causes Not known,6,153,107,45,19,330,4,111,50,12,3,180,510,10,264,157,57,22
TOTAL (UTs),2009,Other Causes,5,100,96,40,4,245,11,59,34,11,4,119,364,16,159,130,51,8
TOTAL (UTs),2009,Total,18,613,470,255,78,1434,32,515,203,67,30,847,2281,50,1128,673,322,108
TOTAL (UTs),2009,Total Illness,1,55,60,67,33,216,2,36,26,25,17,106,322,3,91,86,92,50
TOTAL (UTs),2010,Bankruptcy,0,4,6,3,2,15,0,0,1,1,0,2,17,0,4,7,4,2
TOTAL (UTs),2010,Suspected/Illicit Relation,0,3,3,1,0,7,0,3,3,0,0,6,13,0,6,6,1,0
TOTAL (UTs),2010,Cancellation/Non-Settlement of Marriage,0,7,9,0,0,16,0,10,7,0,0,17,33,0,17,16,0,0
TOTAL (UTs),2010,Infertility,0,1,1,0,0,2,0,3,1,1,0,5,7,0,4,2,1,0
TOTAL (UTs),2010,Illness (Aids/STD),0,2,3,1,0,6,0,2,1,0,0,3,9,0,4,4,1,0
TOTAL (UTs),2010,Cancer,0,1,1,1,1,4,0,0,1,1,0,2,6,0,1,2,2,1
TOTAL (UTs),2010,Paralysis,0,0,2,1,0,3,0,0,0,0,0,0,3,0,0,2,1,0
TOTAL (UTs),2010,Insanity/Mental Illness,2,22,29,14,6,73,0,8,11,2,1,22,95,2,30,40,16,7
TOTAL (UTs),2010,Other Prolonged Illness,0,26,45,42,22,135,2,41,14,9,14,80,215,2,67,59,51,36
TOTAL (UTs),2010,Death of Dear Person,0,5,4,5,2,16,1,10,3,2,0,16,32,1,15,7,7,2
TOTAL (UTs),2010,Dowry Dispute,0,0,0,0,0,0,0,29,5,0,0,34,34,0,29,5,0,0
TOTAL (UTs),2010,Divorce,0,0,0,0,0,0,0,0,2,0,0,2,2,0,0,2,0,0
TOTAL (UTs),2010,Drug Abuse/Addiction,1,10,10,5,2,28,0,0,1,1,0,2,30,1,10,11,6,2
TOTAL (UTs),2010,Failure in Examination,2,20,2,0,0,24,4,23,1,0,0,28,52,6,43,3,0,0
TOTAL (UTs),2010,Fall in Social Reputation,0,10,6,3,1,20,1,11,5,3,0,20,40,1,21,11,6,1
TOTAL (UTs),2010,Family Problems,2,105,145,74,11,337,5,142,77,14,6,244,581,7,247,222,88,17
TOTAL (UTs),2010,Ideological Causes/Hero Worshipping,0,0,0,0,0,0,0,0,0,0,0,0,0,0,0,0,0,0
TOTAL (UTs),2010,Illegitimate Pregnancy,0,0,0,0,0,0,0,0,0,0,0,0,0,0,0,0,0,0
TOTAL (UTs),2010,Love Affairs,1,37,4,0,0,42,0,31,2,1,0,34,76,1,68,6,1,0
TOTAL (UTs),2010,"Physical Abuse (Rape,Incest Etc.)",0,1,0,0,0,1,1,2,1,0,0,4,5,1,3,1,0,0
TOTAL (UTs),2010,Poverty,0,9,11,7,0,27,0,8,1,1,0,10,37,0,17,12,8,0
TOTAL (UTs),2010,Professional/Career Problem,0,3,4,2,0,9,0,0,0,0,0,0,9,0,3,4,2,0
TOTAL (UTs),2010,Property Dispute,0,4,7,1,0,12,0,0,0,0,0,0,12,0,4,7,1,0
TOTAL (UTs),2010,Unemployment,0,32,18,3,0,53,0,3,0,0,0,3,56,0,35,18,3,0
TOTAL (UTs),2010,Causes Not known,7,195,154,59,34,449,13,145,50,14,4,226,675,20,340,204,73,38
TOTAL (UTs),2010,Other Causes,10,77,79,33,15,214,2,72,33,6,7,120,334,12,149,112,39,22
TOTAL (UTs),2010,Total,25,574,543,255,96,1493,29,543,220,56,32,880,2373,54,1117,763,311,128
TOTAL (UTs),2010,Total Illness,2,51,80,59,29,221,2,51,27,12,15,107,328,4,102,107,71,44
TOTAL (UTs),2011,Bankruptcy,0,3,22,5,1,31,0,2,0,2,0,4,35,0,5,22,7,1
TOTAL (UTs),2011,Suspected/Illicit Relation,0,8,2,0,0,10,0,16,0,0,0,16,26,0,24,2,0,0
TOTAL (UTs),2011,Cancellation/Non-Settlement of Marriage,0,23,1,0,0,24,0,5,1,0,0,6,30,0,28,2,0,0
TOTAL (UTs),2011,Infertility,0,5,2,4,0,11,1,3,4,0,1,9,20,1,8,6,4,1
TOTAL (UTs),2011,Illness (Aids/STD),0,0,0,0,1,1,0,0,0,0,0,0,1,0,0,0,0,1
TOTAL (UTs),2011,Cancer,0,1,1,2,0,4,1,0,0,0,0,1,5,1,1,1,2,0
TOTAL (UTs),2011,Paralysis,0,0,0,4,0,4,0,0,0,0,0,0,4,0,0,0,4,0
TOTAL (UTs),2011,Insanity/Mental Illness,0,17,29,17,5,68,1,18,8,7,4,38,106,1,35,37,24,9
TOTAL (UTs),2011,Other Prolonged Illness,0,34,63,77,29,203,2,28,30,12,14,86,289,2,62,93,89,43
TOTAL (UTs),2011,Death of Dear Person,0,2,3,4,1,10,0,1,1,0,0,2,12,0,3,4,4,1
TOTAL (UTs),2011,Dowry Dispute,0,2,1,0,0,3,0,20,6,0,0,26,29,0,22,7,0,0
TOTAL (UTs),2011,Divorce,0,2,0,0,0,2,0,2,0,0,0,2,4,0,4,0,0,0
TOTAL (UTs),2011,Drug Abuse/Addiction,2,17,17,9,1,46,0,4,5,2,0,11,57,2,21,22,11,1
TOTAL (UTs),2011,Failure in Examination,3,29,0,0,0,32,2,17,0,0,0,19,51,5,46,0,0,0
TOTAL (UTs),2011,Fall in Social Reputation,0,3,3,3,2,11,0,3,0,0,0,3,14,0,6,3,3,2
TOTAL (UTs),2011,Family Problems,4,181,177,60,18,440,7,148,63,16,4,238,678,11,329,240,76,22
TOTAL (UTs),2011,Ideological Causes/Hero Worshipping,0,1,0,0,0,1,0,0,0,0,0,0,1,0,1,0,0,0
TOTAL (UTs),2011,Illegitimate Pregnancy,0,0,0,0,0,0,0,3,0,0,0,3,3,0,3,0,0,0
TOTAL (UTs),2011,Love Affairs,0,40,3,0,0,43,1,30,2,0,0,33,76,1,70,5,0,0
TOTAL (UTs),2011,"Physical Abuse (Rape,Incest Etc.)",0,0,0,0,0,0,0,0,0,0,0,0,0,0,0,0,0,0
TOTAL (UTs),2011,Poverty,0,10,10,1,0,21,0,2,0,0,0,2,23,0,12,10,1,0
TOTAL (UTs),2011,Professional/Career Problem,0,3,6,3,0,12,0,3,1,0,0,4,16,0,6,7,3,0
TOTAL (UTs),2011,Property Dispute,0,18,12,0,0,30,0,3,0,0,0,3,33,0,21,12,0,0
TOTAL (UTs),2011,Unemployment,0,38,15,4,0,57,0,10,0,0,0,10,67,0,48,15,4,0
TOTAL (UTs),2011,Causes Not known,11,241,125,51,13,441,11,117,49,21,3,201,642,22,358,174,72,16
TOTAL (UTs),2011,Other Causes,2,119,87,51,10,269,4,70,30,8,7,119,388,6,189,117,59,17
TOTAL (UTs),2011,Total,22,797,579,295,81,1774,30,505,200,68,33,836,2610,52,1302,779,363,114
TOTAL (UTs),2011,Total Illness,0,52,93,100,35,280,4,46,38,19,18,125,405,4,98,131,119,53
TOTAL (UTs),2012,Bankruptcy,0,3,14,1,0,18,1,3,0,0,0,4,22,1,6,14,1,0
TOTAL (UTs),2012,Suspected/Illicit Relation,0,3,4,2,0,9,0,2,3,0,0,5,14,0,5,7,2,0
TOTAL (UTs),2012,Cancellation/Non-Settlement of Marriage,0,6,10,0,0,16,0,5,2,1,0,8,24,0,11,12,1,0
TOTAL (UTs),2012,Infertility,0,0,1,3,0,4,0,3,0,0,0,3,7,0,3,1,3,0
TOTAL (UTs),2012,Illness (Aids/STD),0,0,0,0,0,0,0,0,0,0,0,0,0,0,0,0,0,0
TOTAL (UTs),2012,Cancer,0,1,0,4,1,6,0,0,0,0,0,0,6,0,1,0,4,1
TOTAL (UTs),2012,Paralysis,0,0,4,3,3,10,0,0,0,0,0,0,10,0,0,4,3,3
TOTAL (UTs),2012,Insanity/Mental Illness,2,14,22,15,6,59,1,9,9,4,2,25,84,3,23,31,19,8
TOTAL (UTs),2012,Other Prolonged Illness,2,24,58,61,34,179,2,38,28,15,14,97,276,4,62,86,76,48
TOTAL (UTs),2012,Death of Dear Person,0,4,3,3,2,12,0,4,5,1,1,11,23,0,8,8,4,3
TOTAL (UTs),2012,Dowry Dispute,0,0,1,0,0,1,0,48,9,3,0,60,61,0,48,10,3,0
TOTAL (UTs),2012,Divorce,0,2,0,1,0,3,0,1,1,0,0,2,5,0,3,1,1,0
TOTAL (UTs),2012,Drug Abuse/Addiction,1,26,20,4,0,51,0,0,0,0,0,0,51,1,26,20,4,0
TOTAL (UTs),2012,Failure in Examination,9,44,0,0,0,53,10,33,1,0,0,44,97,19,77,1,0,0
TOTAL (UTs),2012,Fall in Social Reputation,0,10,7,2,3,22,0,2,3,2,0,7,29,0,12,10,4,3
TOTAL (UTs),2012,Family Problems,4,172,187,63,16,442,3,133,86,15,10,247,689,7,305,273,78,26
TOTAL (UTs),2012,Ideological Causes/Hero Worshipping,0,0,0,0,0,0,0,0,0,0,0,0,0,0,0,0,0,0
TOTAL (UTs),2012,Illegitimate Pregnancy,0,0,0,0,0,0,0,0,0,0,0,0,0,0,0,0,0,0
TOTAL (UTs),2012,Love Affairs,0,52,2,0,0,54,4,52,2,0,0,58,112,4,104,4,0,0
TOTAL (UTs),2012,"Physical Abuse (Rape,Incest Etc.)",0,0,0,0,0,0,0,0,0,0,0,0,0,0,0,0,0,0
TOTAL (UTs),2012,Poverty,0,23,10,9,0,42,0,8,4,0,0,12,54,0,31,14,9,0
TOTAL (UTs),2012,Professional/Career Problem,0,5,1,1,0,7,0,1,0,0,0,1,8,0,6,1,1,0
TOTAL (UTs),2012,Property Dispute,0,3,3,0,0,6,0,2,0,0,1,3,9,0,5,3,0,1
TOTAL (UTs),2012,Unemployment,0,61,33,2,0,96,0,6,2,1,0,9,105,0,67,35,3,0
TOTAL (UTs),2012,Causes Not known,8,252,185,68,15,528,13,135,59,15,2,224,752,21,387,244,83,17
TOTAL (UTs),2012,Other Causes,5,86,75,37,19,222,4,70,26,9,9,118,340,9,156,101,46,28
TOTAL (UTs),2012,Total,31,791,640,279,99,1840,38,555,240,66,39,938,2778,69,1346,880,345,138
TOTAL (UTs),2012,Total Illness,4,39,84,83,44,254,3,47,37,19,16,122,376,7,86,121,102,60
TOTAL (ALL INDIA),2001,Bankruptcy,4,373,1032,817,197,2423,7,112,202,139,35,495,2918,11,485,1234,956,232
TOTAL (ALL INDIA),2001,Suspected/Illicit Relation,6,232,217,75,10,540,12,391,242,15,0,660,1200,18,623,459,90,10
TOTAL (ALL INDIA),2001,Cancellation/Non-Settlement of Marriage,1,254,119,16,2,392,9,406,111,6,0,532,924,10,660,230,22,2
TOTAL (ALL INDIA),2001,Infertility,0,47,86,25,9,167,1,267,246,93,3,610,777,1,314,332,118,12
TOTAL (ALL INDIA),2001,Illness (Aids/STD),1,166,136,135,20,458,5,139,97,29,13,283,741,6,305,233,164,33
TOTAL (ALL INDIA),2001,Cancer,0,56,163,212,108,539,1,29,72,98,41,241,780,1,85,235,310,149
TOTAL (ALL INDIA),2001,Paralysis,2,63,109,200,143,517,2,47,50,101,55,255,772,4,110,159,301,198
TOTAL (ALL INDIA),2001,Insanity/Mental Illness,41,948,1332,922,434,3677,43,682,710,466,280,2181,5858,84,1630,2042,1388,714
TOTAL (ALL INDIA),2001,Other Prolonged Illness,108,2317,3280,3020,1520,10245,126,1935,1729,1238,674,5702,15947,234,4252,5009,4258,2194
TOTAL (ALL INDIA),2001,Death of Dear Person,6,107,145,109,74,441,13,179,136,69,33,430,871,19,286,281,178,107
TOTAL (ALL INDIA),2001,Dowry Dispute,0,26,16,2,0,44,1,1784,562,23,0,2370,2414,1,1810,578,25,0
TOTAL (ALL INDIA),2001,Divorce,0,26,56,28,11,121,0,105,66,22,2,195,316,0,131,122,50,13
TOTAL (ALL INDIA),2001,Drug Abuse/Addiction,13,339,588,333,64,1337,6,33,18,16,4,77,1414,19,372,606,349,68
TOTAL (ALL INDIA),2001,Failure in Examination,224,887,59,8,0,1178,163,684,34,3,0,884,2062,387,1571,93,11,0
TOTAL (ALL INDIA),2001,Fall in Social Reputation,11,235,253,197,82,778,8,186,153,50,34,431,1209,19,421,406,247,116
TOTAL (ALL INDIA),2001,Family Problems,170,4437,5310,3044,938,13899,195,4616,3601,1397,454,10263,24162,365,9053,8911,4441,1392
TOTAL (ALL INDIA),2001,Ideological Causes/Hero Worshipping,1,18,15,20,1,55,0,33,10,6,0,49,104,1,51,25,26,1
TOTAL (ALL INDIA),2001,Illegitimate Pregnancy,0,21,9,0,0,30,5,244,83,7,0,339,369,5,265,92,7,0
TOTAL (ALL INDIA),2001,Love Affairs,26,1130,401,43,1,1601,71,1142,273,27,0,1513,3114,97,2272,674,70,1
TOTAL (ALL INDIA),2001,"Physical Abuse (Rape,Incest Etc.)",1,43,34,23,8,109,10,173,69,11,4,267,376,11,216,103,34,12
TOTAL (ALL INDIA),2001,Poverty,16,442,752,440,149,1799,15,238,282,175,40,750,2549,31,680,1034,615,189
TOTAL (ALL INDIA),2001,Professional/Career Problem,2,207,318,173,56,756,0,40,34,24,3,101,857,2,247,352,197,59
TOTAL (ALL INDIA),2001,Property Dispute,11,269,419,366,134,1199,1,108,153,82,56,400,1599,12,377,572,448,190
TOTAL (ALL INDIA),2001,Unemployment,8,987,946,338,31,2310,4,194,142,64,20,424,2734,12,1181,1088,402,51
TOTAL (ALL INDIA),2001,Causes Not known,484,3908,4781,2773,1081,13027,441,3149,2340,1144,484,7558,20585,925,7057,7121,3917,1565
TOTAL (ALL INDIA),2001,Other Causes,362,2443,2927,2089,851,8672,370,2013,1530,866,403,5182,13854,732,4456,4457,2955,1254
TOTAL (ALL INDIA),2001,Total,1498,19981,23503,15408,5924,66314,1509,18929,12945,6171,2638,42192,108506,3007,38910,36448,21579,8562
TOTAL (ALL INDIA),2001,Total Illness,152,3550,5020,4489,2225,15436,177,2832,2658,1932,1063,8662,24098,329,6382,7678,6421,3288
TOTAL (ALL INDIA),2002,Bankruptcy,7,374,944,718,254,2297,10,95,149,80,24,358,2655,17,469,1093,798,278
TOTAL (ALL INDIA),2002,Suspected/Illicit Relation,3,249,217,93,2,564,2,446,288,48,10,794,1358,5,695,505,141,12
TOTAL (ALL INDIA),2002,Cancellation/Non-Settlement of Marriage,0,261,117,21,0,399,0,402,136,26,0,564,963,0,663,253,47,0
TOTAL (ALL INDIA),2002,Infertility,0,56,97,60,9,222,3,241,236,64,0,544,766,3,297,333,124,9
TOTAL (ALL INDIA),2002,Illness (Aids/STD),6,103,195,95,47,446,5,89,104,21,23,242,688,11,192,299,116,70
TOTAL (ALL INDIA),2002,Cancer,1,52,175,226,133,587,4,39,101,119,44,307,894,5,91,276,345,177
TOTAL (ALL INDIA),2002,Paralysis,0,63,109,133,137,442,0,49,39,83,35,206,648,0,112,148,216,172
TOTAL (ALL INDIA),2002,Insanity/Mental Illness,39,1148,1526,982,467,4162,45,713,799,483,238,2278,6440,84,1861,2325,1465,705
TOTAL (ALL INDIA),2002,Other Prolonged Illness,77,2414,3776,3291,1814,11372,144,1992,1821,1255,712,5924,17296,221,4406,5597,4546,2526
TOTAL (ALL INDIA),2002,Death of Dear Person,5,109,137,91,49,391,6,128,88,59,29,310,701,11,237,225,150,78
TOTAL (ALL INDIA),2002,Dowry Dispute,0,18,10,4,0,32,116,1712,508,39,3,2378,2410,116,1730,518,43,3
TOTAL (ALL INDIA),2002,Divorce,0,29,37,14,5,85,0,132,104,26,1,263,348,0,161,141,40,6
TOTAL (ALL INDIA),2002,Drug Abuse/Addiction,5,403,717,400,74,1599,8,40,30,21,11,110,1709,13,443,747,421,85
TOTAL (ALL INDIA),2002,Failure in Examination,181,1016,68,3,0,1268,176,754,50,2,0,982,2250,357,1770,118,5,0
TOTAL (ALL INDIA),2002,Fall in Social Reputation,20,155,236,146,38,595,3,119,105,37,15,279,874,23,274,341,183,53
TOTAL (ALL INDIA),2002,Family Problems,190,4537,5672,3249,1104,14752,251,4780,3422,1421,459,10333,25085,441,9317,9094,4670,1563
TOTAL (ALL INDIA),2002,Ideological Causes/Hero Worshipping,0,19,10,13,9,51,0,14,11,7,4,36,87,0,33,21,20,13
TOTAL (ALL INDIA),2002,Illegitimate Pregnancy,0,7,0,1,0,8,9,166,79,5,0,259,267,9,173,79,6,0
TOTAL (ALL INDIA),2002,Love Affairs,5,1132,448,35,2,1622,58,1076,324,21,0,1479,3101,63,2208,772,56,2
TOTAL (ALL INDIA),2002,"Physical Abuse (Rape,Incest Etc.)",0,76,63,30,6,175,18,140,72,19,6,255,430,18,216,135,49,12
TOTAL (ALL INDIA),2002,Poverty,14,455,710,548,133,1860,9,205,214,120,40,588,2448,23,660,924,668,173
TOTAL (ALL INDIA),2002,Professional/Career Problem,0,224,325,176,30,755,3,108,75,24,6,216,971,3,332,400,200,36
TOTAL (ALL INDIA),2002,Property Dispute,7,186,358,349,65,965,0,82,106,69,31,288,1253,7,268,464,418,96
TOTAL (ALL INDIA),2002,Unemployment,4,876,839,241,19,1979,2,136,97,35,0,270,2249,6,1012,936,276,19
TOTAL (ALL INDIA),2002,Causes Not known,391,4135,4540,2894,1168,13128,360,2605,2051,1091,471,6578,19706,751,6740,6591,3985,1639
TOTAL (ALL INDIA),2002,Other Causes,351,2820,3485,2142,778,9576,342,2108,1692,727,375,5244,14820,693,4928,5177,2869,1153
TOTAL (ALL INDIA),2002,Total,1306,20917,24811,15955,6343,69332,1574,18371,12701,5902,2537,41085,110417,2880,39288,37512,21857,8880
TOTAL (ALL INDIA),2002,Total Illness,123,3780,5781,4727,2598,17009,198,2882,2864,1961,1052,8957,25966,321,6662,8645,6688,3650
TOTAL (ALL INDIA),2003,Causes Not known,364,3885,4025,2467,1024,11765,328,2359,1742,1025,412,5866,17631,692,6244,5767,3492,1436
TOTAL (ALL INDIA),2003,Other Causes,332,3079,3305,2398,1009,10123,262,1969,1371,734,342,4678,14801,594,5048,4676,3132,1351
TOTAL (ALL INDIA),2003,Family Problems,185,4882,5892,3656,1163,15778,194,4623,3432,1686,595,10530,26308,379,9505,9324,5342,1758
TOTAL (ALL INDIA),2003,Failure in Examination,150,940,91,0,0,1181,164,866,43,1,0,1074,2255,314,1806,134,1,0
TOTAL (ALL INDIA),2003,Other Prolonged Illness,95,2241,3109,2888,1695,10028,110,1767,1805,1183,743,5608,15636,205,4008,4914,4071,2438
TOTAL (ALL INDIA),2003,Insanity/Mental Illness,42,1255,1739,1130,544,4710,58,802,875,598,280,2613,7323,100,2057,2614,1728,824
TOTAL (ALL INDIA),2003,Love Affairs,28,1465,577,61,1,2132,58,1351,421,34,0,1864,3996,86,2816,998,95,1
TOTAL (ALL INDIA),2003,Poverty,16,485,781,552,147,1981,16,218,253,133,70,690,2671,32,703,1034,685,217
TOTAL (ALL INDIA),2003,Fall in Social Reputation,8,152,252,141,40,593,17,138,99,56,9,319,912,25,290,351,197,49
TOTAL (ALL INDIA),2003,Bankruptcy,13,437,1053,775,237,2515,8,93,143,77,30,351,2866,21,530,1196,852,267
TOTAL (ALL INDIA),2003,"Physical Abuse (Rape,Incest Etc.)",6,65,92,41,23,227,14,150,74,28,10,276,503,20,215,166,69,33
TOTAL (ALL INDIA),2003,Death of Dear Person,6,187,179,155,56,583,12,194,135,59,27,427,1010,18,381,314,214,83
TOTAL (ALL INDIA),2003,Illness (Aids/STD),7,144,217,94,40,502,9,125,84,31,18,267,769,16,269,301,125,58
TOTAL (ALL INDIA),2003,Dowry Dispute,4,15,47,33,1,100,11,1732,555,47,2,2347,2447,15,1747,602,80,3
TOTAL (ALL INDIA),2003,Paralysis,7,50,85,102,86,330,7,47,41,58,31,184,514,14,97,126,160,117
TOTAL (ALL INDIA),2003,Suspected/Illicit Relation,5,239,231,98,8,581,5,403,267,34,1,710,1291,10,642,498,132,9
TOTAL (ALL INDIA),2003,Cancer,1,52,151,122,78,404,7,43,90,80,28,248,652,8,95,241,202,106
TOTAL (ALL INDIA),2003,Cancellation/Non-Settlement of Marriage,3,237,149,35,2,426,4,361,124,16,2,507,933,7,598,273,51,4
TOTAL (ALL INDIA),2003,Drug Abuse/Addiction,4,369,726,447,121,1667,2,45,29,15,5,96,1763,6,414,755,462,126
TOTAL (ALL INDIA),2003,Infertility,0,48,112,42,6,208,4,193,232,94,1,524,732,4,241,344,136,7
TOTAL (ALL INDIA),2003,Unemployment,0,910,859,299,39,2107,4,199,140,62,4,409,2516,4,1109,999,361,43
TOTAL (ALL INDIA),2003,Ideological Causes/Hero Worshipping,0,58,71,40,8,177,2,41,12,9,1,65,242,2,99,83,49,9
TOTAL (ALL INDIA),2003,Property Dispute,1,268,448,326,97,1140,1,100,142,105,27,375,1515,2,368,590,431,124
TOTAL (ALL INDIA),2003,Illegitimate Pregnancy,0,0,2,0,1,3,1,172,62,11,0,246,249,1,172,64,11,1
TOTAL (ALL INDIA),2003,Professional/Career Problem,1,222,423,191,30,867,0,58,57,23,3,141,1008,1,280,480,214,33
TOTAL (ALL INDIA),2003,Divorce,0,12,63,18,0,93,0,82,110,22,1,215,308,0,94,173,40,1
TOTAL (ALL INDIA),2003,Total,1278,21697,24679,16111,6456,70221,1298,18131,12338,6221,2642,40630,110851,2576,39828,37017,22332,9098
TOTAL (ALL INDIA),2003,Total Illness,152,3742,5301,4336,2443,15974,191,2784,2895,1950,1100,8920,24894,343,6526,8196,6286,3543
TOTAL (ALL INDIA),2004,Other Causes,467,3073,3733,2476,986,10735,394,2168,1557,910,431,5460,16195,861,5241,5290,3386,1417
TOTAL (ALL INDIA),2004,Causes Not known,342,3865,4515,2947,1162,12831,316,2519,1858,900,388,5981,18812,658,6384,6373,3847,1550
TOTAL (ALL INDIA),2004,Failure in Examination,223,1058,136,17,2,1436,233,773,51,3,0,1060,2496,456,1831,187,20,2
TOTAL (ALL INDIA),2004,Family Problems,192,4448,5956,3672,1056,15324,194,4660,3399,1470,484,10207,25531,386,9108,9355,5142,1540
TOTAL (ALL INDIA),2004,Other Prolonged Illness,87,2376,3387,2940,1795,10585,120,1896,1739,1255,746,5756,16341,207,4272,5126,4195,2541
TOTAL (ALL INDIA),2004,Insanity/Mental Illness,66,1253,1588,1203,551,4661,57,803,826,538,232,2456,7117,123,2056,2414,1741,783
TOTAL (ALL INDIA),2004,Love Affairs,22,1398,541,55,2,2018,58,1248,444,31,0,1781,3799,80,2646,985,86,2
TOTAL (ALL INDIA),2004,Poverty,10,575,974,766,214,2539,14,233,316,224,77,864,3403,24,808,1290,990,291
TOTAL (ALL INDIA),2004,Bankruptcy,12,435,1161,896,201,2705,8,97,141,90,22,358,3063,20,532,1302,986,223
TOTAL (ALL INDIA),2004,Death of Dear Person,7,127,138,106,64,442,10,114,94,58,31,307,749,17,241,232,164,95
TOTAL (ALL INDIA),2004,Property Dispute,14,271,490,336,118,1229,0,142,163,125,30,460,1689,14,413,653,461,148
TOTAL (ALL INDIA),2004,Illness (Aids/STD),3,129,213,75,34,454,7,93,80,24,10,214,668,10,222,293,99,44
TOTAL (ALL INDIA),2004,Dowry Dispute,0,27,17,7,2,53,10,2010,533,32,0,2585,2638,10,2037,550,39,2
TOTAL (ALL INDIA),2004,Fall in Social Reputation,4,176,179,108,39,506,5,94,68,32,5,204,710,9,270,247,140,44
TOTAL (ALL INDIA),2004,Suspected/Illicit Relation,2,287,211,50,3,553,6,403,214,39,1,663,1216,8,690,425,89,4
TOTAL (ALL INDIA),2004,Drug Abuse/Addiction,7,452,831,458,95,1843,0,37,34,11,2,84,1927,7,489,865,469,97
TOTAL (ALL INDIA),2004,Paralysis,4,30,68,117,104,323,2,51,51,41,36,181,504,6,81,119,158,140
TOTAL (ALL INDIA),2004,Illegitimate Pregnancy,0,5,4,2,0,11,6,121,61,5,0,193,204,6,126,65,7,0
TOTAL (ALL INDIA),2004,Cancellation/Non-Settlement of Marriage,2,197,103,18,1,321,1,350,86,4,0,441,762,3,547,189,22,1
TOTAL (ALL INDIA),2004,Ideological Causes/Hero Worshipping,1,13,22,7,6,49,2,20,9,0,1,32,81,3,33,31,7,7
TOTAL (ALL INDIA),2004,Infertility,1,50,95,51,6,203,1,202,235,51,2,491,694,2,252,330,102,8
TOTAL (ALL INDIA),2004,"Physical Abuse (Rape,Incest Etc.)",0,41,39,11,10,101,1,112,71,17,4,205,306,1,153,110,28,14
TOTAL (ALL INDIA),2004,Professional/Career Problem,0,259,369,224,38,890,1,49,57,31,4,142,1032,1,308,426,255,42
TOTAL (ALL INDIA),2004,Unemployment,1,983,840,302,25,2151,0,167,190,61,2,420,2571,1,1150,1030,363,27
TOTAL (ALL INDIA),2004,Cancer,0,54,178,195,136,563,0,28,70,108,53,259,822,0,82,248,303,189
TOTAL (ALL INDIA),2004,Divorce,0,35,62,26,2,125,0,129,99,14,0,242,367,0,164,161,40,2
TOTAL (ALL INDIA),2004,Total,1467,21617,25850,17065,6652,72651,1446,18519,12446,6074,2561,41046,113697,2913,40136,38296,23139,9213
TOTAL (ALL INDIA),2004,Total Illness,160,3842,5434,4530,2620,16586,186,2871,2766,1966,1077,8866,25452,346,6713,8200,6496,3697
TOTAL (ALL INDIA),2005,Bankruptcy,7,465,1090,920,206,2688,6,121,160,95,25,407,3095,13,586,1250,1015,231
TOTAL (ALL INDIA),2005,Suspected/Illicit Relation,7,253,210,81,11,562,24,369,225,39,1,658,1220,31,622,435,120,12
TOTAL (ALL INDIA),2005,Cancellation/Non-Settlement of Marriage,4,261,134,37,5,441,2,383,123,8,0,516,957,6,644,257,45,5
TOTAL (ALL INDIA),2005,Infertility,6,52,114,47,4,223,4,207,247,91,3,552,775,10,259,361,138,7
TOTAL (ALL INDIA),2005,Illness (Aids/STD),7,133,325,157,72,694,13,188,120,50,34,405,1099,20,321,445,207,106
TOTAL (ALL INDIA),2005,Cancer,5,53,126,201,127,512,4,17,43,90,82,236,748,9,70,169,291,209
TOTAL (ALL INDIA),2005,Paralysis,11,63,142,188,167,571,8,44,50,70,47,219,790,19,107,192,258,214
TOTAL (ALL INDIA),2005,Insanity/Mental Illness,33,1334,1757,1266,557,4947,40,845,832,623,317,2657,7604,73,2179,2589,1889,874
TOTAL (ALL INDIA),2005,Other Prolonged Illness,67,2085,2895,2655,1783,9485,96,1745,1544,1152,798,5335,14820,163,3830,4439,3807,2581
TOTAL (ALL INDIA),2005,Death of Dear Person,4,106,185,120,59,474,7,95,154,68,22,346,820,11,201,339,188,81
TOTAL (ALL INDIA),2005,Dowry Dispute,2,17,24,3,0,46,0,1727,536,39,3,2305,2351,2,1744,560,42,3
TOTAL (ALL INDIA),2005,Divorce,0,23,39,29,10,101,0,93,111,12,0,216,317,0,116,150,41,10
TOTAL (ALL INDIA),2005,Drug Abuse/Addiction,7,460,896,484,104,1951,2,30,28,10,11,81,2032,9,490,924,494,115
TOTAL (ALL INDIA),2005,Failure in Examination,185,1002,79,14,0,1280,265,687,43,6,2,1003,2283,450,1689,122,20,2
TOTAL (ALL INDIA),2005,Fall in Social Reputation,8,394,345,223,65,1035,11,263,171,63,29,537,1572,19,657,516,286,94
TOTAL (ALL INDIA),2005,Family Problems,161,4450,5876,3781,1089,15357,163,4625,3171,1577,548,10084,25441,324,9075,9047,5358,1637
TOTAL (ALL INDIA),2005,Ideological Causes/Hero Worshipping,5,29,45,42,20,141,1,40,18,10,5,74,215,6,69,63,52,25
TOTAL (ALL INDIA),2005,Illegitimate Pregnancy,1,4,2,0,0,7,3,116,41,4,0,164,171,4,120,43,4,0
TOTAL (ALL INDIA),2005,Love Affairs,37,1251,491,43,4,1826,59,1281,315,14,1,1670,3496,96,2532,806,57,5
TOTAL (ALL INDIA),2005,"Physical Abuse (Rape,Incest Etc.)",2,25,26,13,1,67,5,94,26,9,1,135,202,7,119,52,22,2
TOTAL (ALL INDIA),2005,Poverty,4,422,746,575,201,1948,9,187,225,126,53,600,2548,13,609,971,701,254
TOTAL (ALL INDIA),2005,Professional/Career Problem,0,185,311,154,16,666,1,27,31,5,5,69,735,1,212,342,159,21
TOTAL (ALL INDIA),2005,Property Dispute,3,200,463,457,91,1214,2,69,152,110,12,345,1559,5,269,615,567,103
TOTAL (ALL INDIA),2005,Unemployment,7,749,773,275,24,1828,8,146,134,50,6,344,2172,15,895,907,325,30
TOTAL (ALL INDIA),2005,Causes Not known,276,3901,4075,2626,911,11789,223,2494,1699,959,281,5656,17445,499,6395,5774,3585,1192
TOTAL (ALL INDIA),2005,Other Causes,479,3906,4763,2845,1070,13063,271,2518,2052,1109,434,6384,19447,750,6424,6815,3954,1504
TOTAL (ALL INDIA),2005,Total,1328,21823,25932,17236,6597,72916,1227,18411,12251,6389,2720,40998,113914,2555,40234,38183,23625,9317
TOTAL (ALL INDIA),2005,Total Illness,123,3668,5245,4467,2706,16209,161,2839,2589,1985,1278,8852,25061,284,6507,7834,6452,3984
TOTAL (ALL INDIA),2006,Bankruptcy,3,445,1174,1014,282,2918,3,114,171,87,27,402,3320,6,559,1345,1101,309
TOTAL (ALL INDIA),2006,Suspected/Illicit Relation,3,217,219,61,2,502,11,352,247,22,0,632,1134,14,569,466,83,2
TOTAL (ALL INDIA),2006,Cancellation/Non-Settlement of Marriage,0,226,113,9,1,349,0,395,110,10,1,516,865,0,621,223,19,2
TOTAL (ALL INDIA),2006,Infertility,0,45,88,45,8,186,0,204,208,42,2,456,642,0,249,296,87,10
TOTAL (ALL INDIA),2006,Illness (Aids/STD),1,135,246,82,40,504,11,128,112,28,10,289,793,12,263,358,110,50
TOTAL (ALL INDIA),2006,Cancer,0,50,129,201,144,524,2,25,81,78,37,223,747,2,75,210,279,181
TOTAL (ALL INDIA),2006,Paralysis,2,41,102,143,89,377,3,34,35,45,43,160,537,5,75,137,188,132
TOTAL (ALL INDIA),2006,Insanity/Mental Illness,45,1475,1878,1265,619,5282,69,877,899,575,343,2763,8045,114,2352,2777,1840,962
TOTAL (ALL INDIA),2006,Other Prolonged Illness,80,2314,3370,2937,1845,10546,117,2079,1799,1205,751,5951,16497,197,4393,5169,4142,2596
TOTAL (ALL INDIA),2006,Death of Dear Person,5,104,188,135,48,480,7,122,121,124,25,399,879,12,226,309,259,73
TOTAL (ALL INDIA),2006,Dowry Dispute,0,32,27,1,0,60,1,1720,533,21,1,2276,2336,1,1752,560,22,1
TOTAL (ALL INDIA),2006,Divorce,0,29,95,38,6,168,0,106,88,32,0,226,394,0,135,183,70,6
TOTAL (ALL INDIA),2006,Drug Abuse/Addiction,3,451,1045,482,116,2097,5,30,36,11,9,91,2188,8,481,1081,493,125
TOTAL (ALL INDIA),2006,Failure in Examination,242,1038,48,6,1,1335,270,747,23,3,0,1043,2378,512,1785,71,9,1
TOTAL (ALL INDIA),2006,Fall in Social Reputation,6,218,387,219,59,889,11,186,138,97,24,456,1345,17,404,525,316,83
TOTAL (ALL INDIA),2006,Family Problems,129,5366,7293,4440,1444,18672,166,5656,3874,1851,552,12099,30771,295,11022,11167,6291,1996
TOTAL (ALL INDIA),2006,Ideological Causes/Hero Worshipping,3,56,81,29,11,180,3,58,38,9,1,109,289,6,114,119,38,12
TOTAL (ALL INDIA),2006,Illegitimate Pregnancy,0,10,0,0,0,10,10,171,68,8,0,257,267,10,181,68,8,0
TOTAL (ALL INDIA),2006,Love Affairs,18,1542,599,36,0,2195,42,1458,350,18,1,1869,4064,60,3000,949,54,1
TOTAL (ALL INDIA),2006,"Physical Abuse (Rape,Incest Etc.)",1,23,39,20,3,86,9,130,80,6,4,229,315,10,153,119,26,7
TOTAL (ALL INDIA),2006,Poverty,14,375,914,547,145,1995,22,170,240,156,60,648,2643,36,545,1154,703,205
TOTAL (ALL INDIA),2006,Professional/Career Problem,0,206,461,235,53,955,0,42,60,30,4,136,1091,0,248,521,265,57
TOTAL (ALL INDIA),2006,Property Dispute,1,416,626,530,74,1647,2,108,228,240,19,597,2244,3,524,854,770,93
TOTAL (ALL INDIA),2006,Unemployment,1,752,686,211,14,1664,0,116,83,28,0,227,1891,1,868,769,239,14
TOTAL (ALL INDIA),2006,Causes Not known,298,4052,4151,2476,842,11819,249,2434,1641,737,279,5340,17159,547,6486,5792,3213,1121
TOTAL (ALL INDIA),2006,Other Causes,339,3139,3850,2183,751,10262,257,1997,1627,798,337,5016,15278,596,5136,5477,2981,1088
TOTAL (ALL INDIA),2006,Total,1194,22757,27809,17345,6597,75702,1270,19459,12890,6261,2530,42410,118112,2464,42216,40699,23606,9127
TOTAL (ALL INDIA),2006,Total Illness,128,4015,5725,4628,2737,17233,202,3143,2926,1931,1184,9386,26619,330,7158,8651,6559,3921
TOTAL (ALL INDIA),2007,Bankruptcy,2,439,1176,1051,342,3010,1,92,114,84,11,302,3312,3,531,1290,1135,353
TOTAL (ALL INDIA),2007,Suspected/Illicit Relation,11,246,242,81,6,586,10,381,291,30,1,713,1299,21,627,533,111,7
TOTAL (ALL INDIA),2007,Cancellation/Non-Settlement of Marriage,0,251,151,11,0,413,3,435,124,9,0,571,984,3,686,275,20,0
TOTAL (ALL INDIA),2007,Infertility,0,42,141,41,9,233,0,244,248,66,10,568,801,0,286,389,107,19
TOTAL (ALL INDIA),2007,Illness (Aids/STD),3,142,253,125,95,618,7,94,130,79,24,334,952,10,236,383,204,119
TOTAL (ALL INDIA),2007,Cancer,1,57,126,200,163,547,0,19,79,93,56,247,794,1,76,205,293,219
TOTAL (ALL INDIA),2007,Paralysis,0,27,78,118,104,327,1,25,50,51,42,169,496,1,52,128,169,146
TOTAL (ALL INDIA),2007,Insanity/Mental Illness,37,1445,2014,1575,540,5611,59,1014,1028,634,292,3027,8638,96,2459,3042,2209,832
TOTAL (ALL INDIA),2007,Other Prolonged Illness,72,2361,3301,3050,1816,10600,113,2041,1707,1197,794,5852,16452,185,4402,5008,4247,2610
TOTAL (ALL INDIA),2007,Death of Dear Person,4,93,132,94,41,364,10,145,115,59,26,355,719,14,238,247,153,67
TOTAL (ALL INDIA),2007,Dowry Dispute,0,22,14,0,2,38,13,2242,812,43,0,3110,3148,13,2264,826,43,2
TOTAL (ALL INDIA),2007,Divorce,0,23,75,30,2,130,0,88,95,22,0,205,335,0,111,170,52,2
TOTAL (ALL INDIA),2007,Drug Abuse/Addiction,9,523,1009,570,139,2250,1,32,28,15,6,82,2332,10,555,1037,585,145
TOTAL (ALL INDIA),2007,Failure in Examination,179,848,53,4,2,1086,179,684,19,8,0,890,1976,358,1532,72,12,2
TOTAL (ALL INDIA),2007,Fall in Social Reputation,5,212,296,138,44,695,1,194,152,49,14,410,1105,6,406,448,187,58
TOTAL (ALL INDIA),2007,Family Problems,145,5152,7173,4498,1368,18336,162,4871,3632,1739,498,10902,29238,307,10023,10805,6237,1866
TOTAL (ALL INDIA),2007,Ideological Causes/Hero Worshipping,0,45,75,32,9,161,2,60,27,10,1,100,261,2,105,102,42,10
TOTAL (ALL INDIA),2007,Illegitimate Pregnancy,0,6,2,5,1,14,3,107,33,1,0,144,158,3,113,35,6,1
TOTAL (ALL INDIA),2007,Love Affairs,17,1233,444,42,9,1745,75,1289,261,12,1,1638,3383,92,2522,705,54,10
TOTAL (ALL INDIA),2007,"Physical Abuse (Rape,Incest Etc.)",0,47,39,32,3,121,3,115,44,19,3,184,305,3,162,83,51,6
TOTAL (ALL INDIA),2007,Poverty,11,434,877,621,204,2147,27,209,254,139,33,662,2809,38,643,1131,760,237
TOTAL (ALL INDIA),2007,Professional/Career Problem,1,285,517,261,53,1117,4,58,55,35,4,156,1273,5,343,572,296,57
TOTAL (ALL INDIA),2007,Property Dispute,2,280,410,297,78,1067,2,106,120,90,26,344,1411,4,386,530,387,104
TOTAL (ALL INDIA),2007,Unemployment,2,993,834,262,24,2115,9,179,81,9,1,279,2394,11,1172,915,271,25
TOTAL (ALL INDIA),2007,Causes Not known,314,4495,4748,3266,1056,13879,300,2745,2058,1055,372,6530,20409,614,7240,6806,4321,1428
TOTAL (ALL INDIA),2007,Other Causes,369,3745,4371,2709,891,12085,310,2245,1724,910,379,5568,17653,679,5990,6095,3619,1270
TOTAL (ALL INDIA),2007,Total,1184,23446,28551,19113,7001,79295,1295,19714,13281,6458,2594,43342,122637,2479,43160,41832,25571,9595
TOTAL (ALL INDIA),2007,Total Illness,113,4032,5772,5068,2718,17703,180,3193,2994,2054,1208,9629,27332,293,7225,8766,7122,3926
TOTAL (ALL INDIA),2008,Bankruptcy,2,429,1144,877,229,2681,2,76,116,80,15,289,2970,4,505,1260,957,244
TOTAL (ALL INDIA),2008,Suspected/Illicit Relation,3,265,270,76,8,622,10,339,237,47,9,642,1264,13,604,507,123,17
TOTAL (ALL INDIA),2008,Cancellation/Non-Settlement of Marriage,4,261,146,28,2,441,7,376,114,9,2,508,949,11,637,260,37,4
TOTAL (ALL INDIA),2008,Infertility,0,31,178,41,6,256,0,173,270,43,1,487,743,0,204,448,84,7
TOTAL (ALL INDIA),2008,Illness (Aids/STD),1,57,204,221,94,577,0,37,105,70,26,238,815,1,94,309,291,120
TOTAL (ALL INDIA),2008,Cancer,0,32,125,222,130,509,2,18,70,104,38,232,741,2,50,195,326,168
TOTAL (ALL INDIA),2008,Paralysis,4,82,102,134,130,452,1,51,55,53,40,200,652,5,133,157,187,170
TOTAL (ALL INDIA),2008,Insanity/Mental Illness,51,1483,2039,1403,573,5549,62,1034,1045,694,315,3150,8699,113,2517,3084,2097,888
TOTAL (ALL INDIA),2008,Other Prolonged Illness,52,2523,3525,2973,1673,10746,94,2060,1880,1114,757,5905,16651,146,4583,5405,4087,2430
TOTAL (ALL INDIA),2008,Death of Dear Person,8,128,165,139,56,496,9,316,116,59,23,523,1019,17,444,281,198,79
TOTAL (ALL INDIA),2008,Dowry Dispute,2,31,19,4,1,57,10,2184,740,46,1,2981,3038,12,2215,759,50,2
TOTAL (ALL INDIA),2008,Divorce,1,23,89,42,0,155,0,121,108,26,0,255,410,1,144,197,68,0
TOTAL (ALL INDIA),2008,Drug Abuse/Addiction,5,637,1135,654,173,2604,2,31,54,30,9,126,2730,7,668,1189,684,182
TOTAL (ALL INDIA),2008,Failure in Examination,154,1011,53,10,3,1231,159,770,25,4,0,958,2189,313,1781,78,14,3
TOTAL (ALL INDIA),2008,Fall in Social Reputation,2,261,295,171,61,790,5,173,119,51,13,361,1151,7,434,414,222,74
TOTAL (ALL INDIA),2008,Family Problems,137,5215,7368,4434,1348,18502,193,4812,3995,1709,566,11275,29777,330,10027,11363,6143,1914
TOTAL (ALL INDIA),2008,Ideological Causes/Hero Worshipping,0,60,106,51,15,232,0,77,56,23,4,160,392,0,137,162,74,19
TOTAL (ALL INDIA),2008,Illegitimate Pregnancy,0,10,10,0,0,20,5,147,62,4,0,218,238,5,157,72,4,0
TOTAL (ALL INDIA),2008,Love Affairs,17,1417,435,39,4,1912,75,1468,291,27,1,1862,3774,92,2885,726,66,5
TOTAL (ALL INDIA),2008,"Physical Abuse (Rape,Incest Etc.)",1,32,47,16,4,100,6,168,71,21,1,267,367,7,200,118,37,5
TOTAL (ALL INDIA),2008,Poverty,5,467,907,691,206,2276,12,249,267,161,41,730,3006,17,716,1174,852,247
TOTAL (ALL INDIA),2008,Professional/Career Problem,0,248,427,288,68,1031,2,54,51,32,6,145,1176,2,302,478,320,74
TOTAL (ALL INDIA),2008,Property Dispute,6,226,435,312,79,1058,0,112,124,75,25,336,1394,6,338,559,387,104
TOTAL (ALL INDIA),2008,Unemployment,1,857,777,242,5,1882,2,120,63,13,0,198,2080,3,977,840,255,5
TOTAL (ALL INDIA),2008,Causes Not known,341,4628,4759,2943,1024,13695,309,2816,1983,936,385,6429,20124,650,7444,6742,3879,1409
TOTAL (ALL INDIA),2008,Other Causes,368,3982,4759,2808,753,12670,249,2474,2026,942,307,5998,18668,617,6456,6785,3750,1060
TOTAL (ALL INDIA),2008,Total,1165,24396,29519,18819,6645,80544,1216,20256,14043,6373,2585,44473,125017,2381,44652,43562,25192,9230
TOTAL (ALL INDIA),2008,Total Illness,108,4177,5995,4953,2600,17833,159,3200,3155,2035,1176,9725,27558,267,7377,9150,6988,3776
TOTAL (ALL INDIA),2009,Bankruptcy,5,450,1232,859,235,2781,11,126,153,74,17,381,3162,16,576,1385,933,252
TOTAL (ALL INDIA),2009,Suspected/Illicit Relation,3,228,197,66,6,500,12,383,229,42,14,680,1180,15,611,426,108,20
TOTAL (ALL INDIA),2009,Cancellation/Non-Settlement of Marriage,2,283,162,24,4,475,3,398,111,12,4,528,1003,5,681,273,36,8
TOTAL (ALL INDIA),2009,Infertility,0,40,107,62,7,216,4,206,204,43,7,464,680,4,246,311,105,14
TOTAL (ALL INDIA),2009,Illness (Aids/STD),1,129,197,106,59,492,3,60,70,40,12,185,677,4,189,267,146,71
TOTAL (ALL INDIA),2009,Cancer,0,61,136,223,171,591,4,31,71,94,50,250,841,4,92,207,317,221
TOTAL (ALL INDIA),2009,Paralysis,5,69,120,154,169,517,2,30,45,55,67,199,716,7,99,165,209,236
TOTAL (ALL INDIA),2009,Insanity/Mental Illness,65,1529,1837,1413,572,5416,43,969,1055,667,319,3053,8469,108,2498,2892,2080,891
TOTAL (ALL INDIA),2009,Other Prolonged Illness,70,2013,3168,3184,1936,10371,81,1818,1728,1200,830,5657,16028,151,3831,4896,4384,2766
TOTAL (ALL INDIA),2009,Death of Dear Person,6,119,177,94,64,460,14,155,106,47,21,343,803,20,274,283,141,85
TOTAL (ALL INDIA),2009,Dowry Dispute,1,29,33,11,0,74,10,2053,733,44,7,2847,2921,11,2082,766,55,7
TOTAL (ALL INDIA),2009,Divorce,1,50,63,37,1,152,2,60,81,31,5,179,331,3,110,144,68,6
TOTAL (ALL INDIA),2009,Drug Abuse/Addiction,7,682,1244,751,160,2844,2,29,37,18,12,98,2942,9,711,1281,769,172
TOTAL (ALL INDIA),2009,Failure in Examination,146,872,74,15,0,1107,145,719,33,6,0,903,2010,291,1591,107,21,0
TOTAL (ALL INDIA),2009,Fall in Social Reputation,3,180,260,173,56,672,11,184,161,79,16,451,1123,14,364,421,252,72
TOTAL (ALL INDIA),2009,Family Problems,164,5437,7259,4262,1319,18441,182,5194,3956,1773,536,11641,30082,346,10631,11215,6035,1855
TOTAL (ALL INDIA),2009,Ideological Causes/Hero Worshipping,1,21,17,76,1,116,0,9,2,1,0,12,128,1,30,19,77,1
TOTAL (ALL INDIA),2009,Illegitimate Pregnancy,0,0,0,0,0,0,6,91,39,5,0,141,141,6,91,39,5,0
TOTAL (ALL INDIA),2009,Love Affairs,34,1415,431,43,4,1927,92,1360,320,11,1,1784,3711,126,2775,751,54,5
TOTAL (ALL INDIA),2009,"Physical Abuse (Rape,Incest Etc.)",3,48,23,13,8,95,8,137,55,19,6,225,320,11,185,78,32,14
TOTAL (ALL INDIA),2009,Poverty,25,518,902,677,186,2308,11,216,231,158,63,679,2987,36,734,1133,835,249
TOTAL (ALL INDIA),2009,Professional/Career Problem,0,290,502,359,61,1212,0,53,61,26,2,142,1354,0,343,563,385,63
TOTAL (ALL INDIA),2009,Property Dispute,0,184,442,357,80,1063,0,69,89,49,13,220,1283,0,253,531,406,93
TOTAL (ALL INDIA),2009,Unemployment,9,986,816,326,28,2165,3,142,112,37,13,307,2472,12,1128,928,363,41
TOTAL (ALL INDIA),2009,Causes Not known,480,4269,5230,3176,1179,14334,323,2890,2196,1096,474,6979,21313,803,7159,7426,4272,1653
TOTAL (ALL INDIA),2009,Other Causes,470,3844,4706,3135,987,13142,478,2792,2275,1380,407,7332,20474,948,6636,6981,4515,1394
TOTAL (ALL INDIA),2009,Total,1501,23746,29335,19596,7293,81471,1450,20174,14153,7007,2896,45680,127151,2951,43920,43488,26603,10189
TOTAL (ALL INDIA),2009,Total Illness,141,3801,5458,5080,2907,17387,133,2908,2969,2056,1278,9344,26731,274,6709,8427,7136,4185
TOTAL (ALL INDIA),2010,Bankruptcy,2,454,984,752,203,2395,4,86,132,67,25,314,2709,6,540,1116,819,228
TOTAL (ALL INDIA),2010,Suspected/Illicit Relation,5,242,252,64,9,572,17,439,267,40,1,764,1336,22,681,519,104,10
TOTAL (ALL INDIA),2010,Cancellation/Non-Settlement of Marriage,1,319,170,19,1,510,0,375,125,16,1,517,1027,1,694,295,35,2
TOTAL (ALL INDIA),2010,Infertility,0,47,79,50,13,189,4,217,204,44,8,477,666,4,264,283,94,21
TOTAL (ALL INDIA),2010,Illness (Aids/STD),3,102,152,97,27,381,1,55,63,28,17,164,545,4,157,215,125,44
TOTAL (ALL INDIA),2010,Cancer,0,43,150,247,120,560,1,44,89,97,37,268,828,1,87,239,344,157
TOTAL (ALL INDIA),2010,Paralysis,1,32,103,147,112,395,0,39,41,60,47,187,582,1,71,144,207,159
TOTAL (ALL INDIA),2010,Insanity/Mental Illness,83,1651,2111,1607,673,6125,86,1162,1077,669,346,3340,9465,169,2813,3188,2276,1019
TOTAL (ALL INDIA),2010,Other Prolonged Illness,84,2380,3299,3285,2023,11071,163,1880,1718,1314,898,5973,17044,247,4260,5017,4599,2921
TOTAL (ALL INDIA),2010,Death of Dear Person,72,152,165,136,69,594,20,184,126,63,48,441,1035,92,336,291,199,117
TOTAL (ALL INDIA),2010,Dowry Dispute,1,33,37,7,2,80,4,2122,838,43,6,3013,3093,5,2155,875,50,8
TOTAL (ALL INDIA),2010,Divorce,0,49,46,15,3,113,0,77,75,25,0,177,290,0,126,121,40,3
TOTAL (ALL INDIA),2010,Drug Abuse/Addiction,6,741,1398,861,232,3238,3,33,32,27,10,105,3343,9,774,1430,888,242
TOTAL (ALL INDIA),2010,Failure in Examination,159,1115,62,11,3,1350,158,942,28,1,0,1129,2479,317,2057,90,12,3
TOTAL (ALL INDIA),2010,Fall in Social Reputation,10,294,286,199,54,843,7,233,170,55,14,479,1322,17,527,456,254,68
TOTAL (ALL INDIA),2010,Family Problems,193,5755,7617,4756,1507,19828,190,5559,3831,1818,630,12028,31856,383,11314,11448,6574,2137
TOTAL (ALL INDIA),2010,Ideological Causes/Hero Worshipping,0,27,17,7,3,54,1,27,14,4,2,48,102,1,54,31,11,5
TOTAL (ALL INDIA),2010,Illegitimate Pregnancy,0,0,0,0,0,0,7,105,40,1,0,153,153,7,105,40,1,0
TOTAL (ALL INDIA),2010,Love Affairs,37,1599,524,55,1,2216,98,1499,332,20,1,1950,4166,135,3098,856,75,2
TOTAL (ALL INDIA),2010,"Physical Abuse (Rape,Incest Etc.)",2,37,25,12,1,77,13,127,62,20,2,224,301,15,164,87,32,3
TOTAL (ALL INDIA),2010,Poverty,21,558,885,712,214,2390,11,262,231,115,38,657,3047,32,820,1116,827,252
TOTAL (ALL INDIA),2010,Professional/Career Problem,5,247,358,233,27,870,2,37,41,16,0,96,966,7,284,399,249,27
TOTAL (ALL INDIA),2010,Property Dispute,1,340,543,383,140,1407,1,169,178,115,29,492,1899,2,509,721,498,169
TOTAL (ALL INDIA),2010,Unemployment,10,872,784,242,39,1947,10,141,103,20,1,275,2222,20,1013,887,262,40
TOTAL (ALL INDIA),2010,Causes Not known,455,4806,5444,3398,1323,15426,372,2881,2281,1255,470,7259,22685,827,7687,7725,4653,1793
TOTAL (ALL INDIA),2010,Other Causes,489,4492,4953,3473,1142,14549,317,2543,2304,1188,537,6889,21438,806,7035,7257,4661,1679
TOTAL (ALL INDIA),2010,Total,1640,26387,30444,20768,7941,87180,1490,21238,14402,7121,3168,47419,134599,3130,47625,44846,27889,11109
TOTAL (ALL INDIA),2010,Total Illness,171,4208,5815,5383,2955,18532,251,3180,2988,2168,1345,9932,28464,422,7388,8803,7551,4300
TOTAL (ALL INDIA),2011,Bankruptcy,0,445,1055,917,262,2679,4,85,130,67,18,304,2983,4,530,1185,984,280
TOTAL (ALL INDIA),2011,Suspected/Illicit Relation,6,313,272,117,16,724,15,388,230,34,4,671,1395,21,701,502,151,20
TOTAL (ALL INDIA),2011,Cancellation/Non-Settlement of Marriage,2,391,165,25,3,586,1,376,120,29,7,533,1119,3,767,285,54,10
TOTAL (ALL INDIA),2011,Infertility,0,63,132,43,8,246,1,197,215,45,3,461,707,1,260,347,88,11
TOTAL (ALL INDIA),2011,Illness (Aids/STD),2,49,154,61,42,308,4,28,58,36,17,143,451,6,77,212,97,59
TOTAL (ALL INDIA),2011,Cancer,0,31,107,191,107,436,1,11,43,86,47,188,624,1,42,150,277,154
TOTAL (ALL INDIA),2011,Paralysis,3,32,109,124,107,375,1,31,48,49,35,164,539,4,63,157,173,142
TOTAL (ALL INDIA),2011,Insanity/Mental Illness,34,1424,1944,1509,670,5581,58,1054,1091,709,309,3221,8802,92,2478,3035,2218,979
TOTAL (ALL INDIA),2011,Other Prolonged Illness,79,2146,3177,3090,1865,10357,80,1965,1699,1179,874,5797,16154,159,4111,4876,4269,2739
TOTAL (ALL INDIA),2011,Death of Dear Person,7,133,152,124,46,462,16,182,142,62,32,434,896,23,315,294,186,78
TOTAL (ALL INDIA),2011,Dowry Dispute,0,48,72,18,1,139,2,2037,965,96,0,3100,3239,2,2085,1037,114,1
TOTAL (ALL INDIA),2011,Divorce,1,64,112,58,2,237,0,86,110,14,1,211,448,1,150,222,72,3
TOTAL (ALL INDIA),2011,Drug Abuse/Addiction,8,920,1503,877,220,3528,1,43,40,36,10,130,3658,9,963,1543,913,230
TOTAL (ALL INDIA),2011,Failure in Examination,161,1112,54,9,1,1337,122,888,29,5,0,1044,2381,283,2000,83,14,1
TOTAL (ALL INDIA),2011,Fall in Social Reputation,1,133,326,202,29,691,3,205,172,72,17,469,1160,4,338,498,274,46
TOTAL (ALL INDIA),2011,Family Problems,145,5987,7940,4850,1423,20345,199,5781,4222,1809,553,12564,32909,344,11768,12162,6659,1976
TOTAL (ALL INDIA),2011,Ideological Causes/Hero Worshipping,2,5,12,4,2,25,4,6,6,0,0,16,41,6,11,18,4,2
TOTAL (ALL INDIA),2011,Illegitimate Pregnancy,0,0,0,0,0,0,10,129,39,6,0,184,184,10,129,39,6,0
TOTAL (ALL INDIA),2011,Love Affairs,136,1745,554,47,1,2483,79,1629,335,59,1,2103,4586,215,3374,889,106,2
TOTAL (ALL INDIA),2011,"Physical Abuse (Rape,Incest Etc.)",1,45,31,7,1,85,5,114,74,5,3,201,286,6,159,105,12,4
TOTAL (ALL INDIA),2011,Poverty,14,411,695,491,121,1732,9,176,221,119,25,550,2282,23,587,916,610,146
TOTAL (ALL INDIA),2011,Professional/Career Problem,3,257,450,260,34,1004,4,55,52,33,12,156,1160,7,312,502,293,46
TOTAL (ALL INDIA),2011,Property Dispute,0,255,444,371,65,1135,10,121,177,104,43,455,1590,10,376,621,475,108
TOTAL (ALL INDIA),2011,Unemployment,0,897,826,251,24,1998,3,172,107,50,3,335,2333,3,1069,933,301,27
TOTAL (ALL INDIA),2011,Causes Not known,439,4756,5809,3288,1416,15708,359,2796,2298,1331,532,7316,23024,798,7552,8107,4619,1948
TOTAL (ALL INDIA),2011,Other Causes,530,4942,5305,3573,1288,15638,470,2855,2192,994,485,6996,22634,1000,7797,7497,4567,1773
TOTAL (ALL INDIA),2011,Total,1574,26604,31400,20507,7754,87839,1461,21410,14815,7029,3031,47746,135585,3035,48014,46215,27536,10785
TOTAL (ALL INDIA),2011,Total Illness,118,3682,5491,4975,2791,17057,144,3089,2939,2059,1282,9513,26570,262,6771,8430,7034,4073
TOTAL (ALL INDIA),2012,Other Prolonged Illness,59,2004,3108,2968,1948,10087,78,1854,1710,1178,792,5612,15699,137,3858,4818,4146,2740
TOTAL (ALL INDIA),2012,Family Problems,141,5462,7541,4899,1494,19537,213,5122,3703,1674,543,11255,30792,354,10584,11244,6573,2037
TOTAL (ALL INDIA),2012,Other Causes,397,4222,4989,3411,1281,14300,362,2599,1984,1047,496,6488,20788,759,6821,6973,4458,1777
TOTAL (ALL INDIA),2012,Causes Not known,305,3843,4814,2801,1006,12769,255,2284,1565,917,386,5407,18176,560,6127,6379,3718,1392
TOTAL (ALL INDIA),2012,Insanity/Mental Illness,29,1416,1732,1276,703,5156,38,943,772,541,319,2613,7769,67,2359,2504,1817,1022
TOTAL (ALL INDIA),2012,Drug Abuse/Addiction,5,983,1618,1021,256,3883,3,35,47,33,7,125,4008,8,1018,1665,1054,263
TOTAL (ALL INDIA),2012,Bankruptcy,1,353,922,621,186,2083,2,69,97,62,44,274,2357,3,422,1019,683,230
TOTAL (ALL INDIA),2012,Paralysis,2,27,106,132,109,376,2,24,53,51,30,160,536,4,51,159,183,139
TOTAL (ALL INDIA),2012,Cancer,0,49,105,158,96,408,0,28,58,57,36,179,587,0,77,163,215,132
TOTAL (ALL INDIA),2012,Poverty,13,468,681,537,105,1804,5,154,187,117,24,487,2291,18,622,868,654,129
TOTAL (ALL INDIA),2012,Death of Dear Person,3,97,145,99,83,427,10,144,123,75,40,392,819,13,241,268,174,123
TOTAL (ALL INDIA),2012,Property Dispute,0,173,370,306,78,927,1,79,124,70,15,289,1216,1,252,494,376,93
TOTAL (ALL INDIA),2012,Illness (Aids/STD),3,55,150,145,44,397,2,34,38,34,20,128,525,5,89,188,179,64
TOTAL (ALL INDIA),2012,Unemployment,1,714,541,164,51,1471,2,126,83,44,5,260,1731,3,840,624,208,56
TOTAL (ALL INDIA),2012,Fall in Social Reputation,4,198,243,200,35,680,5,136,97,51,12,301,981,9,334,340,251,47
TOTAL (ALL INDIA),2012,Professional/Career Problem,0,221,374,197,43,835,3,46,32,13,2,96,931,3,267,406,210,45
TOTAL (ALL INDIA),2012,"Physical Abuse (Rape,Incest Etc.)",2,17,27,18,23,87,9,106,56,20,3,194,281,11,123,83,38,26
TOTAL (ALL INDIA),2012,Cancellation/Non-Settlement of Marriage,0,238,144,28,7,417,0,267,98,23,5,393,810,0,505,242,51,12
TOTAL (ALL INDIA),2012,Suspected/Illicit Relation,0,221,207,74,10,512,13,279,181,32,1,506,1018,13,500,388,106,11
TOTAL (ALL INDIA),2012,Infertility,1,32,92,40,7,172,1,193,190,46,3,433,605,2,225,282,86,10
TOTAL (ALL INDIA),2012,Ideological Causes/Hero Worshipping,5,50,26,17,3,101,1,39,23,8,4,75,176,6,89,49,25,7
TOTAL (ALL INDIA),2012,Divorce,0,38,51,26,3,118,0,72,69,8,2,151,269,0,110,120,34,5
TOTAL (ALL INDIA),2012,Love Affairs,26,1506,441,49,1,2023,82,1389,314,40,1,1826,3849,108,2895,755,89,2
TOTAL (ALL INDIA),2012,Dowry Dispute,1,21,15,4,0,41,2,1378,452,62,0,1894,1935,3,1399,467,66,0
TOTAL (ALL INDIA),2012,Failure in Examination,122,990,44,6,0,1162,104,925,55,0,0,1084,2246,226,1915,99,6,0
TOTAL (ALL INDIA),2012,Illegitimate Pregnancy,0,0,0,0,0,0,1,70,18,4,0,93,93,1,70,18,4,0
TOTAL (ALL INDIA),2012,Total,1120,23398,28486,19197,7572,79773,1194,18395,12129,6207,2790,40715,120488,2314,41793,40615,25404,10362
TOTAL (ALL INDIA),2012,Total Illness,93,3551,5201,4679,2900,16424,120,2883,2631,1861,1197,8692,25116,213,6434,7832,6540,4097